399.333984	964.832336
403.220703	948.082642
407.103516	926.229004
410.986328	917.720947
414.867188	896.471252
418.748047	933.167542
422.625	897.886047
426.501953	895.087585
430.375	905.04248
434.248047	908.624939
438.119141	880.930786
441.988281	883.86676
445.855469	895.110779
449.722656	911.477783
453.585938	874.14386
457.449219	868.764343
461.310547	876.180176
465.169922	900.249695
469.027344	862.204712
472.882813	862.577271
476.736328	862.94989
480.589844	879.357544
484.441406	864.978638
488.289063	874.339355
492.136719	882.423401
495.984375	882.161621
499.828125	883.184875
503.669922	880.350464
507.511719	874.29657
511.351563	851.503235
515.189453	880.845276
519.025391	854.169617
522.859375	888.048706
526.691406	872.957703
530.523438	884.943481
534.351563	864.03009
538.179688	865.692932
542.005859	882.856995
545.830078	881.944397
549.654297	875.859619
553.474609	878.176086
557.294922	896.020996
561.113281	867.280762
564.927734	839.810669
568.744141	834.989014
572.556641	858.02948
576.367188	844.782593
580.177734	824.389404
583.986328	839.667542
587.792969	860.151917
591.597656	818.955872
595.400391	858.290588
599.201172	850.208252
603.001953	833.6651
606.800781	815.155762
610.597656	822.664063
614.392578	841.24762
618.185547	834.442261
621.976563	859.563049
625.767578	868.406128
629.556641	834.209045
633.34375	867.843933
637.128906	846.019897
640.912109	877.075806
644.693359	882.677307
648.474609	851.680054
652.253906	832.426453
656.03125	866.799622
659.806641	880.258911
663.580078	902.24115
667.353516	909.176331
671.123047	906.287537
674.892578	898.151306
678.660156	888.696228
682.425781	899.573242
686.191406	859.914673
689.953125	885.235657
693.714844	875.757935
697.474609	887.304199
701.232422	894.914856
704.988281	919.635071
708.744141	902.257568
712.498047	888.815308
716.248047	925.419617
719.998047	929.766663
723.748047	932.139465
727.494141	981.998169
731.240234	959.982727
734.982422	916.16626
738.724609	944.950012
742.464844	953.939209
746.205078	932.534241
749.941406	968.633789
753.677734	967.060242
757.412109	977.396545
761.144531	965.232422
764.875	945.7724
768.605469	977.977295
772.332031	987.008911
776.058594	1012.626587
779.783203	1012.391907
783.505859	1051.315674
787.228516	1047.112671
790.947266	1044.234375
794.666016	1008.125793
798.382813	1005.892822
802.097656	1062.187744
805.8125	1018.055237
809.523438	1021.813843
813.234375	1028.239258
816.943359	1038.000977
820.650391	1036.439697
824.357422	1062.882568
828.060547	1018.636658
831.763672	1005.051819
835.464844	984.111206
839.164063	1030.613281
842.861328	992.959961
846.558594	1030.14563
850.253906	1007.172791
853.947266	1030.345093
857.638672	1024.085815
861.328125	1052.641113
865.017578	1032.317383
868.705078	1030.741455
872.390625	987.595032
876.074219	967.217468
879.755859	1006.544067
883.4375	1028.449341
887.117188	1005.375977
890.794922	982.282959
894.470703	1001.516235
898.146484	994.540222
901.818359	1005.721558
905.490234	975.858643
909.160156	987.714294
912.830078	956.471069
916.496094	971.023376
920.162109	966.03772
923.826172	946.884766
927.488281	952.679504
931.148438	983.453247
934.808594	975.086975
938.466797	954.553528
942.123047	960.360107
945.777344	934.393799
949.429688	938.843506
953.082031	934.499817
956.732422	971.447144
960.380859	977.948914
964.027344	963.452332
967.673828	971.989075
971.318359	957.477356
974.960938	993.83197
978.601563	966.421997
982.240234	949.173096
985.878906	993.040649
989.515625	986.660217
993.150391	977.554993
996.783203	1000.405945
1000.416016	1059.335205
1004.044922	1089.04541
1007.673828	983.954407
1011.302734	997.989197
1014.927734	994.997803
1018.552734	940.869446
1022.175781	980.139771
1025.796875	926.641907
1029.416016	965.255859
1033.035156	1002.535889
1036.650391	985.18988
1040.265625	971.246582
1043.880859	977.80481
1047.492188	955.637573
1051.103516	986.146423
1054.712891	983.817993
1058.320313	989.706421
1061.925781	1010.67395
1065.53125	1017.263367
1069.134766	1029.344116
1072.736328	1042.120728
1076.335938	995.195923
1079.935547	1018.267822
1083.533203	1025.559692
1087.128906	1056.221924
1090.722656	1038.098145
1094.316406	1023.397888
1097.90625	1020.382019
1101.496094	1024.935181
1105.085938	1008.144409
1108.671875	1016.140198
1112.257813	995.196167
1115.841797	988.024109
1119.423828	993.261658
1123.003906	1043.356567
1126.583984	1020.317017
1130.162109	1013.142395
1133.738281	970.725281
1137.314453	967.670837
1140.886719	945.943726
1144.458984	990.607788
1148.029297	988.249023
1151.599609	962.348633
1155.166016	953.742126
1158.732422	977.695007
1162.296875	995.42865
1165.861328	970.874268
1169.421875	1028.16394
1172.982422	995.967773
1176.541016	1003.322083
1180.097656	1003.04126
1183.654297	975.658386
1187.208984	983.012634
1190.761719	987.590759
1194.3125	985.214661
1197.863281	1005.110229
1201.412109	1026.414673
1204.958984	1019.870972
1208.503906	1062.106079
1212.048828	1057.662842
1215.591797	1059.493042
1219.132813	1072.489014
1222.671875	1103.645142
1226.210938	1136.921631
1229.748047	1104.552979
1233.283203	1174.200928
1236.816406	1190.765503
1240.349609	1222.032837
1243.880859	1181.946899
1247.410156	1186.632813
1250.939453	1193.423218
1254.464844	1164.485718
1257.990234	1155.150391
1261.513672	1159.130493
1265.037109	1136.455933
1268.558594	1160.783325
1272.078125	1145.813232
1275.595703	1148.390015
1279.111328	1161.508545
1282.626953	1173.231812
1286.140625	1165.273438
1289.652344	1171.378906
1293.164063	1207.753174
1296.673828	1255.422729
1300.181641	1267.911255
1303.6875	1256.450439
1307.193359	1222.420776
1310.697266	1297.678223
1314.199219	1239.648193
1317.699219	1266.976807
1321.199219	1268.906738
1324.697266	1246.819946
1328.193359	1274.890625
1331.689453	1255.615601
1335.181641	1252.591797
1338.673828	1267.962036
1342.166016	1226.008179
1345.654297	1243.503906
1349.142578	1234.801392
1352.628906	1171.519897
1356.115234	1193.976929
1359.597656	1185.242798
1363.080078	1143.150391
1366.5625	1179.110107
1370.041016	1176.749756
1373.519531	1180.070801
1376.996094	1192.634033
1380.470703	1176.765625
1383.945313	1156.616089
1387.417969	1153.528687
1390.888672	1144.743164
1394.357422	1144.49646
1397.826172	1141.399414
1401.292969	1149.703979
1404.757813	1142.327515
1408.222656	1185.592773
1411.683594	1123.987549
1415.144531	1130.155518
1418.605469	1155.612183
1422.0625	1199.666504
1425.519531	1149.402466
1428.976563	1200.640381
1432.429688	1215.435181
1435.882813	1253.858765
1439.333984	1293.745117
1442.783203	1305.013428
1446.232422	1351.401123
1449.679688	1339.762573
1453.125	1330.982666
1456.570313	1327.217285
1460.011719	1329.190063
1463.453125	1259.364624
1466.894531	1282.859497
1470.332031	1262.539795
1473.769531	1270.95813
1477.207031	1271.472168
1480.640625	1256.87793
1484.074219	1230.035889
1487.505859	1214.692383
1490.935547	1185.650024
1494.365234	1137.127441
1497.792969	1102.262329
1501.21875	1116.410156
1504.644531	1067.078369
1508.066406	1132.468994
1511.490234	1117.040527
1514.910156	1097.987427
1518.330078	1106.379517
1521.748047	1098.873291
1525.164063	1097.869873
1528.580078	1088.906616
1531.992188	1103.0979
1535.40625	1110.783447
1538.816406	1106.884521
1542.226563	1121.824097
1545.634766	1120.10083
1549.041016	1169.145142
1552.447266	1160.183228
1555.851563	1166.456909
1559.253906	1205.412231
1562.65625	1200.085449
1566.056641	1204.20166
1569.455078	1218.499268
1572.851563	1274.992554
1576.248047	1262.407837
1579.642578	1260.003296
1583.035156	1226.284058
1586.427734	1234.789917
1589.818359	1180.626953
1593.207031	1232.86499
1596.595703	1243.570801
1599.982422	1244.799316
1603.367188	1189.822266
1606.751953	1215.85791
1610.132813	1198.812378
1613.513672	1230.718628
1616.894531	1224.631592
1620.273438	1220.002319
1623.650391	1191.222534
1627.025391	1238.547729
1630.400391	1233.185181
1633.773438	1205.107788
1637.144531	1231.240845
1640.513672	1255.194946
1643.882813	1286.502686
1647.251953	1289.218384
1650.617188	1294.872192
1653.982422	1349.731567
1657.345703	1298.845947
1660.707031	1331.702026
1664.068359	1346.203247
1667.427734	1379.10376
1670.787109	1331.826416
1674.142578	1336.774658
1677.498047	1286.496216
1680.853516	1247.9646
1684.205078	1269.835083
1687.556641	1270.341553
1690.90625	1245.032715
1694.255859	1216.751953
1697.603516	1182.543091
1700.949219	1154.952637
1704.294922	1174.620361
1707.638672	1155.133789
1710.980469	1120.844604
1714.320313	1153.095215
1717.660156	1165.392944
1720.998047	1135.507446
1724.335938	1146.326416
1727.669922	1109.741455
1731.003906	1081.279419
1734.337891	1098.761597
1737.669922	1125.899414
1741	1110.764893
1744.328125	1109.721558
1747.65625	1114.617798
1750.982422	1102.431519
1754.306641	1117.732544
1757.630859	1081.746216
1760.953125	1083.662964
1764.273438	1079.62854
1767.59375	1073.357544
1770.912109	1113.249512
1774.228516	1094.322388
1777.544922	1088.794189
1780.859375	1079.533691
1784.171875	1112.031982
1787.484375	1120.67981
1790.792969	1074.845581
1794.103516	1109.619995
1797.410156	1113.794189
1800.716797	1122.455322
1804.023438	1104.956909
1807.326172	1076.225952
1810.628906	1079.644287
1813.929688	1083.065063
1817.230469	1093.976196
1820.529297	1137.106201
1823.826172	1098.587769
1827.123047	1082.528931
1830.417969	1112.9552
1833.710938	1090.136353
1837.001953	1108.5802
1840.292969	1135.297729
1843.583984	1140.252563
1846.871094	1157.234253
1850.158203	1106.571777
1853.443359	1116.784668
1856.728516	1123.995972
1860.011719	1114.654663
1863.292969	1138.434692
1866.574219	1121.558838
1869.853516	1133.303467
1873.130859	1134.50354
1876.408203	1119.113647
1879.683594	1124.834961
1882.957031	1117.730469
1886.230469	1137.04541
1889.501953	1100.482544
1892.771484	1113.760498
1896.041016	1136.119385
1899.308594	1125.979126
1902.574219	1080.275391
1905.839844	1157.135864
1909.103516	1153.047729
1912.365234	1150.470947
1915.626953	1171.380127
1918.886719	1133.940674
1922.146484	1176.849365
1925.402344	1157.588013
1928.658203	1109.474121
1931.914063	1100.799072
1935.167969	1131.609375
1938.419922	1149.527588
1941.669922	1168.219604
1944.919922	1169.437622
1948.167969	1150.11853
1951.416016	1181.768188
1954.662109	1144.167969
1957.90625	1145.377319
1961.150391	1145.063721
1964.392578	1151.608887
1967.632813	1138.335327
1970.873047	1173.866821
1974.111328	1151.434326
1977.347656	1153.411133
1980.583984	1150.043579
1983.818359	1171.119263
1987.050781	1156.291992
1990.283203	1133.042969
1993.513672	1133.485352
1996.744141	1142.344238
1999.970703	1161.925781
2003.199219	1186.116821
2006.423828	1192.707642
2009.648438	1173.248291
2012.871094	1163.739624
2016.09375	1178.764771
2019.314453	1158.509155
2022.533203	1163.565674
2025.751953	1129.466797
2028.96875	1169.848999
2032.183594	1159.546631
2035.398438	1131.55542
2038.611328	1186.596069
2041.824219	1151.669189
2045.035156	1195.215698
2048.244141	1174.122803
2051.451172	1152.243164
2054.658203	1188.134766
2057.865234	1185.513184
2061.068359	1196.769409
2064.271484	1158.663696
2067.474609	1172.232788
2070.673828	1176.547974
2073.875	1169.281616
2077.072266	1198.322021
2080.269531	1179.464233
2083.464844	1169.096802
2086.660156	1213.640381
2089.853516	1225.71814
2093.044922	1211.485229
2096.236328	1175.557373
2099.425781	1195.380737
2102.613281	1220.644165
2105.800781	1202.509399
2108.986328	1213.833618
2112.169922	1184.042969
2115.353516	1200.801636
2118.535156	1177.970947
2121.716797	1192.409302
2124.896484	1155.56897
2128.074219	1180.893066
2131.251953	1202.3479
2134.427734	1217.594849
2137.603516	1186.154419
2140.777344	1203.742188
2143.949219	1197.97583
2147.119141	1176.620239
2150.289063	1189.546753
2153.458984	1210.28125
2156.625	1195.925903
2159.791016	1238.530151
2162.957031	1197.629517
2166.121094	1165.288208
2169.283203	1176.676025
2172.445313	1195.106934
2175.603516	1201.041016
2178.763672	1159.263306
2181.921875	1181.620728
2185.078125	1229.045532
2188.232422	1235.000732
2191.386719	1215.890137
2194.539063	1167.766357
2197.691406	1191.736816
2200.841797	1196.901123
2203.990234	1191.868896
2207.138672	1198.606689
2210.285156	1189.644409
2213.429688	1189.31604
2216.574219	1192.130493
2219.71875	1194.946777
2222.859375	1187.541138
2226	1230.481689
2229.140625	1193.175415
2232.279297	1202.294189
2235.416016	1210.631958
2238.550781	1162.242798
2241.685547	1191.854126
2244.820313	1232.527954
2247.951172	1187.245972
2251.082031	1174.285034
2254.212891	1200.787476
2257.341797	1205.986084
2260.46875	1221.459351
2263.595703	1221.927002
2266.720703	1214.487793
2269.84375	1196.759888
2272.966797	1201.174194
2276.087891	1200.842041
2279.208984	1200.509277
2282.328125	1215.227783
2285.445313	1168.934814
2288.5625	1233.598389
2291.677734	1197.586914
2294.792969	1189.316772
2297.90625	1216.75708
2301.017578	1170.374878
2304.128906	1219.27478
2307.238281	1168.089844
2310.345703	1168.5354
2313.453125	1184.090454
2316.558594	1182.155273
2319.664063	1184.197632
2322.767578	1191.018066
2325.871094	1298.194702
2328.972656	1305.859863
2332.072266	1299.980835
2335.169922	1235.093262
2338.267578	1219.610352
2341.365234	1229.650024
2344.460938	1223.731812
2347.554688	1163.506592
2350.648438	1186.317383
2353.740234	1188.366821
2356.830078	1200.01123
2359.919922	1201.26709
2363.007813	1213.724731
2366.095703	1214.986206
2369.181641	1185.822021
2372.265625	1207.89917
2375.349609	1201.947266
2378.431641	1194.387451
2381.513672	1189.227295
2384.59375	1192.887207
2387.673828	1187.722046
2390.75	1176.932861
2393.828125	1171.757202
2396.902344	1177.021729
2399.976563	1193.542358
2403.050781	1214.899414
2406.123047	1219.381226
2409.193359	1172.368774
2412.262695	1205.815552
2415.331055	1209.49292
2418.398438	1195.450439
2421.464844	1223.302002
2424.530273	1189.099365
2427.59375	1207.291382
2430.65625	1193.225708
2433.717773	1186.412842
2436.77832	1216.734375
2439.837891	1227.69397
2442.895508	1205.533691
2445.953125	1203.563843
2449.008789	1191.889038
2452.063477	1224.695313
2455.117188	1208.163818
2458.168945	1187.571777
2461.220703	1203.406372
2464.270508	1186.84729
2467.319336	1214.039063
2470.367188	1204.767578
2473.413086	1194.677856
2476.458984	1228.393311
2479.50293	1210.187622
2482.545898	1195.21582
2485.587891	1247.651123
2488.628906	1239.994873
2491.668945	1192.501099
2494.707031	1196.202393
2497.745117	1242.207886
2500.78125	1201.170898
2503.816406	1217.904541
2506.850586	1211.846802
2509.882813	1222.893311
2512.915039	1185.046387
2515.945313	1196.090698
2518.974609	1185.936279
2522.00293	1203.516235
2525.030273	1212.130249
2528.056641	1194.620605
2531.081055	1204.870972
2534.105469	1200.419678
2537.12793	1210.679321
2540.149414	1196.412964
2543.169922	1211.58667
2546.188477	1156.389771
2549.207031	1220.681274
2552.223633	1219.500244
2555.239258	1197.835205
2558.254883	1207.299316
2561.267578	1204.471191
2564.280273	1245.93335
2567.291992	1210.29541
2570.301758	1221.418823
2573.311523	1244.046387
2576.319336	1217.403076
2579.326172	1246.619629
2582.332031	1256.128052
2585.335938	1265.643188
2588.339844	1267.760986
2591.341797	1232.845337
2594.34375	1277.76355
2597.34375	1231.294434
2600.342773	1219.394897
2603.34082	1258.587891
2606.336914	1226.900391
2609.333008	1229.832031
2612.327148	1216.262695
2615.320313	1212.588501
2618.313477	1222.123291
2621.304688	1243.229858
2624.293945	1256.914551
2627.283203	1210.261353
2630.271484	1234.694214
2633.257813	1251.699341
2636.243164	1304.303833
2639.227539	1274.983765
2642.210938	1219.966919
2645.193359	1228.705444
2648.174805	1240.765503
2651.155273	1213.0354
2654.133789	1232.56311
2657.112305	1251.275269
2660.088867	1201.105469
2663.064453	1241.409058
2666.039063	1281.742188
2669.012695	1252.301758
2671.984375	1247.778198
2674.956055	1264.872681
2677.925781	1232.896729
2680.895508	1237.514526
2683.863281	1257.953491
2686.830078	1272.577515
2689.795898	1248.887329
2692.760742	1257.68396
2695.723633	1258.149292
2698.686523	1216.911011
2701.647461	1296.627075
2704.608398	1267.892334
2707.567383	1293.410889
2710.525391	1252.123413
2713.482422	1301.051636
2716.438477	1331.625366
2719.392578	1291.977905
2722.34668	1269.031616
2725.299805	1324.731934
2728.250977	1268.293945
2731.201172	1282.998779
2734.150391	1327.036133
2737.098633	1275.564087
2740.045898	1304.539673
2742.992188	1286.568848
2745.9375	1282.847778
2748.881836	1284.998901
2751.824219	1255.245361
2754.765625	1296.024414
2757.707031	1293.980591
2760.646484	1279.32666
2763.584961	1273.070313
2766.522461	1255.032593
2769.458984	1272.323608
2772.393555	1273.633057
2775.328125	1262.311646
2778.261719	1254.351196
2781.193359	1277.565308
2784.124023	1263.702881
2787.054688	1286.093628
2789.983398	1292.471069
2792.911133	1277.754028
2795.837891	1263.025879
2798.762695	1266.022705
2801.6875	1266.486816
2804.611328	1259.344238
2807.533203	1307.154053
2810.455078	1269.571167
2813.375	1257.344238
2816.293945	1310.283569
2819.211914	1302.295776
2822.129883	1260.419556
2825.045898	1309.180542
2827.959961	1359.672241
2830.874023	1339.817749
2833.787109	1375.087646
2836.698242	1446.024536
2839.609375	1560.307617
2842.518555	1678.920044
2845.427734	1800.167236
2848.334961	1926.601685
2851.241211	1947.70874
2854.146484	1972.232544
2857.050781	1997.624512
2859.954102	2006.864014
2862.856445	2043.35437
2865.757813	2083.277832
2868.657227	2153.902588
2871.556641	2274.865723
2874.454102	2315.768311
2877.351563	2459.054199
2880.24707	2469.335205
2883.141602	2466.819824
2886.036133	2490.772217
2888.928711	2472.031738
2891.820313	2478.057861
2894.710938	2441.346924
2897.599609	2465.322754
2900.488281	2473.91748
2903.375977	2540.70874
2906.262695	2554.472168
2909.147461	2633.329102
2912.032227	2615.438232
2914.915039	2725.224854
2917.797852	2804.228027
2920.678711	2810.390869
2923.558594	2828.568359
2926.4375	2894.81958
2929.31543	2967.986328
2932.192383	3034.334717
2935.068359	3015.673096
2937.943359	3025.359863
2940.817383	2942.196045
2943.69043	2848.649902
2946.561523	2752.454346
2949.432617	2537.408936
2952.301758	2538.326416
2955.170898	2493.593018
2958.038086	2440.209961
2960.905273	2392.821777
2963.770508	2355.74585
2966.634766	2321.230469
2969.499023	2209.028564
2972.361328	2203.783447
2975.222656	2125.134521
2978.083008	2137.995117
2980.942383	2070.498535
2983.800781	2007.275146
2986.657227	1941.411377
2989.513672	1882.42041
2992.369141	1803.4823
2995.223633	1757.383911
2998.076172	1691.333374
3000.928711	1652.957397
3003.779297	1612.82019
3006.629883	1536.241699
3009.478516	1535.059814
3012.327148	1552.963379
3015.173828	1461.525513
3018.019531	1444.686768
3020.865234	1432.178223
3023.708984	1398.808594
3026.551758	1379.320801
3029.393555	1356.340942
3032.234375	1384.660156
3035.074219	1359.05481
3037.913086	1359.542358
3040.750977	1393.987183
3043.587891	1342.22644
3046.423828	1345.321533
3049.258789	1363.23645
3052.091797	1397.730713
3054.924805	1367.702271
3057.756836	1376.045166
3060.586914	1393.995483
3063.416992	1402.353149
3066.246094	1403.728394
3069.073242	1417.337769
3071.900391	1382.005127
3074.725586	1368.508057
3077.550781	1324.384399
3080.374023	1316.106934
3083.196289	1271.057007
3086.018555	1292.527588
3088.838867	1321.897339
3091.658203	1323.245483
3094.477539	1333.360596
3097.294922	1289.111938
3100.111328	1320.275635
3102.926758	1283.888306
3105.741211	1300.147827
3108.554688	1317.296875
3111.367188	1269.447998
3114.178711	1347.236572
3116.990234	1296.726196
3119.799805	1319.17395
3122.607422	1324.921997
3125.415039	1300.751099
3128.22168	1310.017578
3131.027344	1309.602539
3133.832031	1312.71106
3136.635742	1310.533569
3139.438477	1251.047485
3142.240234	1268.248901
3145.041016	1295.167114
3147.839844	1287.683594
3150.638672	1304.032593
3153.436523	1308.911133
3156.233398	1304.957764
3159.02832	1304.536499
3161.823242	1265.21228
3164.617188	1278.042969
3167.410156	1267.878418
3170.201172	1278.063354
3172.992188	1283.828247
3175.782227	1288.711182
3178.570313	1282.964966
3181.358398	1299.372803
3184.144531	1246.633179
3186.930664	1269.248047
3189.71582	1250.176514
3192.499023	1322.513184
3195.282227	1302.558472
3198.063477	1301.241943
3200.844727	1306.571289
