399.333984	952.120422
403.220703	969.702271
407.103516	950.402527
410.986328	911.993103
414.867188	907.295105
418.748047	891.764221
422.625	899.797791
426.501953	906.563049
430.375	899.302246
434.248047	874.16864
438.119141	901.358154
441.988281	894.723511
445.855469	870.832275
449.722656	873.126648
453.585938	854.960022
457.449219	868.764343
461.310547	880.660278
465.169922	856.069641
469.027344	887.827454
472.882813	873.471619
476.736328	877.054565
480.589844	896.675293
484.441406	868.187012
488.289063	878.191101
492.136719	880.496765
495.984375	864.171448
499.828125	867.115295
503.669922	890.639404
507.511719	865.289856
511.351563	876.604248
515.189453	895.010925
519.025391	897.328979
522.859375	871.293091
526.691406	889.72052
530.523438	904.293579
534.351563	890.486572
538.179688	907.008606
542.005859	908.044556
545.830078	876.775513
549.654297	871.3349
553.474609	884.642761
557.294922	859.791992
561.113281	847.864075
564.927734	879.955811
568.744141	863.491333
572.556641	865.158081
576.367188	885.627808
580.177734	832.82135
583.986328	845.507568
587.792969	845.870117
591.597656	832.594299
595.400391	806.962036
599.201172	825.507996
603.001953	835.615906
606.800781	808.650146
610.597656	805.09137
614.392578	830.829712
618.185547	857.892639
621.976563	854.349609
625.767578	861.234619
629.556641	850.514893
633.34375	831.955627
637.128906	859.728577
640.912109	866.626648
644.693359	872.223694
648.474609	861.484497
652.253906	823.271729
656.03125	853.061646
659.806641	873.059753
663.580078	911.407593
667.353516	927.517029
671.123047	899.079163
674.892578	861.438599
678.660156	882.137573
682.425781	869.390625
686.191406	854.006897
689.953125	892.459412
693.714844	876.414917
697.474609	907.679321
701.232422	894.914856
704.988281	913.056824
708.744141	924.632996
712.498047	911.858643
716.248047	930.030273
719.998047	967.985291
723.748047	957.18988
727.494141	955.618103
731.240234	950.745789
734.982422	946.529114
738.724609	943.629333
742.464844	967.151672
746.205078	941.786865
749.941406	937.558167
753.677734	963.091492
757.412109	968.793884
761.144531	964.570435
764.875	990.146851
768.605469	995.204529
772.332031	1000.929138
776.058594	1005.995056
779.783203	1099.964478
783.505859	1107.067261
787.228516	1039.144775
790.947266	1040.248779
794.666016	1047.998901
798.382813	1029.826782
802.097656	1023.611084
805.8125	1061.305908
809.523438	1035.127441
813.234375	1042.224365
816.943359	1029.339844
820.650391	1045.104492
824.357422	1070.884277
828.060547	1039.983276
831.763672	1029.077026
835.464844	979.437683
839.164063	1024.601929
842.861328	1004.987732
846.558594	1020.786743
850.253906	1018.541931
853.947266	1043.057129
857.638672	1043.496582
861.328125	1027.865234
865.017578	982.074829
868.705078	999.913025
872.390625	1034.527588
876.074219	1022.21875
879.755859	996.478638
883.4375	980.114929
887.117188	1000.003235
890.794922	1017.892395
894.470703	967.908325
898.146484	997.22998
901.818359	987.558044
905.490234	1010.85498
909.160156	970.208801
912.830078	995.538208
916.496094	966.980286
920.162109	984.913513
923.826172	973.187134
927.488281	967.522949
931.148438	980.753296
934.808594	971.0354
938.466797	947.122498
942.123047	967.794312
945.777344	936.42218
949.429688	990.249939
953.082031	966.303894
956.732422	997.171875
960.380859	996.23468
964.027344	1002.071716
967.673828	1004.524292
971.318359	980.532776
974.960938	961.947937
978.601563	985.424683
982.240234	957.999451
985.878906	988.965271
989.515625	1005.686768
993.150391	1018.34314
996.783203	992.924988
1000.416016	1070.221191
1004.044922	1093.809937
1007.673828	1032.300903
1011.302734	968.696716
1014.927734	1002.494385
1018.552734	966.777466
1022.175781	984.232239
1025.796875	970.995178
1029.416016	972.082275
1033.035156	990.926147
1036.650391	1007.73584
1040.265625	1014.990295
1043.880859	985.326416
1047.492188	986.420471
1051.103516	992.305542
1054.712891	1014.626526
1058.320313	1015.048401
1061.925781	1014.099915
1065.53125	1028.916626
1069.134766	1047.859985
1072.736328	1035.260132
1076.335938	1036.376465
1079.935547	1048.47937
1083.533203	1044.793213
1087.128906	1022.549255
1090.722656	1055.285156
1094.316406	1085.984741
1097.90625	1055.472656
1101.496094	1071.742065
1105.085938	1054.282104
1108.671875	1004.428711
1112.257813	1039.304565
1115.841797	1005.950623
1119.423828	1038.786133
1123.003906	1010.924194
1126.583984	1057.595093
1130.162109	1008.308044
1133.738281	982.470703
1137.314453	982.877136
1140.886719	957.007385
1144.458984	942.875977
1148.029297	961.951111
1151.599609	974.118347
1155.166016	989.065918
1158.732422	1015.804993
1162.296875	987.803467
1165.861328	988.211304
1169.421875	1024.69519
1172.982422	1049.409912
1176.541016	1033.873047
1180.097656	1034.299561
1183.654297	995.810913
1187.208984	1000.392639
1190.761719	993.850159
1194.3125	1025.569458
1197.863281	1025.992065
1201.412109	1059.839233
1204.958984	1089.534302
1208.503906	1122.738159
1212.048828	1105.072876
1215.591797	1124.359985
1219.132813	1130.404785
1222.671875	1163.678955
1226.210938	1184.40979
1229.748047	1200.266846
1233.283203	1252.480957
1236.816406	1236.214478
1240.349609	1197.550171
1243.880859	1256.824585
1247.410156	1226.537231
1250.939453	1202.527954
1254.464844	1218.436035
1257.990234	1210.524658
1261.513672	1199.100464
1265.037109	1172.934692
1268.558594	1151.65979
1272.078125	1187.236572
1275.595703	1158.223267
1279.111328	1193.128662
1282.626953	1223.141602
1286.140625	1213.093994
1289.652344	1237.510742
1293.164063	1260.539673
1296.673828	1288.515747
1300.181641	1301.017822
1303.6875	1303.664185
1307.193359	1263.309082
1310.697266	1327.299072
1314.199219	1313.025269
1317.699219	1343.207153
1321.199219	1323.984497
1324.697266	1284.259888
1328.193359	1270.650513
1331.689453	1297.328003
1335.181641	1329.685303
1338.673828	1349.332397
1342.166016	1305.288086
1345.654297	1270.41333
1349.142578	1239.052002
1352.628906	1252.314331
1356.115234	1225.882568
1359.597656	1226.382202
1363.080078	1243.202637
1366.5625	1223.122681
1370.041016	1207.997192
1373.519531	1173.676636
1376.996094	1191.923218
1380.470703	1196.674683
1383.945313	1177.955933
1387.417969	1218.285645
1390.888672	1158.981201
1394.357422	1187.228149
1397.826172	1214.072754
1401.292969	1192.470337
1404.757813	1150.171143
1408.222656	1167.045654
1411.683594	1213.906494
1415.144531	1188.697998
1418.605469	1181.324219
1422.0625	1198.237549
1425.519531	1200.153442
1428.976563	1242.115723
1432.429688	1262.650391
1435.882813	1282.485596
1439.333984	1335.270996
1442.783203	1362.313599
1446.232422	1387.944824
1449.679688	1372.02002
1453.125	1361.81897
1456.570313	1403.263184
1460.011719	1347.850464
1463.453125	1351.986084
1466.894531	1329.548096
1470.332031	1309.965942
1473.769531	1280.303467
1477.207031	1335.477295
1480.640625	1310.83667
1484.074219	1299.850708
1487.505859	1228.373047
1490.935547	1176.285889
1494.365234	1173.878662
1497.792969	1162.097412
1501.21875	1149.585205
1504.644531	1144.277466
1508.066406	1151.235229
1511.490234	1128.593628
1514.910156	1133.383179
1518.330078	1133.117676
1521.748047	1140.081055
1525.164063	1120.290161
1528.580078	1138.829834
1531.992188	1125.536255
1535.40625	1144.816528
1538.816406	1133.687256
1542.226563	1102.257324
1545.634766	1165.049805
1549.041016	1179.299072
1552.447266	1189.206055
1555.851563	1213.637817
1559.253906	1183.627686
1562.65625	1233.501831
1566.056641	1257.253418
1569.455078	1294.110107
1572.851563	1304.085449
1576.248047	1287.874268
1579.642578	1310.956665
1583.035156	1270.704102
1586.427734	1247.174194
1589.818359	1201.761597
1593.207031	1186.204224
1596.595703	1180.845215
1599.982422	1196.641846
1603.367188	1241.648804
1606.751953	1242.146729
1610.132813	1206.848267
1613.513672	1248.258545
1616.894531	1226.824951
1620.273438	1217.07666
1623.650391	1213.173828
1627.025391	1234.887695
1630.400391	1234.64978
1633.773438	1208.038086
1637.144531	1229.042236
1640.513672	1225.868042
1643.882813	1254.230103
1647.251953	1319.302612
1650.617188	1387.363037
1653.982422	1318.888916
1657.345703	1390.676147
1660.707031	1391.231689
1664.068359	1366.789673
1667.427734	1430.590332
1670.787109	1356.108276
1674.142578	1303.649658
1677.498047	1293.860352
1680.853516	1312.057251
1684.205078	1281.626953
1687.556641	1262.231323
1690.90625	1243.557617
1694.255859	1253.64563
1697.603516	1219.451416
1700.949219	1180.798828
1704.294922	1146.547729
1707.638672	1174.349121
1710.980469	1143.764282
1714.320313	1147.178101
1717.660156	1161.693359
1720.998047	1115.52124
1724.335938	1144.845337
1727.669922	1140.11499
1731.003906	1130.192749
1734.337891	1093.571777
1737.669922	1102.165039
1741	1104.087036
1744.328125	1103.041016
1747.65625	1084.914429
1750.982422	1089.059692
1754.306641	1099.153198
1757.630859	1078.772339
1760.953125	1079.200439
1764.273438	1084.092896
1767.59375	1084.522827
1770.912109	1096.122681
1774.228516	1089.852661
1777.544922	1045.570313
1780.859375	1086.243408
1784.171875	1104.57373
1787.484375	1102.026733
1790.792969	1075.591919
1794.103516	1055.856445
1797.410156	1098.854004
1800.716797	1099.288818
1804.023438	1087.762085
1807.326172	1104.646118
1810.628906	1099.845581
1813.929688	1066.598389
1817.230469	1080.498047
1820.529297	1087.666748
1823.826172	1052.875732
1827.123047	1092.274658
1830.417969	1064.207153
1833.710938	1082.633667
1837.001953	1083.061035
1840.292969	1091.747925
1843.583984	1108.704102
1846.871094	1081.337646
1850.158203	1114.841064
1853.443359	1110.768311
1856.728516	1111.206177
1860.011719	1108.633545
1863.292969	1115.84668
1866.574219	1102.728149
1869.853516	1108.437134
1873.130859	1099.073853
1876.408203	1093.473511
1879.683594	1090.131836
1882.957031	1090.560791
1886.230469	1075.889526
1889.501953	1109.546143
1892.771484	1032.155273
1896.041016	1071.111938
1899.308594	1083.63208
1902.574219	1064.389038
1905.839844	1089.024536
1909.103516	1087.180908
1912.365234	1105.02771
1915.626953	1068.334961
1918.886719	1048.288818
1922.146484	1116.945313
1925.402344	1097.6604
1928.658203	1090.502197
1931.914063	1114.464111
1935.167969	1105.027954
1938.419922	1105.46106
1941.669922	1124.895874
1944.919922	1087.318481
1948.167969	1094.59021
1951.416016	1091.975098
1954.662109	1131.226685
1957.90625	1110.345825
1961.150391	1093.257813
1964.392578	1122.647217
1967.632813	1107.074951
1970.873047	1104.456787
1974.111328	1126.253906
1977.347656	1132.800903
1980.583984	1095.061523
1983.818359	1096.253296
1987.050781	1105.088013
1990.283203	1105.519653
1993.513672	1105.186401
1996.744141	1114.799438
1999.970703	1119.061646
2003.199219	1117.966797
2006.423828	1103.848267
2009.648438	1131.866577
2012.871094	1111.608887
2016.09375	1097.470703
2019.314453	1118.613403
2022.533203	1073.765381
2025.751953	1111.806885
2028.96875	1106.094971
2032.183594	1115.746704
2035.398438	1083.125977
2038.611328	1086.623657
2041.824219	1111.664551
2045.035156	1107.47937
2048.244141	1133.317261
2051.451172	1129.136597
2054.658203	1124.182007
2057.865234	1127.702148
2061.068359	1070.306763
2064.271484	1103.121826
2067.474609	1133.647095
2070.673828	1077.730347
2073.875	1099.773438
2077.072266	1101.745483
2080.269531	1116.085449
2083.464844	1093.322021
2086.660156	1097.613647
2089.853516	1105.00354
2093.044922	1113.947144
2096.236328	1139.934448
2099.425781	1124.881836
2102.613281	1131.5177
2105.800781	1114.89917
2108.986328	1097.491699
2112.169922	1108.779419
2115.353516	1130.942505
2118.535156	1105.755127
2121.716797	1098.414795
2124.896484	1120.598755
2128.074219	1104.706421
2131.251953	1105.133423
2134.427734	1100.114502
2137.603516	1103.652832
2140.777344	1092.399902
2143.949219	1123.199707
2147.119141	1092.4646
2150.289063	1090.547852
2153.458984	1093.308228
2156.625	1122.594604
2159.791016	1115.223389
2162.957031	1106.284912
2166.121094	1123.112915
2169.283203	1086.042358
2172.445313	1095.840454
2175.603516	1125.19397
2178.763672	1119.369629
2181.921875	1113.540527
2185.078125	1090.484375
2188.232422	1135.542847
2191.386719	1104.642456
2194.539063	1127.795898
2197.691406	1090.595947
2200.841797	1113.76123
2203.990234	1144.005859
2207.138672	1091.854614
2210.285156	1128.395386
2213.429688	1167.320801
2216.574219	1152.052246
2219.71875	1154.067017
2222.859375	1139.567627
2226	1094.373413
2229.140625	1119.192261
2232.279297	1131.432007
2235.416016	1147.619263
2238.550781	1133.876099
2241.685547	1143.770142
2244.820313	1161.557007
2247.951172	1135.969604
2251.082031	1151.39917
2254.212891	1137.629761
2257.341797	1143.593872
2260.46875	1130.600464
2263.595703	1136.565918
2266.720703	1158.349365
2269.84375	1169.866455
2272.966797	1142.618896
2276.087891	1090.811035
2279.208984	1091.228149
2282.328125	1163.735107
2285.445313	1138.027466
2288.5625	1145.597534
2291.677734	1158.724854
2294.792969	1136.158569
2297.90625	1146.910645
2301.017578	1155.288574
2304.128906	1154.935181
2307.238281	1190.339111
2310.345703	1174.099854
2313.453125	1133.991211
2316.558594	1151.925293
2319.664063	1149.18103
2322.767578	1157.580444
2325.871094	1256.779907
2328.972656	1266.022827
2332.072266	1268.099121
2335.169922	1164.926636
2338.267578	1143.035767
2341.365234	1163.419678
2344.460938	1158.274536
2347.554688	1143.54248
2350.648438	1144.776245
2353.740234	1108.449707
2356.830078	1092.881592
2359.919922	1158.878784
2363.007813	1168.119995
2366.095703	1155.757568
2369.181641	1161.801392
2372.265625	1163.043457
2375.349609	1156.273315
2378.431641	1181.561768
2381.513672	1165.971924
2384.59375	1150.369995
2387.673828	1160.436523
2390.75	1157.665161
2393.828125	1196.653931
2396.902344	1117.568115
2399.976563	1152.552002
2403.050781	1157.008789
2406.123047	1166.294678
2409.193359	1141.792236
2412.262695	1184.081909
2415.331055	1161.177612
2418.398438	1211.561646
2421.464844	1183.814697
2424.530273	1207.641235
2427.59375	1180.677734
2430.65625	1179.510376
2433.717773	1217.082031
2436.77832	1203.008789
2439.837891	1199.424683
2442.895508	1171.597778
2445.953125	1167.190186
2449.008789	1197.549316
2452.063477	1198.001221
2455.117188	1166.893555
2458.168945	1194.047974
2461.220703	1167.773926
2464.270508	1217.632324
2467.319336	1201.882446
2470.367188	1201.524658
2473.413086	1219.009277
2476.458984	1174.032471
2479.50293	1190.707764
2482.545898	1181.412476
2485.587891	1216.78479
2488.628906	1180.676636
2491.668945	1173.80481
2494.707031	1214.092529
2497.745117	1202.346558
2500.78125	1217.447021
2503.816406	1196.737671
2506.850586	1222.434204
2509.882813	1195.192871
2512.915039	1202.161987
2515.945313	1181.414673
2518.974609	1167.99231
2522.00293	1215.755371
2525.030273	1203.967773
2528.056641	1180.739258
2531.081055	1209.772095
2534.105469	1158.744141
2537.12793	1210.679321
2540.149414	1216.039673
2543.169922	1229.584595
2546.188477	1210.403687
2549.207031	1202.669922
2552.223633	1156.436768
2555.239258	1199.473877
2558.254883	1229.428955
2561.267578	1237.268188
2564.280273	1227.067993
2567.291992	1223.424072
2570.301758	1229.627319
2573.311523	1225.159912
2576.319336	1229.724976
2579.326172	1220.32312
2582.332031	1292.299194
2585.335938	1247.550781
2588.339844	1227.449341
2591.341797	1241.898193
2594.34375	1225.072266
2597.34375	1217.293091
2600.342773	1240.81665
2603.34082	1238.806519
2606.336914	1241.741821
2609.333008	1218.284302
2612.327148	1243.492432
2615.320313	1257.162842
2618.313477	1251.024902
2621.304688	1260.577271
2624.293945	1250.303589
2627.283203	1249.942139
2630.271484	1212.365601
2633.257813	1234.326172
2636.243164	1228.164185
2639.227539	1225.309082
2642.210938	1259.721436
2645.193359	1236.162109
2648.174805	1244.909668
2651.155273	1245.371948
2654.133789	1298.0896
2657.112305	1260.402588
2660.088867	1274.151245
2663.064453	1277.115112
2666.039063	1279.250122
2669.012695	1245.653809
2671.984375	1241.959106
2674.956055	1249.072266
2677.925781	1262.013672
2680.895508	1304.092285
2683.863281	1265.446289
2686.830078	1254.255127
2689.795898	1247.220947
2692.760742	1256.850586
2695.723633	1259.816772
2698.686523	1308.658936
2701.647461	1320.824097
2704.608398	1262.884155
2707.567383	1312.615845
2710.525391	1299.735962
2713.482422	1285.174927
2716.438477	1344.164185
2719.392578	1332.953247
2722.34668	1336.791382
2725.299805	1353.184814
2728.250977	1334.429443
2731.201172	1347.483643
2734.150391	1311.956177
2737.098633	1350.153687
2740.045898	1339.752197
2742.992188	1347.794067
2745.9375	1339.061523
2748.881836	1329.482788
2751.824219	1327.453369
2754.765625	1308.623413
2757.707031	1316.667236
2760.646484	1290.253906
2763.584961	1309.227539
2766.522461	1310.550049
2769.458984	1290.836304
2772.393555	1306.463013
2775.328125	1317.048218
2778.261719	1253.508789
2781.193359	1275.879883
2784.124023	1290.679932
2787.054688	1275.973511
2789.983398	1312.71875
2792.911133	1307.292603
2795.837891	1262.181641
2798.762695	1289.670898
2801.6875	1304.506836
2804.611328	1282.164551
2807.533203	1340.974365
2810.455078	1311.016235
2813.375	1308.111816
2816.293945	1284.890503
2819.211914	1329.391602
2822.129883	1338.348755
2825.045898	1358.327759
2827.959961	1397.817627
2830.874023	1390.696899
2833.787109	1406.474609
2836.698242	1558.88916
2839.609375	1544.178223
2842.518555	1666.181641
2845.427734	1826.50293
2848.334961	1924.9021
2851.241211	2026.773315
2854.146484	2030.914673
2857.050781	2021.446289
2859.954102	2062.18457
2862.856445	2114.871826
2865.757813	2184.631104
2868.657227	2256.996826
2871.556641	2383.111328
2874.454102	2444.516846
2877.351563	2565.672852
2880.24707	2553.808105
2883.141602	2550.469727
2886.036133	2608.607666
2888.928711	2508.761963
2891.820313	2612.2146
2894.710938	2573.843018
2897.599609	2631.216797
2900.488281	2603.088135
2903.375977	2632.273438
2906.262695	2652.062744
2909.147461	2712.11499
2912.032227	2813.330811
2914.915039	2857.201172
2917.797852	2924.25
2920.678711	2983.628174
2923.558594	3158.010254
2926.4375	3166.879395
2929.31543	3215.24707
2932.192383	3225.000488
2935.068359	3203.830322
2937.943359	3190.379639
2940.817383	3179.497559
2943.69043	3105.819824
2946.561523	2993.369385
2949.432617	2824.029297
2952.301758	2715.699463
2955.170898	2709.790527
2958.038086	2608.23291
2960.905273	2542.803955
2963.770508	2502.333252
2966.634766	2478.221924
2969.499023	2479.116943
2972.361328	2416.997314
2975.222656	2360.013428
2978.083008	2255.476807
2980.942383	2214.811279
2983.800781	2168.929199
2986.657227	2073.721436
2989.513672	1994.881226
2992.369141	1928.9646
2995.223633	1814.520508
2998.076172	1758.88269
3000.928711	1731.793457
3003.779297	1683.884766
3006.629883	1623.803955
3009.478516	1644.335205
3012.327148	1607.620728
3015.173828	1520.541992
3018.019531	1506.329102
3020.865234	1445.205933
3023.708984	1417.922729
3026.551758	1455.80481
3029.393555	1390.24939
3032.234375	1377.702026
3035.074219	1404.298706
3037.913086	1360.412842
3040.750977	1360.900757
3043.587891	1362.259644
3046.423828	1382.788452
3049.258789	1440.81189
3052.091797	1461.382813
3054.924805	1442.716553
3057.756836	1431.017212
3060.586914	1459.46167
3063.416992	1454.744873
3066.246094	1429.060059
3069.073242	1447.047607
3071.900391	1434.453125
3074.725586	1355.391357
3077.550781	1355.000977
3080.374023	1337.108643
3083.196289	1327.081543
3086.018555	1345.945068
3088.838867	1367.449829
3091.658203	1344.277222
3094.477539	1307.061523
3097.294922	1331.205322
3100.111328	1347.470703
3102.926758	1323.379028
3105.741211	1323.850708
3108.554688	1340.130005
3111.367188	1333.579224
3114.178711	1287.476563
3116.990234	1337.166504
3119.799805	1340.280762
3122.607422	1326.681519
3125.415039	1318.352661
3128.22168	1316.180298
3131.027344	1312.244751
3133.832031	1328.569336
3136.635742	1313.17749
3139.438477	1316.28894
3142.240234	1302.64502
3145.041016	1277.521851
3147.839844	1308.865479
3150.638672	1329.636475
3153.436523	1272.699707
3156.233398	1300.540161
3159.02832	1282.440674
3161.823242	1350.974487
3164.617188	1281.580811
3167.410156	1293.536865
3170.201172	1280.718628
3172.992188	1309.504761
3175.782227	1294.025391
3178.570313	1319.291992
3181.358398	1298.48645
3184.144531	1265.25293
3186.930664	1310.935425
3189.71582	1276.7948
3192.499023	1313.637207
3195.282227	1274.145508
3198.063477	1255.054565
3200.844727	1326.112183
