399.333984	931.145813
403.220703	928.370667
407.103516	895.0578
410.986328	904.992493
414.867188	879.917114
418.748047	884.120483
422.625	860.288269
426.501953	860.023621
430.375	864.223083
434.248047	856.302429
438.119141	840.714417
441.988281	857.682861
445.855469	843.998108
449.722656	850.755188
453.585938	878.620117
457.449219	873.242493
461.310547	856.979736
465.169922	857.35022
469.027344	855.799011
472.882813	868.985718
476.736328	850.768555
480.589844	854.984375
484.441406	861.128601
488.289063	823.625122
492.136719	823.338318
495.984375	869.953979
499.828125	886.398804
503.669922	856.55719
507.511719	861.42981
511.351563	868.880859
515.189453	871.830811
519.025391	854.169617
522.859375	879.026489
526.691406	874.891846
530.523438	855.918396
534.351563	848.543335
538.179688	853.427307
542.005859	854.440247
545.830078	832.839783
549.654297	880.384399
553.474609	887.229431
557.294922	863.673645
561.113281	851.747375
564.927734	852.760681
568.744141	851.831299
572.556641	855.437195
576.367188	837.002563
580.177734	815.957397
583.986328	850.049805
587.792969	824.447449
591.597656	833.89325
595.400391	830.352295
599.201172	846.308228
603.001953	821.309692
606.800781	858.74353
610.597656	823.314941
614.392578	808.691589
618.185547	822.065674
621.976563	841.31604
625.767578	844.283752
629.556641	848.558228
633.34375	869.801453
637.128906	855.811768
640.912109	865.973572
644.693359	884.63739
648.474609	887.6297
652.253906	864.468018
656.03125	838.01532
659.806641	864.551697
663.580078	868.84906
667.353516	897.385864
671.123047	881.385925
674.892578	903.395996
678.660156	897.222473
682.425781	860.860779
686.191406	892.079407
689.953125	879.325378
693.714844	886.269653
697.474609	861.670959
701.232422	878.476318
704.988281	872.271912
708.744141	904.231873
712.498047	900.666138
716.248047	943.862122
719.998047	951.511719
723.748047	945.323914
727.494141	931.216553
731.240234	917.096924
734.982422	904.945251
738.724609	927.781067
742.464844	953.939209
746.205078	981.44104
749.941406	958.054871
753.677734	968.383179
757.412109	966.808594
761.144531	957.288147
764.875	967.628479
768.605469	957.437134
772.332031	995.62616
776.058594	1019.921204
779.783203	1036.938721
783.505859	1013.484192
787.228516	1014.577148
790.947266	1036.263184
794.666016	997.49292
798.382813	1009.881775
802.097656	1010.973938
805.8125	1018.720642
809.523438	1021.813843
813.234375	1031.56897
816.943359	1005.355164
820.650391	1029.774536
824.357422	986.200378
828.060547	1028.642944
831.763672	1046.428467
835.464844	1044.199341
839.164063	1001.224487
842.861328	1022.361206
846.558594	1009.422424
850.253906	1002.491333
853.947266	1032.352295
857.638672	1024.085815
861.328125	985.009583
865.017578	980.065125
868.705078	1000.583252
872.390625	1014.413635
876.074219	983.315369
879.755859	990.439331
883.4375	1005.624756
887.117188	975.154297
890.794922	967.501709
894.470703	997.483276
898.146484	966.970093
901.818359	958.63092
905.490234	955.668457
909.160156	979.634827
912.830078	970.616089
916.496094	985.848206
920.162109	992.329041
923.826172	967.117371
927.488281	975.619385
931.148438	962.528687
934.808594	939.297791
938.466797	932.260376
942.123047	942.788452
945.777344	958.057922
949.429688	940.19635
953.082031	953.44696
956.732422	959.938721
960.380859	958.985901
964.027344	959.387146
967.673828	955.721497
971.318359	914.078918
974.960938	942.953186
978.601563	956.242004
982.240234	978.367981
985.878906	948.211182
989.515625	937.734924
993.150391	1001.348083
996.783203	973.202515
1000.416016	987.896423
1004.044922	1010.0896
1007.673828	969.654724
1011.302734	957.115906
1014.927734	942.521912
1018.552734	938.824097
1022.175781	936.487061
1025.796875	960.759827
1029.416016	958.429443
1033.035156	981.365173
1036.650391	976.308105
1040.265625	977.398071
1043.880859	955.240112
1047.492188	952.901306
1051.103516	972.459473
1054.712891	967.386841
1058.320313	968.473999
1061.925781	994.229065
1065.53125	982.988953
1069.134766	990.940857
1072.736328	1015.364502
1076.335938	984.214478
1079.935547	1007.281799
1083.533203	1013.195251
1087.128906	1018.426086
1090.722656	992.724304
1094.316406	1006.203674
1097.90625	1005.932922
1101.496094	1022.181763
1105.085938	1004.012634
1108.671875	995.4729
1112.257813	983.479858
1115.841797	974.234558
1119.423828	989.812866
1123.003906	1033.695801
1126.583984	1015.484619
1130.162109	1003.473694
1133.738281	974.17981
1137.314453	942.09668
1140.886719	958.39032
1144.458984	954.635986
1148.029297	956.414673
1151.599609	943.655518
1155.166016	978.676575
1158.732422	980.466614
1162.296875	995.42865
1165.861328	978.502563
1169.421875	1007.350952
1172.982422	1013.319092
1176.541016	1010.959839
1180.097656	988.454102
1183.654297	1022.21759
1187.208984	994.831055
1190.761719	1006.368896
1194.3125	1013.741333
1197.863281	1005.806274
1201.412109	1028.503662
1204.958984	1056.095947
1208.503906	1054.439941
1212.048828	1036.049438
1215.591797	1057.400635
1219.132813	1090.631348
1222.671875	1087.5896
1226.210938	1093.623657
1229.748047	1085.689575
1233.283203	1143.447998
1236.816406	1135.527344
1240.349609	1159.776978
1243.880859	1151.156128
1247.410156	1128.526245
1250.939453	1133.191772
1254.464844	1118.242554
1257.990234	1099.776123
1261.513672	1140.197266
1265.037109	1132.948364
1268.558594	1110.253418
1272.078125	1121.942017
1275.595703	1135.747192
1279.111328	1111.619263
1282.626953	1138.786987
1286.140625	1109.014038
1289.652344	1135.498779
1293.164063	1179.600464
1296.673828	1147.694458
1300.181641	1178.453125
1303.6875	1178.230591
1307.193359	1197.746704
1310.697266	1198.941772
1314.199219	1202.959717
1317.699219	1182.982178
1321.199219	1208.180054
1324.697266	1229.159668
1328.193359	1234.608643
1331.689453	1216.731079
1335.181641	1195.302246
1338.673828	1214.894531
1342.166016	1216.80603
1345.654297	1162.067139
1349.142578	1161.832642
1352.628906	1172.937378
1356.115234	1137.255981
1359.597656	1166.091553
1363.080078	1174.372314
1366.5625	1147.875366
1370.041016	1155.444702
1373.519531	1142.416504
1376.996094	1142.881714
1380.470703	1164.677979
1383.945313	1182.223877
1387.417969	1152.105347
1390.888672	1144.743164
1394.357422	1133.813599
1397.826172	1118.599976
1401.292969	1139.725098
1404.757813	1150.171143
1408.222656	1120.677734
1411.683594	1119.705688
1415.144531	1158.712769
1418.605469	1154.897949
1422.0625	1151.794189
1425.519531	1140.824829
1428.976563	1130.561279
1432.429688	1201.842896
1435.882813	1219.50647
1439.333984	1240.763916
1442.783203	1262.038208
1446.232422	1254.667725
1449.679688	1268.796021
1453.125	1228.433838
1456.570313	1211.713501
1460.011719	1253.831055
1463.453125	1262.236572
1466.894531	1226.114868
1470.332031	1204.335083
1473.769531	1181.818604
1477.207031	1196.679688
1480.640625	1226.661011
1484.074219	1203.405518
1487.505859	1209.652222
1490.935547	1164.760742
1494.365234	1147.936523
1497.792969	1115.959595
1501.21875	1120.737427
1504.644531	1111.088989
1508.066406	1101.432617
1511.490234	1129.315674
1514.910156	1146.38562
1518.330078	1130.949707
1521.748047	1081.522705
1525.164063	1136.924561
1528.580078	1117.847656
1531.992188	1116.850464
1535.40625	1167.988037
1538.816406	1141.655762
1542.226563	1120.374634
1545.634766	1129.525635
1549.041016	1168.419922
1552.447266	1177.596924
1555.851563	1202.75
1559.253906	1228.649048
1562.65625	1201.53833
1566.056641	1203.474854
1569.455078	1238.856079
1572.851563	1282.993164
1576.248047	1228.937622
1579.642578	1235.982544
1583.035156	1225.555908
1586.427734	1206.378784
1589.818359	1200.303955
1593.207031	1186.93335
1596.595703	1174.281006
1599.982422	1198.830811
1603.367188	1257.707764
1606.751953	1196.141235
1610.132813	1190.776489
1613.513672	1213.909424
1616.894531	1188.075439
1620.273438	1198.059814
1623.650391	1191.954224
1627.025391	1206.3396
1630.400391	1170.940063
1633.773438	1232.946167
1637.144531	1229.042236
1640.513672	1226.601196
1643.882813	1208.021606
1647.251953	1248.861572
1650.617188	1264.04187
1653.982422	1261.609741
1657.345703	1282.683838
1660.707031	1249.389282
1664.068359	1295.472534
1667.427734	1251.858521
1670.787109	1258.980591
1674.142578	1255.066528
1677.498047	1244.52124
1680.853516	1267.855469
1684.205078	1268.361084
1687.556641	1198.087646
1690.90625	1208.153809
1694.255859	1201.256714
1697.603516	1212.807861
1700.949219	1182.275757
1704.294922	1164.277832
1707.638672	1160.307129
1710.980469	1165.94458
1714.320313	1123.509644
1717.660156	1146.154785
1720.998047	1148.091187
1724.335938	1138.180664
1727.669922	1154.931274
1731.003906	1124.263794
1734.337891	1132.866211
1737.669922	1134.058105
1741	1170.866455
1744.328125	1113.432983
1747.65625	1141.35083
1750.982422	1164.090332
1754.306641	1163.066162
1757.630859	1164.27124
1760.953125	1140.932739
1764.273438	1072.932007
1767.59375	1127.695313
1770.912109	1114.738892
1774.228516	1109.221191
1777.544922	1103.698975
1780.859375	1142.904053
1784.171875	1123.219482
1787.484375	1122.918213
1790.792969	1121.869995
1794.103516	1125.301025
1797.410156	1122.758423
1800.716797	1120.213379
1804.023438	1119.909058
1807.326172	1109.133545
1810.628906	1139.499878
1813.929688	1129.471558
1817.230469	1111.198242
1820.529297	1135.608032
1823.826172	1117.322266
1827.123047	1119.262939
1830.417969	1134.704346
1833.710938	1162.912109
1837.001953	1119.838623
1840.292969	1165.332031
1843.583984	1150.768677
1846.871094	1167.003052
1850.158203	1111.082275
1853.443359	1161.907227
1856.728516	1103.682739
1860.011719	1130.459961
1863.292969	1147.469971
1866.574219	1172.025269
1869.853516	1189.064453
1873.130859	1113.396484
1876.408203	1133.441895
1879.683594	1192.732422
1882.957031	1150.183105
1886.230469	1143.840454
1889.501953	1145.045654
1892.771484	1141.717773
1896.041016	1171.646851
1899.308594	1138.834595
1902.574219	1168.028809
1905.839844	1152.595093
1909.103516	1159.104492
1912.365234	1136.838013
1915.626953	1144.103394
1918.886719	1107.411377
1922.146484	1131.352539
1925.402344	1153.036499
1928.658203	1123.133789
1931.914063	1151.663574
1935.167969	1172.620728
1938.419922	1112.29895
1941.669922	1154.538452
1944.919922	1136.742065
1948.167969	1130.341309
1951.416016	1101.867554
1954.662109	1137.31665
1957.90625	1158.323853
1961.150391	1164.871826
1964.392578	1156.181763
1967.632813	1168.070801
1970.873047	1118.948975
1974.111328	1156.012573
1977.347656	1140.434326
1980.583984	1159.970947
1983.818359	1183.342407
1987.050781	1173.869507
1990.283203	1154.449951
1993.513672	1151.841309
1996.744141	1149.995483
1999.970703	1167.283813
2003.199219	1131.749878
2006.423828	1135.255493
2009.648438	1156.389038
2012.871094	1153.006836
2016.09375	1163.42627
2019.314453	1176.922485
2022.533203	1149.750244
2025.751953	1107.199951
2028.96875	1162.935913
2032.183594	1184.136108
2035.398438	1150.004639
2038.611328	1131.995728
2041.824219	1134.744141
2045.035156	1112.097046
2048.244141	1167.963501
2051.451172	1164.566528
2054.658203	1143.444824
2057.865234	1134.639404
2061.068359	1131.224731
2064.271484	1129.349976
2067.474609	1105.09375
2070.673828	1181.180054
2073.875	1184.727905
2077.072266	1142.69397
2080.269531	1144.683228
2083.464844	1134.302246
2086.660156	1145.571411
2089.853516	1162.265625
2093.044922	1147.233887
2096.236328	1138.38562
2099.425781	1166.716309
2102.613281	1168.718384
2105.800781	1139.709106
2108.986328	1115.330811
2112.169922	1136.71228
2115.353516	1149.571533
2118.535156	1168.65271
2121.716797	1134.148193
2124.896484	1172.665405
2128.074219	1149.019043
2131.251953	1146.352417
2134.427734	1148.35144
2137.603516	1123.889038
2140.777344	1160.139648
2143.949219	1186.291992
2147.119141	1154.802124
2150.289063	1172.397339
2153.458984	1152.574585
2156.625	1110.8927
2159.791016	1133.953491
2162.957031	1170.304199
2166.121094	1148.105713
2169.283203	1160.268188
2172.445313	1147.427734
2175.603516	1144.742188
2178.763672	1137.360962
2181.921875	1154.232178
2185.078125	1130.408813
2188.232422	1155.121094
2191.386719	1146.947876
2194.539063	1136.416992
2197.691406	1173.703979
2200.841797	1161.605957
2203.990234	1124.389893
2207.138672	1142.875854
2210.285156	1111.905273
2213.429688	1161.036377
2216.574219	1146.551392
2219.71875	1154.067017
2222.859375	1144.286377
2226	1150.23291
2229.140625	1167.989624
2232.279297	1161.351563
2235.416016	1167.310791
2238.550781	1161.454834
2241.685547	1154.805786
2244.820313	1174.174072
2247.951172	1123.347656
2251.082031	1137.983276
2254.212891	1139.998169
2257.341797	1130.95752
2260.46875	1141.661499
2263.595703	1199.005981
2266.720703	1162.302856
2269.84375	1171.448364
2272.966797	1140.244995
2276.087891	1171.553223
2279.208984	1155.37146
2282.328125	1162.150635
2285.445313	1164.972412
2288.5625	1134.498291
2291.677734	1157.13855
2294.792969	1161.547607
2297.90625	1177.071655
2301.017578	1179.902954
2304.128906	1169.23291
2307.238281	1164.116699
2310.345703	1170.125244
2313.453125	1164.209717
2316.558594	1149.538696
2319.664063	1169.076904
2322.767578	1224.455688
2325.871094	1231.293823
2328.972656	1256.461914
2332.072266	1240.999512
2335.169922	1190.441772
2338.267578	1166.965332
2341.365234	1151.450317
2344.460938	1147.897217
2347.554688	1167.49939
2350.648438	1142.379639
2353.740234	1153.203247
2356.830078	1163.235352
2359.919922	1137.28479
2363.007813	1168.920044
2366.095703	1162.96106
2369.181641	1189.02478
2372.265625	1174.257446
2375.349609	1153.869385
2378.431641	1163.926514
2381.513672	1154.745239
2384.59375	1142.3479
2387.673828	1173.276733
2390.75	1200.2146
2393.828125	1146.860352
2396.902344	1163.363525
2399.976563	1153.355713
2403.050781	1219.723633
2406.123047	1199.272705
2409.193359	1213.405762
2412.262695	1151.883911
2415.331055	1199.829834
2418.398438	1189.005981
2421.464844	1191.067383
2424.530273	1190.71167
2427.59375	1179.064697
2430.65625	1146.432495
2433.717773	1185.605713
2436.77832	1190.090576
2439.837891	1143.693848
2442.895508	1181.293701
2445.953125	1194.672485
2449.008789	1182.994385
2452.063477	1149.466309
2455.117188	1195.216309
2458.168945	1188.381348
2461.220703	1160.485474
2464.270508	1186.037109
2467.319336	1176.758789
2470.367188	1194.227905
2473.413086	1213.331909
2476.458984	1204.864014
2479.50293	1137.949829
2482.545898	1149.745728
2485.587891	1181.857056
2488.628906	1170.925659
2491.668945	1167.301758
2494.707031	1135.213135
2497.745117	1160.0448
2500.78125	1164.549927
2503.816406	1189.410767
2506.850586	1202.073853
2509.882813	1177.269043
2512.915039	1194.011719
2515.945313	1182.22998
2518.974609	1187.567627
2522.00293	1192.093018
2525.030273	1181.112793
2528.056641	1130.112793
2531.081055	1152.591797
2534.105469	1184.893433
2537.12793	1168.170654
2540.149414	1180.875122
2543.169922	1166.591919
2546.188477	1185.851929
2549.207031	1156.822754
2552.223633	1150.703735
2555.239258	1191.280762
2558.254883	1211.397339
2561.267578	1197.091919
2564.280273	1192.618164
2567.291992	1165.986328
2570.301758	1199.255981
2573.311523	1155.361938
2576.319336	1163.186768
2579.326172	1215.392578
2582.332031	1165.699951
2585.335938	1191.628906
2588.339844	1209.35022
2591.341797	1169.474731
2594.34375	1207.782959
2597.34375	1185.995972
2600.342773	1201.268677
2603.34082	1190.17749
2606.336914	1206.287109
2609.333008	1203.437256
2612.327148	1203.060425
2615.320313	1236.526489
2618.313477	1199.002075
2621.304688	1164.75354
2624.293945	1153.617798
2627.283203	1178.020874
2630.271484	1190.863892
2633.257813	1223.571289
2636.243164	1218.233032
2639.227539	1217.030029
2642.210938	1173.58667
2645.193359	1193.907227
2648.174805	1214.242798
2651.155273	1242.884521
2654.133789	1235.051392
2657.112305	1196.51123
2660.088867	1186.164307
2663.064453	1196.568848
2666.039063	1140.526245
2669.012695	1199.118408
2671.984375	1185.430786
2674.956055	1197.512695
2677.925781	1207.107422
2680.895508	1218.373413
2683.863281	1232.145142
2686.830078	1180.132446
2689.795898	1227.225464
2692.760742	1211.843994
2695.723633	1233.136353
2698.686523	1223.583618
2701.647461	1243.226807
2704.608398	1212.802856
2707.567383	1239.971069
2710.525391	1209.522827
2713.482422	1255.092896
2716.438477	1282.305908
2719.392578	1248.493774
2722.34668	1228.041138
2725.299805	1260.294556
2728.250977	1237.319214
2731.201172	1231.075806
2734.150391	1240.745239
2737.098633	1232.821899
2740.045898	1244.175293
2742.992188	1304.181641
2745.9375	1242.575195
2748.881836	1268.212402
2751.824219	1237.613159
2754.765625	1221.269897
2757.707031	1251.968262
2760.646484	1226.371582
2763.584961	1225.140991
2766.522461	1254.191406
2769.458984	1234.456909
2772.393555	1245.853882
2775.328125	1257.259033
2778.261719	1240.872559
2781.193359	1196.664063
2784.124023	1255.272583
2787.054688	1252.359985
2789.983398	1215.698975
2792.911133	1251.591309
2795.837891	1244.451904
2798.762695	1241.529907
2801.6875	1258.882813
2804.611328	1262.725098
2807.533203	1232.749512
2810.455078	1263.650391
2813.375	1249.729126
2816.293945	1271.347534
2819.211914	1251.490967
2822.129883	1266.348877
2825.045898	1232.917603
2827.959961	1246.931274
2830.874023	1274.522827
2833.787109	1318.251831
2836.698242	1294.972656
2839.609375	1397.315674
2842.518555	1486.14563
2845.427734	1548.704468
2848.334961	1616.407837
2851.241211	1673.958252
2854.146484	1644.802734
2857.050781	1699.852539
2859.954102	1681.748657
2862.856445	1657.671265
2865.757813	1768.997559
2868.657227	1804.574951
2871.556641	1847.848877
2874.454102	1953.396606
2877.351563	1968.608032
2880.24707	1965.058472
2883.141602	1976.870117
2886.036133	1992.959229
2888.928711	2019.309937
2891.820313	1967.919678
2894.710938	2023.343262
2897.599609	2012.962036
2900.488281	2020.536987
2903.375977	2052.077881
2906.262695	2050.255127
2909.147461	2030.446655
2912.032227	2125.418213
2914.915039	2143.329346
2917.797852	2228.979736
2920.678711	2228.072998
2923.558594	2274.35083
2926.4375	2333.535156
2929.31543	2352.4104
2932.192383	2408.229492
2935.068359	2403.087646
2937.943359	2383.330322
2940.817383	2343.783203
2943.69043	2273.243408
2946.561523	2164.793701
2949.432617	2125.123047
2952.301758	2050.981689
2955.170898	2008.655884
2958.038086	1949.06604
2960.905273	2010.108154
2963.770508	1965.99585
2966.634766	1963.255615
2969.499023	1959.650024
2972.361328	1887.847534
2975.222656	1846.216064
2978.083008	1740.630249
2980.942383	1741.258179
2983.800781	1757.446289
2986.657227	1661.225586
2989.513672	1685.181519
2992.369141	1600.114624
2995.223633	1585.108276
2998.076172	1532.852051
3000.928711	1482.290405
3003.779297	1434.291992
3006.629883	1480.756592
3009.478516	1428.386108
3012.327148	1371.639771
3015.173828	1362.58606
3018.019531	1340.502686
3020.865234	1345.326904
3023.708984	1298.893677
3026.551758	1328.041748
3029.393555	1273.743164
3032.234375	1328.995361
3035.074219	1285.098633
3037.913086	1328.208496
3040.750977	1293.856934
3043.587891	1323.064209
3046.423828	1280.84375
3049.258789	1346.675293
3052.091797	1350.64563
3054.924805	1342.406738
3057.756836	1341.142334
3060.586914	1320.673218
3063.416992	1356.946899
3066.246094	1325.112549
3069.073242	1336.946167
3071.900391	1299.836548
3074.725586	1309.045654
3077.550781	1288.519287
3080.374023	1299.480591
3083.196289	1260.55249
3086.018555	1282.89502
3088.838867	1248.312622
3091.658203	1268.037231
3094.477539	1292.158813
3097.294922	1287.358032
3100.111328	1287.817139
3102.926758	1289.153809
3105.741211	1269.421875
3108.554688	1273.386963
3111.367188	1282.62561
3114.178711	1240.898926
3116.990234	1267.714722
3119.799805	1279.598755
3122.607422	1241.344482
3125.415039	1284.90979
3128.22168	1265.117798
3131.027344	1284.062256
3133.832031	1289.804688
3136.635742	1247.959351
3139.438477	1318.052124
3142.240234	1264.721069
3145.041016	1236.9375
3147.839844	1258.558472
3150.638672	1259.005005
3153.436523	1262.984497
3156.233398	1253.713623
3159.02832	1226.759277
3161.823242	1279.358643
3164.617188	1258.584961
3167.410156	1259.030762
3170.201172	1255.936279
3172.992188	1211.225464
3175.782227	1215.197021
3178.570313	1248.409912
3181.358398	1254.169556
3184.144531	1269.686157
3186.930664	1269.248047
3189.71582	1257.274658
3192.499023	1266.594849
3195.282227	1267.042236
3198.063477	1269.266113
3200.844727	1236.401978
