399.333984	887.925415
403.220703	904.843506
407.103516	902.05542
410.986328	880.808411
414.867188	854.449158
418.748047	849.086914
422.625	861.562805
426.501953	818.584351
430.375	857.207275
434.248047	836.521973
438.119141	830.500732
441.988281	830.22168
445.855469	825.469788
449.722656	813.043274
453.585938	801.245239
457.449219	827.181335
461.310547	853.139648
465.169922	818.932739
469.027344	818.005493
472.882813	817.077271
476.736328	796.273193
480.589844	817.141846
484.441406	819.419678
488.289063	798.588989
492.136719	797.649109
495.984375	819.195984
499.828125	821.477661
503.669922	813.472107
507.511719	791.305969
511.351563	828.333069
515.189453	840.92395
519.025391	832.911987
522.859375	853.248535
526.691406	809.774658
530.523438	815.928223
534.351563	797.566223
538.179688	808.88385
542.005859	817.627625
545.830078	823.794189
549.654297	835.783386
553.474609	806.395874
557.294922	797.68512
561.113281	819.386169
564.927734	771.822876
568.744141	798.713257
572.556641	773.78186
576.367188	789.025635
580.177734	773.797424
583.986328	755.311401
587.792969	775.759644
591.597656	774.793335
595.400391	772.526489
599.201172	744.907227
603.001953	751.729187
606.800781	781.977051
610.597656	777.755981
614.392578	795.018066
618.185547	810.340454
621.976563	783.316711
625.767578	781.695923
629.556641	774.203369
633.34375	775.839417
637.128906	795.102051
640.912109	803.931763
644.693359	778.794495
648.474609	812.46228
652.253906	775.536377
656.03125	797.455627
659.806641	785.361145
663.580078	816.469299
667.353516	812.887451
671.123047	835.514526
674.892578	818.825562
678.660156	808.680786
682.425781	798.5271
686.191406	781.14386
689.953125	809.714844
693.714844	815.315491
697.474609	831.43689
701.232422	840.338867
704.988281	825.566528
708.744141	837.105469
712.498047	870.380615
716.248047	870.092041
719.998047	886.935486
723.748047	878.742554
727.494141	868.563904
731.240234	851.778503
734.982422	866.001587
738.724609	860.426147
742.464844	876.646362
746.205078	873.052979
749.941406	909.788452
753.677734	882.392883
757.412109	887.399292
761.144531	920.214722
764.875	890.138733
768.605469	909.068359
772.332031	937.293884
776.058594	951.616943
779.783203	944.722229
783.505859	972.997925
787.228516	1007.937256
790.947266	931.972534
794.666016	922.398499
798.382813	886.887634
802.097656	935.815979
805.8125	944.19635
809.523438	963.899963
813.234375	960.977478
816.943359	962.715881
820.650391	961.789368
824.357422	954.860657
828.060547	941.922058
831.763672	923.633301
835.464844	907.999451
839.164063	965.82428
842.861328	934.825684
846.558594	971.318359
850.253906	977.077942
853.947266	951.396545
857.638672	957.152039
861.328125	922.065369
865.017578	923.793457
868.705078	943.617676
872.390625	921.218994
876.074219	914.89917
879.755859	911.257874
883.4375	919.025574
887.117188	938.216614
890.794922	884.860901
894.470703	957.825928
898.146484	934.692932
901.818359	875.213196
905.490234	891.73291
909.160156	884.701172
912.830078	916.730347
916.496094	923.179749
920.162109	904.691284
923.826172	891.582397
927.488281	891.956299
931.148438	881.530518
934.808594	855.564575
938.466797	874.162964
942.123047	894.80426
945.777344	862.725403
949.429688	880.673096
953.082031	847.207642
956.732422	873.963928
960.380859	888.551941
964.027344	867.242615
967.673828	921.152832
971.318359	889.667358
974.960938	868.330994
978.601563	880.231262
982.240234	880.599121
985.878906	885.721619
989.515625	873.180725
993.150391	897.338379
996.783203	906.554138
1000.416016	977.690918
1004.044922	988.989319
1007.673828	932.884094
1011.302734	910.111633
1014.927734	874.371338
1018.552734	859.054688
1022.175781	882.603271
1025.796875	886.382813
1029.416016	902.45282
1033.035156	893.950623
1036.650391	916.868774
1040.265625	924.768921
1043.880859	899.170166
1047.492188	883.12677
1051.103516	887.60022
1054.712891	881.807678
1058.320313	904.776611
1061.925781	912.689941
1065.53125	904.843384
1069.134766	926.478271
1072.736328	915.200195
1076.335938	924.502686
1079.935547	952.351624
1083.533203	921.835938
1087.128906	920.844116
1090.722656	954.225342
1094.316406	940.865784
1097.90625	938.503784
1101.496094	938.204529
1105.085938	928.952698
1108.671875	950.693848
1112.257813	897.330627
1115.841797	921.144653
1119.423828	905.661499
1123.003906	910.866821
1126.583984	924.360229
1130.162109	923.361572
1133.738281	860.180054
1137.314453	863.300659
1140.886719	847.753662
1144.458984	884.075928
1148.029297	875.444702
1151.599609	853.651672
1155.166016	864.393738
1158.732422	900.089172
1162.296875	878.278625
1165.861328	857.836792
1169.421875	907.448364
1172.982422	905.046631
1176.541016	913.752136
1180.097656	903.015015
1183.654297	908.946716
1187.208984	891.246277
1190.761719	897.17749
1194.3125	877.369812
1197.863281	905.573669
1201.412109	910.821106
1204.958984	955.780762
1208.503906	938.054321
1212.048828	975.392395
1215.591797	986.256226
1219.132813	985.266418
1222.671875	991.256226
1226.210938	1047.532227
1229.748047	1048.661621
1233.283203	1031.619385
1236.816406	1022.953552
1240.349609	1037.363892
1243.880859	1058.083862
1247.410156	1059.918579
1250.939453	1072.960327
1254.464844	1075.502686
1257.990234	1051.411133
1261.513672	1042.726563
1265.037109	1016.496643
1268.558594	1019.720703
1272.078125	1033.478516
1275.595703	1007.211792
1279.111328	1034.325928
1282.626953	1015.769836
1286.140625	1050.644775
1289.652344	1067.959839
1293.164063	1100.772705
1296.673828	1104.743896
1300.181641	1127.032227
1303.6875	1123.969971
1307.193359	1115.265015
1310.697266	1131.942139
1314.199219	1133.81604
1317.699219	1125.809448
1321.199219	1138.979736
1324.697266	1154.279785
1328.193359	1146.977539
1331.689453	1161.585815
1335.181641	1140.134399
1338.673828	1122.910645
1342.166016	1146.728149
1345.654297	1065.759277
1349.142578	1059.818115
1352.628906	1025.522827
1356.115234	1047.92041
1359.597656	1040.545288
1363.080078	1048.065186
1366.5625	1052.041626
1370.041016	1060.282104
1373.519531	1064.266113
1376.996094	1007.839722
1380.470703	987.629883
1383.945313	1005.815002
1387.417969	1003.377747
1390.888672	1010.193115
1394.357422	1028.408813
1397.826172	1009.589844
1401.292969	1008.574707
1404.757813	1036.081055
1408.222656	1033.64856
1411.683594	1020.509277
1415.144531	1023.77948
1418.605469	994.912048
1422.0625	1026.754517
1425.519531	1035.748901
1428.976563	1056.90686
1432.429688	1085.950806
1435.882813	1125.037598
1439.333984	1113.322388
1442.783203	1156.032715
1446.232422	1187.312622
1449.679688	1198.546265
1453.125	1214.808472
1456.570313	1198.082642
1460.011719	1159.093994
1463.453125	1176.795044
1466.894531	1091.077026
1470.332031	1119.542969
1473.769531	1084.052612
1477.207031	1107.504028
1480.640625	1102.196289
1484.074219	1068.09436
1487.505859	1080.766602
1490.935547	1018.535339
1494.365234	996.607849
1497.792969	966.732422
1501.21875	953.420105
1504.644531	937.932312
1508.066406	960.685974
1511.490234	927.136414
1514.910156	947.736572
1518.330078	930.052551
1521.748047	973.804199
1525.164063	950.330078
1528.580078	935.519043
1531.992188	934.448425
1535.40625	951.479431
1538.816406	969.248291
1542.226563	957.318848
1545.634766	956.254333
1549.041016	971.144775
1552.447266	1024.502075
1555.851563	1038.705566
1559.253906	1042.028076
1562.65625	1041.720703
1566.056641	1050.860352
1569.455078	1023.655701
1572.851563	1083.707397
1576.248047	1079.7771
1579.642578	1110.782837
1583.035156	1070.449951
1586.427734	1062.866333
1589.818359	1019.56604
1593.207031	1009.768188
1596.595703	1029.866333
1599.982422	1044.142944
1603.367188	1063.540527
1606.751953	1051.552734
1610.132813	1007.411499
1613.513672	1035.586792
1616.894531	1058.666626
1620.273438	1005.697327
1623.650391	1020.002625
1627.025391	1018.947021
1630.400391	985.669373
1633.773438	1044.670898
1637.144531	1061.94519
1640.513672	1067.502319
1643.882813	1106.06958
1647.251953	1152.005127
1650.617188	1116.496948
1653.982422	1161.004028
1657.345703	1193.057617
1660.707031	1182.510254
1664.068359	1141.809814
1667.427734	1188.603638
1670.787109	1173.625977
1674.142578	1144.650146
1677.498047	1086.19458
1680.853516	1102.835327
1684.205078	1091.483398
1687.556641	1076.435669
1690.90625	1020.808838
1694.255859	1050.730591
1697.603516	1044.505859
1700.949219	1030.152832
1704.294922	996.580444
1707.638672	969.632507
1710.980469	948.577576
1714.320313	963.747925
1717.660156	944.15332
1720.998047	926.023315
1724.335938	955.271973
1727.669922	931.204956
1731.003906	955.290771
1734.337891	928.979919
1737.669922	919.707031
1741	940.848328
1744.328125	941.222046
1747.65625	912.635132
1750.982422	937.512451
1754.306641	945.316406
1757.630859	927.104858
1760.953125	936.397888
1764.273438	915.93573
1767.59375	959.471497
1770.912109	898.790771
1774.228516	907.341492
1777.544922	891.305847
1780.859375	925.953613
1784.171875	909.91217
1787.484375	922.210571
1790.792969	897.943848
1794.103516	922.194275
1797.410156	923.306274
1800.716797	907.230896
1804.023438	906.842224
1807.326172	907.948792
1810.628906	937.487427
1813.929688	891.45166
1817.230469	953.953247
1820.529297	923.617859
1823.826172	885.764526
1827.123047	895.860168
1830.417969	942.712036
1833.710938	921.326538
1837.001953	934.449768
1840.292969	910.791077
1843.583984	948.70813
1846.871094	900.989502
1850.158203	914.876282
1853.443359	918.997192
1856.728516	950.957764
1860.011719	900.153259
1863.292969	916.319519
1866.574219	918.940125
1869.853516	922.316162
1873.130859	915.894897
1876.408203	938.879028
1879.683594	915.861633
1882.957031	956.221741
1886.230469	946.782776
1889.501953	942.623291
1892.771484	939.971558
1896.041016	941.852844
1899.308594	924.830444
1902.574219	956.966675
1905.839844	912.691833
1909.103516	922.135376
1912.365234	944.46167
1915.626953	916.040405
1918.886719	939.8974
1922.146484	951.640381
1925.402344	941.393677
1928.658203	933.415283
1931.914063	938.336304
1935.167969	933.387878
1938.419922	929.954895
1941.669922	942.480347
1944.919922	931.444153
1948.167969	913.553101
1951.416016	938.261475
1954.662109	953.853943
1957.90625	932.142212
1961.150391	924.126587
1964.392578	955.736328
1967.632813	922.562439
1970.873047	967.925232
1974.111328	967.540588
1977.347656	932.804993
1980.583984	948.442383
1983.818359	955.688354
1987.050781	987.395447
1990.283203	965.609436
1993.513672	956.808411
1996.744141	965.598389
1999.970703	970.56781
2003.199219	963.289185
2006.423828	948.344299
2009.648438	983.198914
2012.871094	948.317444
2016.09375	970.927917
2019.314453	965.168518
2022.533203	980.89502
2025.751953	1000.472656
2028.96875	952.470642
2032.183594	980.504639
2035.398438	968.586792
2038.611328	965.887695
2041.824219	974.725952
2045.035156	955.095093
2048.244141	981.643677
2051.451172	958.148682
2054.658203	963.144226
2057.865234	938.852478
2061.068359	960.037354
2064.271484	944.981995
2067.474609	969.272156
2070.673828	943.400024
2073.875	957.667908
2077.072266	970.401367
2080.269531	1004.786072
2083.464844	980.433044
2086.660156	992.415955
2089.853516	990.479309
2093.044922	976.155151
2096.236328	966.466125
2099.425781	1007.900391
2102.613281	981.94043
2105.800781	965.263855
2108.986328	979.598633
2112.169922	968.339172
2115.353516	1006.748352
2118.535156	1005.5849
2121.716797	997.428955
2124.896484	988.48938
2128.074219	969.436218
2131.251953	1002.475037
2134.427734	981.078064
2137.603516	989.240295
2140.777344	979.500427
2143.949219	1020.382507
2147.119141	996.620728
2150.289063	1024.288696
2153.458984	1016.885803
2156.625	1015.717957
2159.791016	1006.74469
2162.957031	989.957092
2166.121094	999.711121
2169.283203	1017.285706
2172.445313	1012.20636
2175.603516	1035.272339
2178.763672	1006.728699
2181.921875	997.726074
2185.078125	1030.989136
2188.232422	1023.554749
2191.386719	1038.833984
2194.539063	1022.775269
2197.691406	1050.610107
2200.841797	1042.386475
2203.990234	1035.725464
2207.138672	1056.532104
2210.285156	1034.951416
2213.429688	1044.775635
2216.574219	1042.033691
2219.71875	1021.207825
2222.859375	1058.563232
2226	1053.46228
2229.140625	1034.977295
2232.279297	1077.891724
2235.416016	1053.887817
2238.550781	1032.229126
2241.685547	1066.520264
2244.820313	1058.254883
2247.951172	1061.81604
2251.082031	1078.006348
2254.212891	1051.577271
2257.341797	1067.775513
2260.46875	1061.86377
2263.595703	1054.366455
2266.720703	1042.90979
2269.84375	1067.829346
2272.966797	1088.811401
2276.087891	1070.229614
2279.208984	1061.928101
2282.328125	1059.95752
2285.445313	1050.852661
2288.5625	1054.425415
2291.677734	1061.172974
2294.792969	1081.413452
2297.90625	1084.20752
2301.017578	1091.767578
2304.128906	1100.127441
2307.238281	1060.021606
2310.345703	1027.834229
2313.453125	1069.578003
2316.558594	1055.66626
2319.664063	1082.331177
2322.767578	1154.395874
2325.871094	1177.135986
2328.972656	1177.584473
2332.072266	1172.453613
2335.169922	1145.790161
2338.267578	1123.094482
2341.365234	1069.260864
2344.460938	1093.615601
2347.554688	1100.420044
2350.648438	1100.838623
2353.740234	1079.679565
2356.830078	1089.683716
2359.919922	1110.89209
2363.007813	1084.911499
2366.095703	1099.730591
2369.181641	1107.35437
2372.265625	1126.197754
2375.349609	1116.208374
2378.431641	1093.385498
2381.513672	1115.451904
2384.59375	1097.424194
2387.673828	1071.3573
2390.75	1091.833984
2393.828125	1119.554077
2396.902344	1111.944092
2399.976563	1103.524414
2403.050781	1111.982788
2406.123047	1116.425537
2409.193359	1116.848267
2412.262695	1139.80957
2415.331055	1123.330566
2418.398438	1092.338745
2421.464844	1099.198853
2424.530273	1108.482422
2427.59375	1095.997925
2430.65625	1089.958008
2433.717773	1127.495728
2436.77832	1098.855713
2439.837891	1078.270752
2442.895508	1138.469849
2445.953125	1147.790894
2449.008789	1138.520874
2452.063477	1061.2948
2455.117188	1092.445435
2458.168945	1134.143188
2461.220703	1119.994019
2464.270508	1124.466919
2467.319336	1132.184692
2470.367188	1122.071533
2473.413086	1074.642334
2476.458984	1114.803467
2479.50293	1108.72998
2482.545898	1151.369629
2485.587891	1107.12793
2488.628906	1127.859009
2491.668945	1129.096191
2494.707031	1091.300903
2497.745117	1120.183472
2500.78125	1088.866333
2503.816406	1151.147705
2506.850586	1116.560425
2509.882813	1095.797119
2512.915039	1145.925171
2515.945313	1091.728271
2518.974609	1140.26062
2522.00293	1118.658081
2525.030273	1140.300293
2528.056641	1100.716797
2531.081055	1130.536499
2534.105469	1105.628174
2537.12793	1124.844482
2540.149414	1118.723755
2543.169922	1093.782227
2546.188477	1092.555054
2549.207031	1103.6073
2552.223633	1117.124512
2555.239258	1123.277832
2558.254883	1129.435425
2561.267578	1129.85791
2564.280273	1104.853271
2567.291992	1178.294434
2570.301758	1136.050903
2573.311523	1148.792725
2576.319336	1123.756714
2579.326172	1137.324707
2582.332031	1135.283203
2585.335938	1130.772827
2588.339844	1149.293945
2591.341797	1116.803101
2594.34375	1150.975098
2597.34375	1122.578125
2600.342773	1114.757568
2603.34082	1135.778687
2606.336914	1106.519043
2609.333008	1134.150879
2612.327148	1110.644287
2615.320313	1114.359741
2618.313477	1133.76709
2621.304688	1165.579712
2624.293945	1129.652954
2627.283203	1146.606934
2630.271484	1122.223755
2633.257813	1122.641113
2636.243164	1107.334106
2639.227539	1114.368896
2642.210938	1142.942505
2645.193359	1135.9104
2648.174805	1127.215088
2651.155273	1099.442871
2654.133789	1113.122192
2657.112305	1164.150635
2660.088867	1167.902832
2663.064453	1108.549194
2666.039063	1162.123901
2669.012695	1151.751953
2671.984375	1143.865967
2674.956055	1156.763916
2677.925781	1126.411743
2680.895508	1130.990112
2683.863281	1112.260742
2686.830078	1146.818848
2689.795898	1161.40686
2692.760742	1119.330444
2695.723633	1172.271606
2698.686523	1135.171997
2701.647461	1173.973267
2704.608398	1152.705322
2707.567383	1144.781372
2710.525391	1160.239868
2713.482422	1189.079346
2716.438477	1165.276611
2719.392578	1191.630127
2722.34668	1185.377563
2725.299805	1174.936035
2728.250977	1211.36731
2731.201172	1198.414551
2734.150391	1188.803223
2737.098633	1201.812744
2740.045898	1203.932495
2742.992188	1191.795532
2745.9375	1208.175781
2748.881836	1227.925049
2751.824219	1177.999512
2754.765625	1170.033691
2757.707031	1178.866699
2760.646484	1161.648804
2763.584961	1178.05249
2766.522461	1180.168091
2769.458984	1173.869995
2772.393555	1147.364136
2775.328125	1130.101563
2778.261719	1189.485474
2781.193359	1106.49292
2784.124023	1143.149536
2787.054688	1176.459351
2789.983398	1173.516479
2792.911133	1160.443726
2795.837891	1145.672485
2798.762695	1164.67334
2801.6875	1179.463379
2804.611328	1172.28894
2807.533203	1199.774658
2810.455078	1176.53125
2813.375	1181.192871
2816.293945	1201.939819
2819.211914	1169.356567
2822.129883	1196.043213
2825.045898	1188.007202
2827.959961	1239.302246
2830.874023	1255.019165
2833.787109	1263.960938
2836.698242	1319.582275
2839.609375	1374.39502
2842.518555	1518.41626
2845.427734	1685.479858
2848.334961	1831.418945
2851.241211	1870.344482
2854.146484	1884.634399
2857.050781	1895.53125
2859.954102	1924.308472
2862.856445	1903.72522
2865.757813	1981.924561
2868.657227	2091.705322
2871.556641	2132.526855
2874.454102	2237.325439
2877.351563	2278.22876
2880.24707	2369.503906
2883.141602	2348.17334
2886.036133	2306.33374
2888.928711	2350.736572
2891.820313	2348.17334
2894.710938	2319.963379
2897.599609	2351.591064
2900.488281	2353.30127
2903.375977	2361.001953
2906.262695	2424.351563
2909.147461	2455.204834
2912.032227	2504.926758
2914.915039	2532.402344
2917.797852	2593.332275
2920.678711	2661.166504
2923.558594	2722.186035
2926.4375	2788.398682
2929.31543	2828.9021
2932.192383	2850.539795
2935.068359	2855.868164
2937.943359	2865.49707
2940.817383	2840.740967
2943.69043	2680.070557
2946.561523	2629.415527
2949.432617	2494.372803
2952.301758	2404.005371
2955.170898	2335.105469
2958.038086	2262.708984
2960.905273	2240.253418
2963.770508	2226.404053
2966.634766	2201.330566
2969.499023	2179.689941
2972.361328	2086.386475
2975.222656	2055.188965
2978.083008	1953.134033
2980.942383	1948.653687
2983.800781	1826.603149
2986.657227	1803.912842
2989.513672	1769.959595
2992.369141	1690.981079
2995.223633	1653.499146
2998.076172	1566.626709
3000.928711	1539.46814
3003.779297	1462.024536
3006.629883	1395.795166
3009.478516	1443.996948
3012.327148	1415.018555
3015.173828	1346.964111
3018.019531	1296.224365
3020.865234	1264.555176
3023.708984	1242.420044
3026.551758	1285.453979
3029.393555	1223.315186
3032.234375	1275.939941
3035.074219	1270.307373
3037.913086	1213.317627
3040.750977	1255.546265
3043.587891	1216.801025
3046.423828	1226.821777
3049.258789	1253.4104
3052.091797	1227.70105
3054.924805	1284.837646
3057.756836	1282.680054
3060.586914	1267.427246
3063.416992	1285.344849
3066.246094	1276.196045
3069.073242	1295.876587
3071.900391	1231.654175
3074.725586	1259.202271
3077.550781	1213.290039
3080.374023	1183.971191
3083.196289	1179.141724
3086.018555	1197.952393
3088.838867	1214.148315
3091.658203	1197.931519
3094.477539	1195.729004
3097.294922	1177.739624
3100.111328	1169.387085
3102.926758	1161.028198
3105.741211	1171.976563
3108.554688	1170.637817
3111.367188	1183.354004
3114.178711	1183.775391
3116.990234	1190.350708
3119.799805	1223.313965
3122.607422	1193.837402
3125.415039	1158.178955
3128.22168	1192.925903
3131.027344	1202.157104
3133.832031	1175.272827
3136.635742	1171.283813
3139.438477	1154.067139
3142.240234	1154.476929
3145.041016	1133.712402
3147.839844	1164.122437
3150.638672	1158.355225
3153.436523	1165.831787
3156.233398	1142.390259
3159.02832	1145.446655
3161.823242	1146.736816
3164.617188	1164.832275
3167.410156	1125.430176
3170.201172	1146.185669
3172.992188	1164.299438
3175.782227	1160.282837
3178.570313	1148.289063
3181.358398	1132.741089
3184.144531	1160.62793
3186.930664	1200.064697
3189.71582	1149.91394
3192.499023	1146.769775
3195.282227	1161.381348
3198.063477	1138.697754
3200.844727	1186.661621
