399.333984	974.366272
403.220703	1018.664246
407.103516	973.939941
410.986328	964.179749
414.867188	970.328247
418.748047	932.530579
422.625	941.219116
426.501953	915.488464
430.375	900.577881
434.248047	900.329895
438.119141	908.380066
441.988281	920.90741
445.855469	923.222778
449.722656	914.034485
453.585938	929.137573
457.449219	897.552551
461.310547	904.34082
465.169922	870.796326
469.027344	929.464355
472.882813	916.408264
476.736328	898.211609
480.589844	903.089294
484.441406	902.195862
488.289063	911.572632
492.136719	908.754822
495.984375	904.649353
499.828125	894.112244
503.669922	924.721619
507.511719	923.190247
511.351563	932.598755
515.189453	889.215881
519.025391	948.218445
522.859375	921.559998
526.691406	915.509521
530.523438	936.543701
534.351563	942.754211
538.179688	927.020874
542.005859	934.523804
545.830078	915.542297
549.654297	917.875061
553.474609	905.336182
557.294922	921.898865
561.113281	904.172607
564.927734	946.001038
568.744141	922.439331
572.556641	886.544006
576.367188	899.891235
580.177734	892.493896
583.986328	920.779114
587.792969	880.276184
591.597656	864.417358
595.400391	887.52832
599.201172	886.608643
603.001953	893.491272
606.800781	875.007629
610.597656	860.412903
614.392578	871.850281
618.185547	866.360779
621.976563	923.427429
625.767578	910.131348
629.556641	883.778931
633.34375	888.724365
637.128906	925.007874
640.912109	924.750061
644.693359	925.145142
648.474609	892.858765
652.253906	891.93219
656.03125	925.0224
659.806641	928.035034
663.580078	940.871216
667.353516	949.787903
671.123047	953.469543
674.892578	951.253723
678.660156	948.379883
682.425781	953.377014
686.191406	942.624023
689.953125	941.712158
693.714844	931.60144
697.474609	939.885193
701.232422	929.764587
704.988281	973.576477
708.744141	973.33252
712.498047	980.330322
716.248047	1009.069641
719.998047	1060.237061
723.748047	1075.849854
727.494141	1047.288818
731.240234	1037.837036
734.982422	980.852356
738.724609	995.796387
742.464844	977.721619
746.205078	1017.129822
749.941406	1024.834351
753.677734	1039.15979
757.412109	1046.879761
761.144531	1075.12854
764.875	1045.780518
768.605469	1049.536621
772.332031	1051.307007
776.058594	1121.382813
779.783203	1202.795898
783.505859	1198.65918
787.228516	1162.646973
790.947266	1112.654297
794.666016	1126.416016
798.382813	1128.222168
802.097656	1130.029419
805.8125	1127.180054
809.523438	1154.949219
813.234375	1164.094727
816.943359	1097.296265
820.650391	1139.750488
824.357422	1158.235352
828.060547	1127.371216
831.763672	1088.472534
835.464844	1061.558228
839.164063	1082.711792
842.861328	1088.514038
846.558594	1078.2771
850.253906	1098.794678
853.947266	1112.638916
857.638672	1073.616699
861.328125	1125.629517
865.017578	1141.51123
868.705078	1107.142334
872.390625	1090.84668
876.074219	1108.745117
879.755859	1085.725464
883.4375	1082.154297
887.117188	1063.133057
890.794922	1088.439453
894.470703	1108.389404
898.146484	1087.337036
901.818359	1088.466553
905.490234	1103.729736
909.160156	1094.767212
912.830078	1091.185303
916.496094	1074.796875
920.162109	1051.653076
923.826172	1066.931396
927.488281	1071.427124
931.148438	1098.200684
934.808594	1074.35144
938.466797	1070.072754
942.123047	1057.680176
945.777344	1083.815674
949.429688	1068.712402
953.082031	1071.189819
956.732422	1052.683105
960.380859	1073.441162
964.027344	1073.890259
967.673828	1061.460938
971.318359	1079.5354
974.960938	1065.062256
978.601563	1085.188721
982.240234	1072.063232
985.878906	1103.07666
989.515625	1069.561401
993.150391	1061.850464
996.783203	1130.982422
1000.416016	1200.852051
1004.044922	1244.915039
1007.673828	1127.632202
1011.302734	1062.024048
1014.927734	1037.932617
1018.552734	1091.544922
1022.175781	1081.768799
1025.796875	1077.442993
1029.416016	1118.167725
1033.035156	1084.487061
1036.650391	1128.664185
1040.265625	1135.2854
1043.880859	1125.501221
1047.492188	1097.23877
1051.103516	1095.642212
1054.712891	1078.982056
1058.320313	1091.759155
1061.925781	1122.361938
1065.53125	1144.764038
1069.134766	1132.895752
1072.736328	1156.006226
1076.335938	1167.467773
1079.935547	1150.10022
1083.533203	1125.161865
1087.128906	1169.609497
1090.722656	1151.532715
1094.316406	1178.145508
1097.90625	1219.229248
1101.496094	1177.746094
1105.085938	1158.264282
1108.671875	1114.654053
1112.257813	1121.318726
1115.841797	1122.472656
1119.423828	1088.449219
1123.003906	1128.232788
1126.583984	1154.932617
1130.162109	1093.254517
1133.738281	1116.506836
1137.314453	1097.615234
1140.886719	1048.974121
1144.458984	1037.647827
1148.029297	1045.689331
1151.599609	1071.737915
1155.166016	1086.72583
1158.732422	1122.513062
1162.296875	1084.85083
1165.861328	1079.750854
1169.421875	1120.435059
1172.982422	1091.747192
1176.541016	1124.137329
1180.097656	1132.936523
1183.654297	1099.353027
1187.208984	1112.319824
1190.761719	1125.297119
1194.3125	1101.408691
1197.863281	1150.58667
1201.412109	1147.578857
1204.958984	1175.91687
1208.503906	1203.580811
1212.048828	1212.442749
1215.591797	1240.841431
1219.132813	1256.703125
1222.671875	1289.331177
1226.210938	1347.824829
1229.748047	1366.543701
1233.283203	1362.212891
1236.816406	1357.178955
1240.349609	1396.908691
1243.880859	1378.588135
1247.410156	1338.549805
1250.939453	1393.727905
1254.464844	1376.783569
1257.990234	1347.909058
1261.513672	1329.528931
1265.037109	1325.865234
1268.558594	1342.550415
1272.078125	1280.614746
1275.595703	1280.437256
1279.111328	1302.041992
1282.626953	1318.743408
1286.140625	1340.380859
1289.652344	1365.553345
1293.164063	1392.857544
1296.673828	1427.224854
1300.181641	1455.280396
1303.6875	1424.869751
1307.193359	1443.78186
1310.697266	1472.582642
1314.199219	1496.467773
1317.699219	1490.021118
1321.199219	1496.279053
1324.697266	1487.707031
1328.193359	1499.621948
1331.689453	1486.801514
1335.181641	1546.112793
1338.673828	1496.506592
1342.166016	1482.252319
1345.654297	1426.913574
1349.142578	1403.408813
1352.628906	1364.292725
1356.115234	1324.435303
1359.597656	1370.370483
1363.080078	1389.378296
1366.5625	1353.740479
1370.041016	1335.827515
1373.519531	1355.553955
1376.996094	1398.039917
1380.470703	1351.680664
1383.945313	1318.087158
1387.417969	1296.563354
1390.888672	1327.702637
1394.357422	1311.150024
1397.826172	1293.870972
1401.292969	1294.396973
1404.757813	1275.670288
1408.222656	1317.56311
1411.683594	1323.807495
1415.144531	1283.651001
1418.605469	1318.454956
1422.0625	1336.852905
1425.519531	1372.420776
1428.976563	1352.955078
1432.429688	1377.827026
1435.882813	1490.030762
1439.333984	1426.198242
1442.783203	1515.591797
1446.232422	1530.536987
1449.679688	1526.856201
1453.125	1526.757568
1456.570313	1553.202881
1460.011719	1495.697754
1463.453125	1514.971069
1466.894531	1466.740845
1470.332031	1429.249756
1473.769531	1431.265625
1477.207031	1462.049194
1480.640625	1453.287598
1484.074219	1480.505493
1487.505859	1395.420166
1490.935547	1381.577637
1494.365234	1296.382813
1497.792969	1280.325684
1501.21875	1234.686157
1504.644531	1240.235107
1508.066406	1233.517944
1511.490234	1200.078491
1514.910156	1238.125366
1518.330078	1232.12085
1521.748047	1181.288818
1525.164063	1241.070313
1528.580078	1209.735352
1531.992188	1204.432373
1535.40625	1212.882813
1538.816406	1190.190552
1542.226563	1229.078613
1545.634766	1253.497925
1549.041016	1285.189331
1552.447266	1278.450928
1555.851563	1306.547974
1559.253906	1331.762695
1562.65625	1357.723755
1566.056641	1368.44397
1569.455078	1433.699585
1572.851563	1455.368042
1576.248047	1474.143066
1579.642578	1462.360962
1583.035156	1444.743286
1586.427734	1355.719116
1589.818359	1347.517944
1593.207031	1332.019165
1596.595703	1321.613159
1599.982422	1370.300781
1603.367188	1390.559082
1606.751953	1334.887817
1610.132813	1331.770264
1613.513672	1367.383911
1616.894531	1378.898682
1620.273438	1322.400513
1623.650391	1382.198608
1627.025391	1362.256104
1630.400391	1350.352417
1633.773438	1361.881714
1637.144531	1369.022583
1640.513672	1395.231323
1643.882813	1425.128174
1647.251953	1494.671509
1650.617188	1524.631226
1653.982422	1546.536743
1657.345703	1547.889404
1660.707031	1562.471558
1664.068359	1529.275146
1667.427734	1546.067261
1670.787109	1551.835327
1674.142578	1545.829712
1677.498047	1525.827271
1680.853516	1485.917725
1684.205078	1445.238892
1687.556641	1390.518921
1690.90625	1402.136963
1694.255859	1373.918823
1697.603516	1352.321411
1700.949219	1332.183228
1704.294922	1255.144653
1707.638672	1305.899902
1710.980469	1293.111572
1714.320313	1248.508423
1717.660156	1215.708374
1720.998047	1209.530029
1724.335938	1193.719727
1727.669922	1215.678101
1731.003906	1159.095947
1734.337891	1210.713623
1737.669922	1195.619141
1741	1179.02832
1744.328125	1224.776367
1747.65625	1210.411133
1750.982422	1164.090332
1754.306641	1167.525146
1757.630859	1200.701172
1760.953125	1170.68335
1764.273438	1196.445679
1767.59375	1161.191284
1770.912109	1168.353516
1774.228516	1170.306641
1777.544922	1199.834717
1780.859375	1174.962036
1784.171875	1157.527588
1787.484375	1163.955078
1790.792969	1194.272827
1794.103516	1183.544922
1797.410156	1187.748413
1800.716797	1138.148804
1804.023438	1168.503174
1807.326172	1160.738525
1810.628906	1163.442139
1813.929688	1172.135498
1817.230469	1177.091431
1820.529297	1182.800171
1823.826172	1154.791138
1827.123047	1170.990479
1830.417969	1181.202515
1833.710938	1192.922852
1837.001953	1156.616089
1840.292969	1148.81311
1843.583984	1175.556763
1846.871094	1157.985718
1850.158203	1177.987793
1853.443359	1153.634766
1856.728516	1177.412109
1860.011719	1185.402466
1863.292969	1167.046143
1866.574219	1162.986572
1869.853516	1194.339111
1873.130859	1157.87207
1876.408203	1178.689087
1879.683594	1167.082275
1882.957031	1180.371582
1886.230469	1154.410645
1889.501953	1157.885864
1892.771484	1192.343262
1896.041016	1183.741211
1899.308594	1190.255981
1902.574219	1208.123169
1905.839844	1186.650757
1909.103516	1145.476807
1912.365234	1200.458496
1915.626953	1176.683838
1918.886719	1215.802734
1922.146484	1197.322876
1925.402344	1200.826904
1928.658203	1193.709106
1931.914063	1213.915649
1935.167969	1200.721069
1938.419922	1168.521729
1941.669922	1175.82019
1944.919922	1178.562012
1948.167969	1186.630127
1951.416016	1185.572876
1954.662109	1173.856934
1957.90625	1221.532837
1961.150391	1222.010742
1964.392578	1214.867432
1967.632813	1184.082153
1970.873047	1228.784546
1974.111328	1197.980103
1977.347656	1222.875366
1980.583984	1191.280273
1983.818359	1202.440796
1987.050781	1176.926392
1990.283203	1219.435547
1993.513672	1193.907227
1996.744141	1188.252197
1999.970703	1215.505981
2003.199219	1180.756714
2006.423828	1155.172241
2009.648438	1205.434082
2012.871094	1198.237793
2016.09375	1180.298584
2019.314453	1171.55188
2022.533203	1194.266602
2025.751953	1226.212524
2028.96875	1198.269531
2032.183594	1224.862427
2035.398438	1193.821655
2038.611328	1207.359619
2041.824219	1166.286133
2045.035156	1189.058716
2048.244141	1223.397583
2051.451172	1192.294312
2054.658203	1185.823242
2057.865234	1188.596436
2061.068359	1199.853882
2064.271484	1198.005737
2067.474609	1180.72168
2070.673828	1197.392334
2073.875	1212.531128
2077.072266	1194.458984
2080.269531	1258.30127
2083.464844	1208.53064
2086.660156	1202.03772
2089.853516	1197.860962
2093.044922	1216.903931
2096.236328	1215.826782
2099.425781	1225.594482
2102.613281	1186.543579
2105.800781	1186.227905
2108.986328	1206.853149
2112.169922	1187.146606
2115.353516	1182.94873
2118.535156	1217.57312
2121.716797	1226.589111
2124.896484	1220.846558
2128.074219	1170.786621
2131.251953	1231.901001
2134.427734	1198.144531
2137.603516	1181.484497
2140.777344	1188.948486
2143.949219	1195.639038
2147.119141	1208.568237
2150.289063	1207.475708
2153.458984	1203.262817
2156.625	1225.570557
2159.791016	1198.728638
2162.957031	1203.875244
2166.121094	1195.748169
2169.283203	1203.241089
2172.445313	1215.429321
2175.603516	1203.386841
2178.763672	1196.810303
2181.921875	1205.87915
2185.078125	1202.429321
2188.232422	1244.398315
2191.386719	1182.985962
2194.539063	1191.278442
2197.691406	1165.863525
2200.841797	1224.353027
2203.990234	1209.130981
2207.138672	1194.682007
2210.285156	1181.006714
2213.429688	1224.665649
2216.574219	1184.271973
2219.71875	1194.160645
2222.859375	1224.504395
2226	1245.430054
2229.140625	1194.749512
2232.279297	1216.466553
2235.416016	1187.789917
2238.550781	1218.187988
2241.685547	1175.300659
2244.820313	1237.259277
2247.951172	1247.98877
2251.082031	1221.635254
2254.212891	1225.261108
2257.341797	1238.366821
2260.46875	1241.211304
2263.595703	1176.875366
2266.720703	1231.882813
2269.84375	1194.386963
2272.966797	1255.772949
2276.087891	1218.256958
2279.208984	1226.641724
2282.328125	1215.227783
2285.445313	1184.78479
2288.5625	1205.850342
2291.677734	1234.862793
2294.792969	1219.466309
2297.90625	1262.792236
2301.017578	1225.955688
2304.128906	1212.920288
2307.238281	1183.187622
2310.345703	1195.562744
2313.453125	1218.285034
2316.558594	1212.385376
2319.664063	1227.172607
2322.767578	1239.582275
2325.871094	1341.998779
2328.972656	1332.152344
2332.072266	1355.774048
2335.169922	1235.093262
2338.267578	1241.944702
2341.365234	1224.064331
2344.460938	1210.959717
2347.554688	1201.837646
2350.648438	1235.847168
2353.740234	1174.780884
2356.830078	1212.003296
2359.919922	1198.067871
2363.007813	1231.326538
2366.095703	1247.001587
2369.181641	1215.447632
2372.265625	1211.103149
2375.349609	1275.666748
2378.431641	1248.094727
2381.513672	1243.756836
2384.59375	1214.546875
2387.673828	1264.763428
2390.75	1221.087891
2393.828125	1251.266357
2396.902344	1258.167969
2399.976563	1247.392456
2403.050781	1233.392334
2406.123047	1224.207275
2409.193359	1239.959106
2412.262695	1219.499756
2415.331055	1247.339844
2418.398438	1276.006348
2421.464844	1259.565918
2424.530273	1253.592896
2427.59375	1243.582642
2430.65625	1210.974731
2433.717773	1208.204102
2436.77832	1244.185669
2439.837891	1251.924805
2442.895508	1232.197632
2445.953125	1288.435791
2449.008789	1206.44397
2452.063477	1283.746094
2455.117188	1302.033203
2458.168945	1258.809937
2461.220703	1243.897827
2464.270508	1278.392456
2467.319336	1277.253418
2470.367188	1238.008179
2473.413086	1236.852417
2476.458984	1240.563721
2479.50293	1273.497314
2482.545898	1258.549316
2485.587891	1280.14209
2488.628906	1233.494141
2491.668945	1248.590088
2494.707031	1214.905762
2497.745117	1265.799194
2500.78125	1261.392212
2503.816406	1262.68042
2506.850586	1225.691772
2509.882813	1287.256226
2512.915039	1238.023071
2515.945313	1257.240479
2518.974609	1288.706665
2522.00293	1214.939331
2525.030273	1250.493896
2528.056641	1286.074829
2531.081055	1308.612427
2534.105469	1262.524414
2537.12793	1272.807373
2540.149414	1266.742065
2543.169922	1254.127197
2546.188477	1302.88208
2549.207031	1323.018799
2552.223633	1291.572876
2555.239258	1307.623169
2558.254883	1251.558716
2561.267578	1320.900635
2564.280273	1288.585327
2567.291992	1298.913696
2570.301758	1296.936646
2573.311523	1279.355957
2576.319336	1276.548218
2579.326172	1287.708008
2582.332031	1275.857788
2585.335938	1253.307495
2588.339844	1271.87439
2591.341797	1279.755981
2594.34375	1291.759644
2597.34375	1302.948364
2600.342773	1300.962524
2603.34082	1334.416382
2606.336914	1299.458984
2609.333008	1292.519653
2612.327148	1307.028564
2615.320313	1300.911743
2618.313477	1321.214355
2621.304688	1295.272095
2624.293945	1299.885986
2627.283203	1310.289795
2630.271484	1309.123291
2633.257813	1336.910889
2636.243164	1347.339233
2639.227539	1403.310059
2642.210938	1362.420654
2645.193359	1318.186279
2648.174805	1329.450806
2651.155273	1303.411865
2654.133789	1350.344971
2657.112305	1337.570068
2660.088867	1364.62854
2663.064453	1363.473999
2666.039063	1344.874023
2669.012695	1354.51355
2671.984375	1305.137695
2674.956055	1345.538574
2677.925781	1307.769043
2680.895508	1320.736694
2683.863281	1335.378906
2686.830078	1381.679443
2689.795898	1383.023926
2692.760742	1390.203369
2695.723633	1310.676392
2698.686523	1369.546143
2701.647461	1382.568359
2704.608398	1343.014282
2707.567383	1366.055664
2710.525391	1359.87793
2713.482422	1402.161011
2716.438477	1395.155518
2719.392578	1433.301025
2722.34668	1449.724365
2725.299805	1428.501221
2728.250977	1439.911377
2731.201172	1428.717896
2734.150391	1435.109131
2737.098633	1402.952881
2740.045898	1451.258423
2742.992188	1437.535278
2745.9375	1448.132935
2748.881836	1420.968628
2751.824219	1427.369263
2754.765625	1426.214844
2757.707031	1434.30188
2760.646484	1437.351196
2763.584961	1430.312134
2766.522461	1432.520386
2769.458984	1451.559692
2772.393555	1394.009521
2775.328125	1404.626953
2778.261719	1402.615723
2781.193359	1393.018188
2784.124023	1412.919312
2787.054688	1414.28125
2789.983398	1403.832886
2792.911133	1368.057617
2795.837891	1414.994263
2798.762695	1421.425171
2801.6875	1405.893311
2804.611328	1428.383789
2807.533203	1404.387451
2810.455078	1416.743286
2813.375	1399.49353
2816.293945	1423.706055
2819.211914	1437.775146
2822.129883	1433.218994
2825.045898	1490.516846
2827.959961	1468.174805
2830.874023	1518.742798
2833.787109	1556.623047
2836.698242	1616.59436
2839.609375	1687.64502
2842.518555	1850.463623
2845.427734	1964.127686
2848.334961	2105.06958
2851.241211	2196.804688
2854.146484	2217.166992
2857.050781	2273.276367
2859.954102	2276.658691
2862.856445	2372.845215
2865.757813	2452.919189
2868.657227	2599.508301
2871.556641	2668.641602
2874.454102	2813.709717
2877.351563	2882.970215
2880.24707	2904.498047
2883.141602	2902.994385
2886.036133	2962.114746
2888.928711	2935.85791
2891.820313	2977.941895
2894.710938	2955.089844
2897.599609	2972.411377
2900.488281	3018.829346
2903.375977	3066.992188
2906.262695	3145.151123
2909.147461	3148.862305
2912.032227	3278.50708
2914.915039	3397.961182
2917.797852	3463.491699
2920.678711	3595.104736
2923.558594	3739.681396
2926.4375	3829.435059
2929.31543	3800.773926
2932.192383	3883.742432
2935.068359	3898.036621
2937.943359	3914.918945
2940.817383	3925.793945
2943.69043	3692.407715
2946.561523	3610.283936
2949.432617	3467.849365
2952.301758	3238.34668
2955.170898	3173.194092
2958.038086	3189.85083
2960.905273	3177.212158
2963.770508	3026.598877
2966.634766	3013.890625
2969.499023	2951.124023
2972.361328	2855.509521
2975.222656	2784.00415
2978.083008	2731.450684
2980.942383	2637.379639
2983.800781	2524.221924
2986.657227	2457.679932
2989.513672	2338.319092
2992.369141	2243.102783
2995.223633	2191.968506
2998.076172	2076.711426
3000.928711	1990.82605
3003.779297	1963.810059
3006.629883	1872.619629
3009.478516	1844.673584
3012.327148	1792.414673
3015.173828	1747.928955
3018.019531	1670.419067
3020.865234	1649.306519
3023.708984	1619.490112
3026.551758	1624.41748
3029.393555	1599.786743
3032.234375	1631.672363
3035.074219	1598.325073
3037.913086	1626.750854
3040.750977	1571.609619
3043.587891	1587.851318
3046.423828	1634.600586
3049.258789	1625.598389
3052.091797	1610.485718
3054.924805	1618.912964
3057.756836	1656.140625
3060.586914	1694.267456
3063.416992	1703.605835
3066.246094	1673.642456
3069.073242	1662.88147
3071.900391	1652.98645
3074.725586	1592.366211
3077.550781	1525.578857
3080.374023	1590.879272
3083.196289	1576.565918
3086.018555	1551.733765
3088.838867	1550.535645
3091.658203	1534.438965
3094.477539	1534.109863
3097.294922	1491.686646
3100.111328	1568.540161
3102.926758	1516.444946
3105.741211	1579.315308
3108.554688	1501.718384
3111.367188	1528.608643
3114.178711	1539.698853
3116.990234	1576.291626
3119.799805	1511.773438
3122.607422	1535.185181
3125.415039	1548.052246
3128.22168	1505.463745
3131.027344	1501.595459
3133.832031	1546.17981
3136.635742	1527.339966
3139.438477	1519.947754
3142.240234	1471.980103
3145.041016	1457.50415
3147.839844	1496.85498
3150.638672	1476.196655
3153.436523	1483.785889
3156.233398	1484.312134
3159.02832	1468.929321
3161.823242	1454.419434
3164.617188	1500.926636
3167.410156	1478.454224
3170.201172	1499.334717
3172.992188	1527.312866
3175.782227	1526.967773
3178.570313	1547.886597
3181.358398	1485.504028
3184.144531	1473.616211
3186.930664	1520.259399
3189.71582	1456.912476
3192.499023	1505.3573
3195.282227	1521.871338
3198.063477	1493.985718
3200.844727	1531.290894
