399.333984	1126.273315
403.220703	1076.528442
407.103516	1061.092041
410.986328	1063.46167
414.867188	1065.833008
418.748047	1093.048096
422.625	1029.159668
426.501953	1046.181396
430.375	1047.272583
434.248047	1024.11731
438.119141	1059.67041
441.988281	1044.802002
445.855469	1077.838623
449.722656	1062.325439
453.585938	1032.730347
457.449219	1035.735962
461.310547	1013.143311
465.169922	1030.869141
469.027344	1013.378784
472.882813	1040.091309
476.736328	1013.613525
480.589844	1043.555542
484.441406	1018.339111
488.289063	1029.049927
492.136719	998.666992
495.984375	1050.498413
499.828125	1074.734497
503.669922	1057.835205
507.511719	1035.131104
511.351563	1027.853882
515.189453	1070.14978
519.025391	1089.291748
522.859375	1072.360718
526.691406	1057.348999
530.523438	1045.549072
534.351563	1069.229126
538.179688	1045.803467
542.005859	1074.670044
545.830078	1092.577271
549.654297	1047.153198
553.474609	1057.303345
557.294922	1044.171753
561.113281	1051.092529
564.927734	1036.651367
568.744141	1048.756592
572.556641	1014.859619
576.367188	1059.38208
580.177734	998.21814
583.986328	1007.730774
587.792969	1030.234741
591.597656	1020.934692
595.400391	1027.869507
599.201172	1013.359863
603.001953	1005.99054
606.800781	1040.901245
610.597656	1021.170837
614.392578	1041.141602
618.185547	1048.752563
621.976563	1022.482483
625.767578	1047.042236
629.556641	1041.619873
633.34375	1030.319946
637.128906	1034.024292
640.912109	1042.956055
644.693359	1037.521484
648.474609	1054.30542
652.253906	1072.411133
656.03125	1039.505371
659.806641	1067.436646
663.580078	1076.403809
667.353516	1110.269287
671.123047	1092.394287
674.892578	1101.38269
678.660156	1092.01416
682.425781	1097.07251
686.191406	1098.852783
689.953125	1115.738403
693.714844	1084.021362
697.474609	1105.515381
701.232422	1097.437866
704.988281	1104.483032
708.744141	1112.850098
712.498047	1139.000366
716.248047	1156.609863
719.998047	1178.187622
723.748047	1160.230225
727.494141	1183.805786
731.240234	1163.855347
734.982422	1125.406006
738.724609	1160.22168
742.464844	1177.229736
746.205078	1192.269165
749.941406	1151.120483
753.677734	1182.036011
757.412109	1214.301025
761.144531	1194.293091
764.875	1214.668457
768.605469	1201.268921
772.332031	1232.269653
776.058594	1273.906738
779.783203	1290.36853
783.505859	1302.86145
787.228516	1280.83728
790.947266	1291.343262
794.666016	1250.022827
798.382813	1257.864624
802.097656	1263.717407
805.8125	1246.285889
809.523438	1269.445679
813.234375	1277.307495
816.943359	1262.52356
820.650391	1250.392822
824.357422	1254.921631
828.060547	1282.134644
831.763672	1229.953857
835.464844	1276.540405
839.164063	1241.010742
842.861328	1242.202271
846.558594	1241.389038
850.253906	1257.962769
853.947266	1247.787964
857.638672	1248.983032
861.328125	1262.901489
865.017578	1248.025513
868.705078	1259.273926
872.390625	1265.167603
876.074219	1241.553101
879.755859	1197.787476
883.4375	1262.065796
887.117188	1283.415894
890.794922	1255.736572
894.470703	1225.345093
898.146484	1252.085083
901.818359	1248.574707
905.490234	1282.076416
909.160156	1247.603638
912.830078	1236.676636
916.496094	1239.891113
920.162109	1239.062988
923.826172	1238.233887
927.488281	1221.210938
931.148438	1232.522705
934.808594	1252.622192
938.466797	1249.769287
942.123047	1220.556274
945.777344	1200.783936
949.429688	1214.138428
953.082031	1231.563843
956.732422	1241.556885
960.380859	1223.113403
964.027344	1247.338745
967.673828	1212.614014
971.318359	1223.292603
974.960938	1264.50708
978.601563	1249.426147
982.240234	1220.074463
985.878906	1242.998901
989.515625	1276.134888
993.150391	1243.357544
996.783203	1255.437988
1000.416016	1352.574463
1004.044922	1353.819458
1007.673828	1296.504639
1011.302734	1269.796509
1014.927734	1247.154785
1018.552734	1229.94812
1022.175781	1224.322144
1025.796875	1303.303467
1029.416016	1291.558838
1033.035156	1299.608887
1036.650391	1285.119385
1040.265625	1291.122314
1043.880859	1241.059937
1047.492188	1284.672363
1051.103516	1305.052856
1054.712891	1280.948853
1058.320313	1267.098145
1061.925781	1269.680542
1065.53125	1278.434082
1069.134766	1296.109497
1072.736328	1327.520508
1076.335938	1270.419067
1079.935547	1312.144165
1083.533203	1305.132813
1087.128906	1342.783081
1090.722656	1306.216187
1094.316406	1338.395386
1097.90625	1307.988037
1101.496094	1358.090698
1105.085938	1287.725464
1108.671875	1306.859619
1112.257813	1292.23877
1115.841797	1267.263306
1119.423828	1314.002441
1123.003906	1322.136963
1126.583984	1324.755249
1130.162109	1292.153687
1133.738281	1285.088257
1137.314453	1295.987793
1140.886719	1276.470825
1144.458984	1279.073853
1148.029297	1308.668701
1151.599609	1280.82373
1155.166016	1315.984009
1158.732422	1356.716431
1162.296875	1290.729858
1165.861328	1307.906372
1169.421875	1336.890747
1172.982422	1359.6521
1176.541016	1344.937622
1180.097656	1352.438599
1183.654297	1321.72522
1187.208984	1311.842163
1190.761719	1347.852783
1194.3125	1326.839233
1197.863281	1374.717896
1201.412109	1405.923462
1204.958984	1393.266357
1208.503906	1371.538574
1212.048828	1419.513184
1215.591797	1443.812134
1219.132813	1458.361816
1222.671875	1486.186279
1226.210938	1513.334961
1229.748047	1527.231323
1233.283203	1520.170898
1236.816406	1507.510498
1240.349609	1545.203491
1243.880859	1520.645752
1247.410156	1507.268677
1250.939453	1506.486694
1254.464844	1507.105103
1257.990234	1509.125488
1261.513672	1494.317627
1265.037109	1506.154785
1268.558594	1498.35083
1272.078125	1495.454712
1275.595703	1477.805786
1279.111328	1499.491455
1282.626953	1524.709229
1286.140625	1481.029419
1289.652344	1525.254883
1293.164063	1561.77417
1296.673828	1568.750366
1300.181641	1593.341797
1303.6875	1608.087402
1307.193359	1627.779419
1310.697266	1593.887329
1314.199219	1605.122192
1317.699219	1601.543335
1321.199219	1636.091797
1324.697266	1613.448608
1328.193359	1629.655151
1331.689453	1635.269653
1335.181641	1647.253784
1338.673828	1602.641846
1342.166016	1590.554443
1345.654297	1579.873047
1349.142578	1591.144043
1352.628906	1566.987671
1356.115234	1602.368164
1359.597656	1576.7771
1363.080078	1562.518311
1366.5625	1566.704346
1370.041016	1577.995117
1373.519531	1565.849487
1376.996094	1572.173096
1380.470703	1538.68335
1383.945313	1549.268066
1387.417969	1553.456543
1390.888672	1524.900391
1394.357422	1519.110718
1397.826172	1530.415649
1401.292969	1554.559326
1404.757813	1545.208252
1408.222656	1538.702637
1411.683594	1557.168701
1415.144531	1528.529907
1418.605469	1542.720825
1422.0625	1552.635742
1425.519531	1578.283936
1428.976563	1591.080933
1432.429688	1591.72644
1435.882813	1621.7146
1439.333984	1666.045898
1442.783203	1733.332886
1446.232422	1683.160767
1449.679688	1706.781494
1453.125	1687.393433
1456.570313	1741.882935
1460.011719	1683.018799
1463.453125	1704.521973
1466.894531	1654.931885
1470.332031	1674.284546
1473.769531	1653.395752
1477.207031	1709.439697
1480.640625	1617.322021
1484.074219	1646.765503
1487.505859	1635.190552
1490.935547	1605.597778
1494.365234	1590.392944
1497.792969	1567.966431
1501.21875	1502.249634
1504.644531	1524.500732
1508.066406	1551.100098
1511.490234	1495.404663
1514.910156	1495.285522
1518.330078	1543.58374
1521.748047	1510.227905
1525.164063	1523.85498
1528.580078	1535.322144
1531.992188	1501.921387
1535.40625	1551.04187
1538.816406	1579.918213
1542.226563	1563.161865
1545.634766	1565.241211
1549.041016	1618.816406
1552.447266	1599.151978
1555.851563	1591.810913
1559.253906	1635.294189
1562.65625	1643.942749
1566.056641	1659.865112
1569.455078	1680.88916
1572.851563	1716.476074
1576.248047	1747.725464
1579.642578	1720.76709
1583.035156	1669.027954
1586.427734	1654.399902
1589.818359	1673.283569
1593.207031	1648.4375
1596.595703	1646.181396
1599.982422	1642.463867
1603.367188	1622.68396
1606.751953	1603.61792
1610.132813	1623.254761
1613.513672	1599.787964
1616.894531	1626.018311
1620.273438	1652.269287
1623.650391	1655.85791
1627.025391	1637.488892
1630.400391	1627.892212
1633.773438	1682.022705
1637.144531	1665.106689
1640.513672	1695.833008
1643.882813	1715.581421
1647.251953	1723.60498
1650.617188	1741.911377
1653.982422	1744.810669
1657.345703	1765.343262
1660.707031	1777.807495
1664.068359	1732.198242
1667.427734	1740.980591
1670.787109	1710.771484
1674.142578	1777.704102
1677.498047	1710.664429
1680.853516	1716.503906
1684.205078	1737.08728
1687.556641	1720.82251
1690.90625	1672.828369
1694.255859	1673.495117
1697.603516	1646.111694
1700.949219	1658.582886
1704.294922	1640.036011
1707.638672	1603.736694
1710.980469	1602.896484
1714.320313	1590.960693
1717.660156	1562.73645
1720.998047	1555.956055
1724.335938	1592.119995
1727.669922	1572.010376
1731.003906	1542.990967
1734.337891	1568.070679
1737.669922	1511.583008
1741	1580.447144
1744.328125	1558.806274
1747.65625	1557.940186
1750.982422	1540.729736
1754.306641	1506.412231
1757.630859	1573.922241
1760.953125	1570.827881
1764.273438	1595.260986
1767.59375	1574.307373
1770.912109	1547.379639
1774.228516	1531.60437
1777.544922	1555.313721
1780.859375	1547.729126
1784.171875	1534.917358
1787.484375	1587.75415
1790.792969	1589.129272
1794.103516	1565.116699
1797.410156	1508.216309
1800.716797	1587.280396
1804.023438	1549.78064
1807.326172	1533.939819
1810.628906	1546.517578
1813.929688	1588.295898
1817.230469	1571.70166
1820.529297	1571.573608
1823.826172	1592.427734
1827.123047	1584.810303
1830.417969	1565.187012
1833.710938	1577.05896
1837.001953	1558.16687
1840.292969	1575.300659
1843.583984	1563.152466
1846.871094	1561.514771
1850.158203	1547.095581
1853.443359	1622.909912
1856.728516	1587.437378
1860.011719	1584.299805
1863.292969	1569.865356
1866.574219	1544.873901
1869.853516	1579.390991
1873.130859	1598.104614
1876.408203	1558.765381
1879.683594	1631.802856
1882.957031	1585.65271
1886.230469	1573.441284
1889.501953	1576.32605
1892.771484	1573.167847
1896.041016	1591.927856
1899.308594	1548.69397
1902.574219	1556.867432
1905.839844	1532.504883
1909.103516	1627.743042
1912.365234	1585.211182
1915.626953	1574.46814
1918.886719	1563.716431
1922.146484	1603.760498
1925.402344	1624.871216
1928.658203	1607.295532
1931.914063	1594.260742
1935.167969	1582.734253
1938.419922	1580.315552
1941.669922	1596.896118
1944.919922	1583.835205
1948.167969	1583.694824
1951.416016	1551.593872
1954.662109	1587.219116
1957.90625	1622.871826
1961.150391	1621.983154
1964.392578	1603.563965
1967.632813	1604.191162
1970.873047	1572.783203
1974.111328	1598.578491
1977.347656	1611.41687
1980.583984	1589.137329
1983.818359	1618.787842
1987.050781	1588.086426
1990.283203	1613.171753
1993.513672	1600.799438
1996.744141	1618.257202
1999.970703	1571.431885
2003.199219	1572.810791
2006.423828	1595.63916
2009.648438	1633.045166
2012.871094	1589.984131
2016.09375	1605.942383
2019.314453	1578.180908
2022.533203	1558.072632
2025.751953	1623.94458
2028.96875	1593.083984
2032.183594	1614.45166
2035.398438	1565.113281
2038.611328	1610.325439
2041.824219	1591.719116
2045.035156	1616.196411
2048.244141	1632.993164
2051.451172	1636.708984
2054.658203	1588.032227
2057.865234	1605.6073
2061.068359	1623.966797
2064.271484	1604.540894
2067.474609	1595.131836
2070.673828	1562.554565
2073.875	1590.192139
2077.072266	1599.307983
2080.269531	1572.876587
2083.464844	1606.734863
2086.660156	1634.430908
2089.853516	1616.493286
2093.044922	1623.312744
2096.236328	1619.29541
2099.425781	1630.768799
2102.613281	1633.725586
2105.800781	1595.592773
2108.986328	1608.620361
2112.169922	1620.881836
2115.353516	1633.928589
2118.535156	1581.757935
2121.716797	1638.300415
2124.896484	1645.928101
2128.074219	1610.026001
2131.251953	1664.310791
2134.427734	1613.60498
2137.603516	1611.893555
2140.777344	1645.21814
2143.949219	1611.581177
2147.119141	1635.580078
2150.289063	1661.156128
2153.458984	1670.375244
2156.625	1663.998779
2159.791016	1638.106323
2162.957031	1658.256226
2166.121094	1644.056152
2169.283203	1600.154419
2172.445313	1611.713989
2175.603516	1631.101318
2178.763672	1645.809814
2181.921875	1636.270752
2185.078125	1593.062256
2188.232422	1632.832153
2191.386719	1644.428711
2194.539063	1607.442261
2197.691406	1616.685059
2200.841797	1641.621338
2203.990234	1628.129028
2207.138672	1622.475464
2210.285156	1621.528564
2213.429688	1638.648071
2216.574219	1682.499268
2219.71875	1630.473511
2222.859375	1633.458984
2226	1649.034302
2229.140625	1625.268555
2232.279297	1665.260132
2235.416016	1633.604858
2238.550781	1637.383301
2241.685547	1637.2229
2244.820313	1638.63916
2247.951172	1637.689453
2251.082031	1636.738647
2254.212891	1649.997314
2257.341797	1601.663208
2260.46875	1682.074341
2263.595703	1692.202881
2266.720703	1668.339355
2269.84375	1663.440918
2272.966797	1648.251465
2276.087891	1616.426758
2279.208984	1655.055664
2282.328125	1673.116699
2285.445313	1630.168823
2288.5625	1660.918213
2291.677734	1656.794067
2294.792969	1700.270874
2297.90625	1690.601807
2301.017578	1634.078369
2304.128906	1691.8927
2307.238281	1640.093506
2310.345703	1675.695679
2313.453125	1687.468018
2316.558594	1719.137085
2319.664063	1704.671631
2322.767578	1711.69043
2325.871094	1767.296875
2328.972656	1814.977905
2332.072266	1781.39624
2335.169922	1710.31311
2338.267578	1675.069824
2341.365234	1685.282837
2344.460938	1650.800659
2347.554688	1665.004272
2350.648438	1689.603516
2353.740234	1692.643433
2356.830078	1710.075928
2359.919922	1684.33313
2363.007813	1664.971069
2366.095703	1662.401978
2369.181641	1666.236084
2372.265625	1681.286621
2375.349609	1687.533936
2378.431641	1707.412842
2381.513672	1643.106323
2384.59375	1719.137451
2387.673828	1689.293823
2390.75	1687.525879
2393.828125	1687.362427
2396.902344	1704.873901
2399.976563	1705.519775
2403.050781	1672.396362
2406.123047	1705.203369
2409.193359	1705.848877
2412.262695	1690.39563
2415.331055	1691.035278
2418.398438	1706.175171
2421.464844	1702.79126
2424.530273	1765.510254
2427.59375	1691.982056
2430.65625	1709.563965
2433.717773	1730.387085
2436.77832	1688.249268
2439.837891	1709.886963
2442.895508	1724.268677
2445.953125	1711.178467
2449.008789	1706.972656
2452.063477	1711.661377
2455.117188	1696.932007
2458.168945	1696.762451
2461.220703	1702.26123
2464.270508	1686.700317
2467.319336	1691.388184
2470.367188	1706.619019
2473.413086	1710.506104
2476.458984	1708.716309
2479.50293	1714.229614
2482.545898	1688.079956
2485.587891	1692.776733
2488.628906	1680.412354
2491.668945	1706.243896
2494.707031	1723.149414
2497.745117	1720.543335
2500.78125	1747.231689
2503.816406	1716.138184
2506.850586	1674.433472
2509.882813	1684.839111
2512.915039	1743.338623
2515.945313	1760.299805
2518.974609	1698.972046
2522.00293	1704.505249
2525.030273	1706.777344
2528.056641	1718.849243
2531.081055	1686.002441
2534.105469	1702.160767
2537.12793	1714.243408
2540.149414	1678.085693
2543.169922	1679.532349
2546.188477	1706.349976
2549.207031	1709.445068
2552.223633	1676.505737
2555.239258	1712.363647
2558.254883	1692.513916
2561.267578	1714.465088
2564.280273	1710.184937
2567.291992	1746.107544
2570.301758	1723.776611
2573.311523	1693.217041
2576.319336	1721.779297
2579.326172	1690.373535
2582.332031	1704.157959
2585.335938	1730.287964
2588.339844	1696.380981
2591.341797	1729.933838
2594.34375	1725.639404
2597.34375	1701.574829
2600.342773	1753.292114
2603.34082	1720.152588
2606.336914	1711.723877
2609.333008	1723.909424
2612.327148	1721.251099
2615.320313	1742.528442
2618.313477	1733.268066
2621.304688	1705.827026
2624.293945	1739.516846
2627.283203	1704.616821
2630.271484	1714.347778
2633.257813	1708.366943
2636.243164	1694.105225
2639.227539	1688.939575
2642.210938	1716.07019
2645.193359	1710.07959
2648.174805	1717.345459
2651.155273	1739.540771
2654.133789	1721.938721
2657.112305	1731.7052
2660.088867	1718.236572
2663.064453	1742.954834
2666.039063	1698.744507
2669.012695	1774.994385
2671.984375	1717.461548
2674.956055	1746.372559
2677.925781	1763.657959
2680.895508	1746.002319
2683.863281	1729.998291
2686.830078	1724.80896
2689.795898	1682.956909
2692.760742	1725.252441
2695.723633	1732.560791
2698.686523	1744.044556
2701.647461	1766.383301
2704.608398	1732.814087
2707.567383	1744.309448
2710.525391	1776.695557
2713.482422	1745.598511
2716.438477	1765.46936
2719.392578	1810.441528
2722.34668	1768.446167
2725.299805	1794.204224
2728.250977	1775.611572
2731.201172	1819.814819
2734.150391	1821.323608
2737.098633	1785.957397
2740.045898	1786.615601
2742.992188	1746.177612
2745.9375	1754.371948
2748.881836	1752.5
2751.824219	1798.485229
2754.765625	1762.190063
2757.707031	1756.116577
2760.646484	1726.502563
2763.584961	1796.929443
2766.522461	1805.160767
2769.458984	1790.677734
2772.393555	1723.150635
2775.328125	1759.994141
2778.261719	1787.5979
2781.193359	1757.916382
2784.124023	1812.515869
2787.054688	1735.593872
2789.983398	1761.540283
2792.911133	1754.590942
2795.837891	1785.628174
2798.762695	1762.634766
2801.6875	1746.383179
2804.611328	1724.202881
2807.533203	1757.809448
2810.455078	1741.536987
2813.375	1704.94519
2816.293945	1722.498169
2819.211914	1788.328125
2822.129883	1759.335571
2825.045898	1763.368652
2827.959961	1782.662476
2830.874023	1787.554321
2833.787109	1819.594727
2836.698242	1831.291626
2839.609375	1911.758789
2842.518555	2038.991821
2845.427734	2086.460938
2848.334961	2137.363525
2851.241211	2269.067871
2854.146484	2257.138916
2857.050781	2195.855469
2859.954102	2286.020508
2862.856445	2376.250977
2865.757813	2396.706299
2868.657227	2408.656006
2871.556641	2514.370117
2874.454102	2618.455322
2877.351563	2610.026367
2880.24707	2651.079834
2883.141602	2669.115967
2886.036133	2681.187744
2888.928711	2658.245605
2891.820313	2658.35791
2894.710938	2654.195557
2897.599609	2661.145996
2900.488281	2697.186035
2903.375977	2740.097412
2906.262695	2721.40332
2909.147461	2771.204346
2912.032227	2850.167969
2914.915039	2890.623779
2917.797852	2965.400391
2920.678711	2968.191162
2923.558594	2992.431396
2926.4375	3057.883789
2929.31543	3163.734375
2932.192383	3164.021729
2935.068359	3238.197021
2937.943359	3241.948242
2940.817383	3128.77002
2943.69043	3060.234375
2946.561523	2918.513672
2949.432617	2923.012451
2952.301758	2779.415771
2955.170898	2739.076172
2958.038086	2742.651367
2960.905273	2668.651367
2963.770508	2709.280273
2966.634766	2641.251465
2969.499023	2558.503906
2972.361328	2537.847168
2975.222656	2584.529785
2978.083008	2523.266113
2980.942383	2408.380371
2983.800781	2373.805908
2986.657227	2321.045898
2989.513672	2282.953857
2992.369141	2172.140381
2995.223633	2161.668701
2998.076172	2133.868652
3000.928711	2065.330322
3003.779297	1988.07605
3006.629883	1974.920166
3009.478516	1963.488892
3012.327148	1943.373169
3015.173828	1928.449951
3018.019531	1845.795776
3020.865234	1829.088745
3023.708984	1774.140991
3026.551758	1794.768433
3029.393555	1798.890625
3032.234375	1793.447998
3035.074219	1797.571899
3037.913086	1805.17981
3040.750977	1774.482178
3043.587891	1802.990723
3046.423828	1779.240112
3049.258789	1852.223389
3052.091797	1831.088257
3054.924805	1794.236938
3057.756836	1803.605225
3060.586914	1883.683228
3063.416992	1859.907959
3066.246094	1839.609131
3069.073242	1816.67395
3071.900391	1828.687378
3074.725586	1817.098755
3077.550781	1758.264648
3080.374023	1775.519165
3083.196289	1765.648804
3086.018555	1778.539063
3088.838867	1759.025757
3091.658203	1782.437988
3094.477539	1746.255249
3097.294922	1748.63208
3100.111328	1786.100586
3102.926758	1726.184814
3105.741211	1775.961548
3108.554688	1722.146118
3111.367188	1747.357788
3114.178711	1738.312988
3116.990234	1739.811035
3119.799805	1728.997437
3122.607422	1718.175659
3125.415039	1709.105957
3128.22168	1755.494019
3131.027344	1764.925049
3133.832031	1796.387817
3136.635742	1700.961426
3139.438477	1709.500488
3142.240234	1720.690918
3145.041016	1702.774292
3147.839844	1688.374756
3150.638672	1734.884155
3153.436523	1739.032471
3156.233398	1767.038208
3159.02832	1698.725708
3161.823242	1673.687622
3164.617188	1727.348145
3167.410156	1740.346802
3170.201172	1689.628052
3172.992188	1773.453735
3175.782227	1656.281738
3178.570313	1677.246338
3181.358398	1735.451538
3184.144531	1690.845947
3186.930664	1764.174927
3189.71582	1720.434448
3192.499023	1722.817505
3195.282227	1677.254883
3198.063477	1740.910767
3200.844727	1720.481689
