399.333984	936.866211
403.220703	965.887024
407.103516	936.407349
410.986328	920.266602
414.867188	886.920776
418.748047	898.770935
422.625	887.052795
426.501953	891.262451
430.375	895.475464
434.248047	879.911377
438.119141	894.336243
441.988281	876.841797
445.855469	878.499146
449.722656	890.384644
453.585938	868.388733
457.449219	843.814514
461.310547	884.500366
465.169922	853.508423
469.027344	872.453796
472.882813	874.112488
476.736328	857.17981
480.589844	861.398376
484.441406	849.57843
488.289063	867.919861
492.136719	873.43219
495.984375	862.886414
499.828125	876.114258
503.669922	866.84613
507.511719	887.806702
511.351563	874.029785
515.189453	875.050293
519.025391	899.261536
522.859375	880.315369
526.691406	918.733154
530.523438	890.748535
534.351563	896.294067
538.179688	861.81958
542.005859	881.565308
545.830078	872.898804
549.654297	888.141052
553.474609	876.236084
557.294922	875.318665
561.113281	878.930847
564.927734	868.300781
568.744141	823.328918
572.556641	848.308594
576.367188	853.859314
580.177734	852.279785
583.986328	842.911987
587.792969	803.674011
591.597656	837.140442
595.400391	861.539185
599.201172	839.158142
603.001953	825.861633
606.800781	821.010864
610.597656	846.745239
614.392578	826.922974
618.185547	850.727234
621.976563	884.326782
625.767578	867.754211
629.556641	862.90741
633.34375	871.106506
637.128906	847.978271
640.912109	864.667419
644.693359	881.370605
648.474609	891.551514
652.253906	866.429749
656.03125	858.949341
659.806641	878.295532
663.580078	921.228821
667.353516	913.106445
671.123047	914.806519
674.892578	894.217834
678.660156	883.44928
682.425781	875.952087
686.191406	897.330811
689.953125	883.265564
693.714844	872.473022
697.474609	918.852783
701.232422	906.093079
704.988281	918.977234
708.744141	918.710083
712.498047	928.976563
716.248047	980.088501
719.998047	997.637634
723.748047	974.988892
727.494141	993.209717
731.240234	955.364258
734.982422	966.991089
738.724609	939.006897
742.464844	947.993591
746.205078	976.15387
749.941406	971.278503
753.677734	939.940247
757.412109	983.352234
761.144531	1025.476685
764.875	1013.989868
768.605469	1003.155579
772.332031	1031.421021
776.058594	1094.193726
779.783203	1118.540527
783.505859	1112.376953
787.228516	1082.304199
790.947266	1059.512573
794.666016	1055.30896
798.382813	1100.299072
802.097656	1078.815552
805.8125	1111.210571
809.523438	1097.0354
813.234375	1092.837158
816.943359	1061.985596
820.650391	1082.429688
824.357422	1071.551025
828.060547	1055.326294
831.763672	1056.438965
835.464844	1042.196411
839.164063	1015.250977
842.861328	1036.393677
846.558594	1087.635986
850.253906	1049.974243
853.947266	1061.790649
857.638672	1044.835205
861.328125	1076.747437
865.017578	1029.637817
868.705078	1045.485474
872.390625	1033.857178
876.074219	1018.86499
879.755859	1051.503052
883.4375	1043.218262
887.117188	1048.358032
890.794922	1025.954956
894.470703	1019.664551
898.146484	1036.903931
901.818359	1047.43042
905.490234	1008.162964
909.160156	1013.972534
912.830078	1023.154602
916.496094	1011.454651
920.162109	1032.777222
923.826172	1010.95459
927.488281	1003.282166
931.148438	979.40332
934.808594	1014.252563
938.466797	971.442322
942.123047	998.206848
945.777344	989.159302
949.429688	1005.807129
953.082031	965.627258
956.732422	1016.126953
960.380859	1003.684387
964.027344	981.068176
967.673828	980.80072
971.318359	981.888977
974.960938	968.73175
978.601563	975.92334
982.240234	1010.957642
985.878906	997.795288
989.515625	1013.161438
993.150391	1018.34314
996.783203	1048.011963
1000.416016	1109.682617
1004.044922	1129.884521
1007.673828	1044.557861
1011.302734	1016.382202
1014.927734	964.330078
1018.552734	1001.548706
1022.175781	983.550171
1025.796875	993.513
1029.416016	1019.867249
1033.035156	1038.730957
1036.650391	994.071594
1040.265625	1008.155334
1043.880859	997.63446
1047.492188	1049.35437
1051.103516	973.828125
1054.712891	1012.572632
1058.320313	1030.801514
1061.925781	1044.248901
1065.53125	1077.586182
1069.134766	1041.687988
1072.736328	1052.411621
1076.335938	1037.749146
1079.935547	1061.525391
1083.533203	1092.877075
1087.128906	1052.098755
1090.722656	1043.598022
1094.316406	1112.807617
1097.90625	1098.131958
1101.496094	1072.43042
1105.085938	1072.875
1108.671875	1036.11853
1112.257813	1042.061401
1115.841797	1050.766724
1119.423828	1027.749878
1123.003906	1017.134644
1126.583984	1041.717407
1130.162109	1010.379883
1133.738281	1000.434326
1137.314453	920.669678
1140.886719	945.252197
1144.458984	949.101868
1148.029297	963.335205
1151.599609	929.808777
1155.166016	1009.844604
1158.732422	988.088623
1162.296875	994.042236
1165.861328	1018.724487
1169.421875	1004.575867
1172.982422	997.355835
1176.541016	1004.016418
1180.097656	1007.209045
1183.654297	974.963501
1187.208984	1004.563843
1190.761719	1019.58313
1194.3125	979.648438
1197.863281	1012.766907
1201.412109	1077.944214
1204.958984	1077.691528
1208.503906	1093.467529
1212.048828	1057.662842
1215.591797	1094.367798
1219.132813	1130.404785
1222.671875	1168.56543
1226.210938	1213.740723
1229.748047	1212.143799
1233.283203	1197.265625
1236.816406	1238.312134
1240.349609	1222.7323
1243.880859	1254.72522
1247.410156	1244.739258
1250.939453	1235.44519
1254.464844	1238.054321
1257.990234	1205.618164
1261.513672	1231.356934
1265.037109	1195.383179
1268.558594	1169.906738
1272.078125	1160.557129
1275.595703	1166.651855
1279.111328	1147.455322
1282.626953	1194.320435
1286.140625	1186.370728
1289.652344	1237.510742
1293.164063	1297.138184
1296.673828	1290.628174
1300.181641	1332.715576
1303.6875	1307.187622
1307.193359	1311.247192
1310.697266	1296.9729
1314.199219	1356.769287
1317.699219	1353.088867
1321.199219	1329.633545
1324.697266	1294.856079
1328.193359	1318.706177
1331.689453	1323.486694
1335.181641	1352.318237
1338.673828	1303.340454
1342.166016	1298.917358
1345.654297	1270.41333
1349.142578	1232.676147
1352.628906	1215.460815
1356.115234	1231.554565
1359.597656	1188.789307
1363.080078	1246.75061
1366.5625	1206.085571
1370.041016	1234.273438
1373.519531	1190.727661
1376.996094	1178.419067
1380.470703	1129.83728
1383.945313	1162.306763
1387.417969	1154.951904
1390.888672	1170.371704
1394.357422	1167.286743
1397.826172	1139.974487
1401.292969	1150.416748
1404.757813	1144.466675
1408.222656	1152.778564
1411.683594	1155.387817
1415.144531	1152.287354
1418.605469	1154.183716
1422.0625	1164.655396
1425.519531	1159.409668
1428.976563	1187.053589
1432.429688	1216.865845
1435.882813	1308.249878
1439.333984	1305.916504
1442.783203	1327.933472
1446.232422	1368.598145
1449.679688	1404.277588
1453.125	1353.930664
1456.570313	1380.305908
1460.011719	1355.027466
1463.453125	1348.396118
1466.894531	1322.365234
1470.332031	1292.720093
1473.769531	1285.335571
1477.207031	1305.991821
1480.640625	1266.950195
1484.074219	1308.487671
1487.505859	1201.011841
1490.935547	1175.565552
1494.365234	1093.890625
1497.792969	1102.983276
1501.21875	1050.060181
1504.644531	1067.078369
1508.066406	1078.335693
1511.490234	1078.048828
1514.910156	1033.697388
1518.330078	1035.559692
1521.748047	1009.228394
1525.164063	997.340271
1528.580078	1044.771484
1531.992188	1048.087769
1535.40625	1076.750366
1538.816406	1054.003174
1542.226563	1039.933838
1545.634766	1083.851563
1549.041016	1111.123047
1552.447266	1105.765625
1555.851563	1132.341553
1559.253906	1156.033936
1562.65625	1156.498779
1566.056641	1161.324219
1569.455078	1258.48584
1572.851563	1296.084839
1576.248047	1284.236206
1579.642578	1247.628906
1583.035156	1200.06897
1586.427734	1168.497314
1589.818359	1202.490356
1593.207031	1146.105103
1596.595703	1158.964233
1599.982422	1163.807129
1603.367188	1184.712524
1606.751953	1220.23938
1610.132813	1150.596924
1613.513672	1180.29126
1616.894531	1155.906006
1620.273438	1174.654419
1623.650391	1180.978638
1627.025391	1149.975464
1630.400391	1133.593018
1633.773438	1169.943481
1637.144531	1171.877441
1640.513672	1217.803101
1643.882813	1232.226074
1647.251953	1280.41333
1650.617188	1307.351074
1653.982422	1296.858398
1657.345703	1335.578003
1660.707031	1287.605957
1664.068359	1308.706665
1667.427734	1329.823853
1670.787109	1346.542725
1674.142578	1316.163574
1677.498047	1260.722168
1680.853516	1272.275635
1684.205078	1258.780273
1687.556641	1217.994263
1690.90625	1209.628906
1694.255859	1128.94519
1697.603516	1133.823975
1700.949219	1137.96814
1704.294922	1069.717163
1707.638672	1056.840332
1710.980469	1043.213501
1714.320313	1019.960388
1717.660156	1044.784058
1720.998047	1004.487305
1724.335938	981.930725
1727.669922	1014.917114
1731.003906	990.122925
1734.337891	1016.465698
1737.669922	982.009766
1741	1002.433838
1744.328125	967.944458
1747.65625	997.289612
1750.982422	981.342285
1754.306641	1001.054382
1757.630859	970.969482
1760.953125	994.411438
1764.273438	975.460388
1767.59375	937.140869
1770.912109	934.533875
1774.228516	981.090881
1777.544922	962.848755
1780.859375	958.75708
1784.171875	966.595215
1787.484375	977.423828
1790.792969	962.136047
1794.103516	941.608887
1797.410156	969.620972
1800.716797	978.972351
1804.023438	953.193604
1807.326172	949.083191
1810.628906	962.926025
1813.929688	983.51593
1817.230469	984.653503
1820.529297	958.824707
1823.826172	971.942932
1827.123047	1003.063477
1830.417969	1019.208984
1833.710938	972.344604
1837.001953	974.980103
1840.292969	993.385498
1843.583984	975.749695
1846.871094	969.371521
1850.158203	979.52655
1853.443359	997.961792
1856.728516	982.55603
1860.011719	941.548218
1863.292969	978.812927
1866.574219	975.432373
1869.853516	963.760071
1873.130859	997.307739
1876.408203	984.126221
1879.683594	995.829773
1882.957031	955.467041
1886.230469	986.043335
1889.501953	1013.622192
1892.771484	1009.487122
1896.041016	967.553467
1899.308594	981.545349
1902.574219	978.148499
1905.839844	964.910522
1909.103516	966.80365
1912.365234	965.668518
1915.626953	987.262756
1918.886719	980.070435
1922.146484	1000.170288
1925.402344	975.529602
1928.658203	967.564575
1931.914063	954.278931
1935.167969	982.753418
1938.419922	977.060425
1941.669922	985.804016
1944.919922	977.826233
1948.167969	976.687927
1951.416016	1013.596375
1954.662109	985.826721
1957.90625	994.589661
1961.150391	1012.501465
1964.392578	1004.513916
1967.632813	992.707642
1970.873047	1005.299805
1974.111328	1000.351501
1977.347656	982.422302
1980.583984	984.333496
1983.818359	1003.052612
1987.050781	1001.151733
1990.283203	996.955444
1993.513672	982.812805
1996.744141	992.378052
1999.970703	996.592468
2003.199219	981.666687
2006.423828	1022.64917
2009.648438	1010.786743
2012.871094	979.749146
2016.09375	983.19873
2019.314453	975.909668
2022.533203	1020.806274
2025.751953	995.0979
2028.96875	982.427368
2032.183594	984.346741
2035.398438	983.961182
2038.611328	959.735535
2041.824219	981.649841
2045.035156	994.345581
2048.244141	995.502197
2051.451172	1022.846863
2054.658203	1024.785522
2057.865234	976.622437
2061.068359	1034.064331
2064.271484	993.581116
2067.474609	980.847839
2070.673828	1027.549438
2073.875	989.332703
2077.072266	1011.349854
2080.269531	993.192383
2083.464844	1009.815125
2086.660156	996.283508
2089.853516	1014.467529
2093.044922	1017.183105
2096.236328	979.631165
2099.425781	990.08197
2102.613281	992.015564
2105.800781	1008.681335
2108.986328	963.310791
2112.169922	991.616516
2115.353516	989.671692
2118.535156	1023.444702
2121.716797	976.455017
2124.896484	1014.911255
2128.074219	1012.971436
2131.251953	1020.362488
2134.427734	1030.093018
2137.603516	1019.594666
2140.777344	1012.980957
2143.949219	1014.930054
2147.119141	1029.3479
2150.289063	1014.154907
2153.458984	1023.124329
2156.625	1021.178772
2159.791016	994.257935
2162.957031	1000.106506
2166.121094	1009.083435
2169.283203	1039.162842
2172.445313	1049.724487
2175.603516	1059.512085
2178.763672	1035.671143
2181.921875	1052.503174
2185.078125	1018.463867
2188.232422	1036.084961
2191.386719	1019.248108
2194.539063	1035.315063
2197.691406	1025.520874
2200.841797	1033.758667
2203.990234	1028.663696
2207.138672	1044.758057
2210.285156	998.8302
2213.429688	1034.563599
2216.574219	1038.10437
2219.71875	1034.572388
2222.859375	1015.30835
2226	1036.94043
2229.140625	1025.532715
2232.279297	1045.610107
2235.416016	1040.497681
2238.550781	1025.925415
2241.685547	1046.025391
2244.820313	1033.020874
2247.951172	1021.58374
2251.082031	1029.077759
2254.212891	1041.314087
2257.341797	1024.337891
2260.46875	1042.901855
2263.595703	1040.139648
2266.720703	1056.35144
2269.84375	1046.472778
2272.966797	1053.994751
2276.087891	1044.898804
2279.208984	1051.633423
2282.328125	1025.893066
2285.445313	1052.437622
2288.5625	1039.362183
2291.677734	1004.069519
2294.792969	1042.536621
2297.90625	1035.79126
2301.017578	1048.096924
2304.128906	1050.085571
2307.238281	1059.227051
2310.345703	1031.808838
2313.453125	1040.154663
2316.558594	1024.640747
2319.664063	1042.539551
2322.767578	1094.685791
2325.871094	1118.199585
2328.972656	1183.958374
2332.072266	1127.022095
2335.169922	1078.015503
2338.267578	1070.449463
2341.365234	1037.342651
2344.460938	1061.685181
2347.554688	1070.873291
2350.648438	1029.739502
2353.740234	1054.905273
2356.830078	1021.728394
2359.919922	1041.311401
2363.007813	1046.507568
2366.095703	1076.519409
2369.181641	998.460571
2372.265625	1052.506226
2375.349609	1055.309692
2378.431641	1046.892578
2381.513672	1020.025024
2384.59375	1039.665039
2387.673828	1048.886963
2390.75	1058.918457
2393.828125	1023.179321
2396.902344	1045.259644
2399.976563	1067.356445
2403.050781	1087.057617
2406.123047	1070.578125
2409.193359	1054.085938
2412.262695	1022.286865
2415.331055	1054.883911
2418.398438	1055.283081
2421.464844	1064.546753
2424.530273	1032.702515
2427.59375	1061.31958
2430.65625	1064.141113
2433.717773	1057.279419
2436.77832	1069.789673
2439.837891	1079.078369
2442.895508	1042.317993
2445.953125	1074.235352
2449.008789	1062.511597
2452.063477	1050.778931
2455.117188	1061.69519
2458.168945	1059.666992
2461.220703	1102.177734
2464.270508	1083.960083
2467.319336	1069.780762
2470.367188	1058.022705
2473.413086	1059.2323
2476.458984	1025.554321
2479.50293	1046.232056
2482.545898	1080.728516
2485.587891	1042.958374
2488.628906	1075.854004
2491.668945	1070.568481
2494.707031	1079.916138
2497.745117	1064.865845
2500.78125	1052.245239
2503.816406	1054.268921
2506.850586	1089.684814
2509.882813	1056.690674
2512.915039	1075.018066
2515.945313	1081.129028
2518.974609	1044.831177
2522.00293	1077.045044
2525.030273	1080.714111
2528.056641	1059.072388
2531.081055	1067.638184
2534.105469	1070.48999
2537.12793	1091.328003
2540.149414	1077.016968
2543.169922	1072.511963
2546.188477	1050.817017
2549.207031	1081.502319
2552.223633	1067.984131
2555.239258	1065.106567
2558.254883	1047.473511
2561.267578	1099.52063
2564.280273	1067.122559
2567.291992	1088.855591
2570.301758	1072.024902
2573.311523	1069.140869
2576.319336	1066.254517
2579.326172	1102.810547
2582.332031	1088.425049
2585.335938	1046.067627
2588.339844	1033.295166
2591.341797	1102.812256
2594.34375	1090.874146
2597.34375	1101.987915
2600.342773	1075.209595
2603.34082	1060.774536
2606.336914	1097.449219
2609.333008	1096.208374
2612.327148	1106.518555
2615.320313	1147.377808
2618.313477	1099.085205
2621.304688	1101.972534
2624.293945	1084.202393
2627.283203	1092.046021
2630.271484	1079.220337
2633.257813	1103.613281
2636.243164	1086.643921
2639.227539	1091.187378
2642.210938	1127.206299
2645.193359	1084.541748
2648.174805	1079.971558
2651.155273	1113.53833
2654.133789	1084.920898
2657.112305	1084.493774
2660.088867	1103.157715
2663.064453	1109.379517
2666.039063	1138.864868
2669.012695	1138.456177
2671.984375	1124.746094
2674.956055	1109.362427
2677.925781	1106.445801
2680.895508	1108.52002
2683.863281	1101.437866
2686.830078	1111.8396
2689.795898	1138.911865
2692.760742	1133.499146
2695.723633	1129.749634
2698.686523	1100.974976
2701.647461	1124.744751
2704.608398	1146.027832
2707.567383	1148.956299
2710.525391	1149.380859
2713.482422	1176.545044
2716.438477	1181.995117
2719.392578	1158.180786
2722.34668	1190.396851
2725.299805	1209.246826
2728.250977	1187.089722
2731.201172	1207.626709
2734.150391	1181.263184
2737.098633	1211.869751
2740.045898	1195.548584
2742.992188	1185.085938
2745.9375	1172.098267
2748.881836	1193.512939
2751.824219	1155.329468
2754.765625	1180.112915
2757.707031	1126.771362
2760.646484	1175.938232
2763.584961	1152.826538
2766.522461	1184.373901
2769.458984	1162.930786
2772.393555	1170.092529
2775.328125	1164.627686
2778.261719	1138.098389
2781.193359	1135.988159
2784.124023	1184.458008
2787.054688	1182.362793
2789.983398	1173.516479
2792.911133	1121.621582
2795.837891	1170.15625
2798.762695	1181.564941
2801.6875	1169.324707
2804.611328	1133.40979
2807.533203	1142.280151
2810.455078	1176.53125
2813.375	1164.270264
2816.293945	1194.321777
2819.211914	1164.276123
2822.129883	1185.87854
2825.045898	1207.496582
2827.959961	1231.673218
2830.874023	1238.059448
2833.787109	1263.112671
2836.698242	1309.398926
2839.609375	1480.509521
2842.518555	1592.29895
2845.427734	1789.123291
2848.334961	1933.400513
2851.241211	1972.363281
2854.146484	1978.185791
2857.050781	1991.669067
2859.954102	2015.374878
2862.856445	2171.915527
2865.757813	2200.813477
2868.657227	2271.481201
2871.556641	2393.339355
2874.454102	2563.88623
2877.351563	2612.585205
2880.24707	2667.291748
2883.141602	2687.894531
2886.036133	2719.612305
2888.928711	2596.743896
2891.820313	2683.99292
2894.710938	2711.468018
2897.599609	2677.393555
2900.488281	2714.294678
2903.375977	2754.64502
2906.262695	2832.690674
2909.147461	2821.72998
2912.032227	2951.256104
2914.915039	3027.741943
2917.797852	3154.006348
2920.678711	3240.911377
2923.558594	3264.392578
2926.4375	3335.951172
2929.31543	3410.136475
2932.192383	3453.456055
2935.068359	3516.566895
2937.943359	3449.082275
2940.817383	3410.780762
2943.69043	3342.347168
2946.561523	3077.689697
2949.432617	2967.769775
2952.301758	2844.854492
2955.170898	2797.647705
2958.038086	2828.816895
2960.905273	2698.820068
2963.770508	2622.190186
2966.634766	2616.236572
2969.499023	2520.536133
2972.361328	2461.020996
2975.222656	2410.961426
2978.083008	2351.362549
2980.942383	2277.894043
2983.800781	2184.489258
2986.657227	2091.881592
2989.513672	1999.206543
2992.369141	1953.195679
2995.223633	1850.014404
2998.076172	1803.049683
3000.928711	1695.407593
3003.779297	1653.552368
3006.629883	1591.726685
3009.478516	1551.537842
3012.327148	1523.46582
3015.173828	1466.732788
3018.019531	1424.71814
3020.865234	1347.932495
3023.708984	1354.498535
3026.551758	1353.246704
3029.393555	1284.176636
3032.234375	1310.730469
3035.074219	1293.799316
3037.913086	1315.15271
3040.750977	1255.546265
3043.587891	1340.484497
3046.423828	1266.902588
3049.258789	1301.350342
3052.091797	1348.029785
3054.924805	1361.596436
3057.756836	1339.397217
3060.586914	1342.495239
3063.416992	1330.750977
3066.246094	1377.523071
3069.073242	1357.044067
3071.900391	1332.179443
3074.725586	1319.539063
3077.550781	1252.654175
3080.374023	1240.85083
3083.196289	1243.920166
3086.018555	1259.251221
3088.838867	1226.412354
3091.658203	1303.090088
3094.477539	1248.327026
3097.294922	1242.633667
3100.111328	1265.008301
3102.926758	1230.356445
3105.741211	1200.946777
3108.554688	1242.650024
3111.367188	1200.924194
3114.178711	1256.717651
3116.990234	1239.582397
3119.799805	1203.966187
3122.607422	1254.541016
3125.415039	1254.107178
3128.22168	1194.686768
3131.027344	1236.504395
3133.832031	1223.728638
3136.635742	1188.9104
3139.438477	1256.337402
3142.240234	1246.200073
3145.041016	1221.056763
3147.839844	1204.721069
3150.638672	1186.607788
3153.436523	1209.992065
3156.233398	1216.605835
3159.02832	1182.567627
3161.823242	1210.395264
3164.617188	1201.979614
3167.410156	1200.635742
3170.201172	1206.37146
3172.992188	1240.443726
3175.782227	1196.597046
3178.570313	1203.222656
3181.358398	1194.784912
3184.144531	1197.86731
3186.930664	1186.760254
3189.71582	1217.347168
3192.499023	1216.002075
3195.282227	1205.776733
3198.063477	1229.296143
3200.844727	1255.054565
