399.333984	825.001587
403.220703	792.294434
407.103516	834.623901
410.986328	833.076782
414.867188	796.509583
418.748047	819.786072
422.625	805.484741
426.501953	779.695251
430.375	830.419556
434.248047	777.180603
438.119141	797.94458
441.988281	783.601501
445.855469	766.690186
449.722656	797.06366
453.585938	807.000427
457.449219	761.28833
461.310547	791.058228
465.169922	763.227356
469.027344	790.461121
472.882813	759.401245
476.736328	771.26947
480.589844	770.961182
484.441406	768.727356
488.289063	766.491333
492.136719	775.171082
495.984375	784.50061
499.828125	789.338501
503.669922	789.035767
507.511719	776.509155
511.351563	749.812012
515.189453	803.578186
519.025391	795.55011
522.859375	788.803833
526.691406	792.367065
530.523438	801.09314
534.351563	783.370056
538.179688	792.099304
542.005859	795.669189
545.830078	790.842468
549.654297	784.718506
553.474609	784.409119
557.294922	767.925537
561.113281	770.197083
564.927734	776.355408
568.744141	739.765259
572.556641	750.451721
576.367188	755.312134
580.177734	762.770996
583.986328	765.693726
587.792969	735.510986
591.597656	755.309814
595.400391	775.125366
599.201172	727.357056
603.001953	752.379456
606.800781	744.894958
610.597656	749.118958
614.392578	764.415405
618.185547	753.668762
621.976563	751.384521
625.767578	739.970703
629.556641	753.331848
633.34375	750.391357
637.128906	772.907043
640.912109	772.58429
644.693359	794.474915
648.474609	763.440002
652.253906	773.574646
656.03125	816.427124
659.806641	772.926208
663.580078	783.077209
667.353516	781.446228
671.123047	792.264343
674.892578	765.723206
678.660156	785.069641
682.425781	782.779663
686.191406	789.677368
689.953125	793.297241
693.714844	785.094299
697.474609	815.662598
701.232422	824.557861
704.988281	818.330505
708.744141	809.46521
712.498047	800.592163
716.248047	830.572327
719.998047	843.445313
723.748047	850.395996
727.494141	878.456421
731.240234	843.861145
734.982422	826.397827
738.724609	851.841736
742.464844	870.0401
746.205078	879.001099
749.941406	823.834595
753.677734	867.840698
757.412109	870.193909
761.144531	910.946411
764.875	879.541809
768.605469	880.577148
772.332031	916.744995
776.058594	964.216797
779.783203	961.307922
783.505859	936.493958
787.228516	916.970581
790.947266	916.694336
794.666016	891.829102
798.382813	914.810608
802.097656	931.160156
805.8125	934.215393
809.523438	920.630981
813.234375	905.036987
816.943359	920.076538
820.650391	922.464661
824.357422	927.52179
828.060547	933.249939
831.763672	918.294373
835.464844	903.993591
839.164063	925.080688
842.861328	904.756287
846.558594	897.115784
850.253906	916.888367
853.947266	931.32489
857.638672	901.597107
861.328125	915.369202
865.017578	930.492493
868.705078	878.609924
872.390625	899.093689
876.074219	890.752258
879.755859	903.876526
883.4375	875.39032
887.117188	881.802734
890.794922	863.360901
894.470703	891.954407
898.146484	880.22522
901.818359	875.213196
905.490234	891.059937
909.160156	867.868958
912.830078	874.29541
916.496094	853.772827
920.162109	848.063843
923.826172	866.628845
927.488281	868.341736
931.148438	849.806213
934.808594	868.394653
938.466797	872.81189
942.123047	879.935913
945.777344	866.106018
949.429688	833.325073
953.082031	840.440796
956.732422	847.562256
960.380859	839.112671
964.027344	838.108643
967.673828	849.30426
971.318359	846.268921
974.960938	826.949585
978.601563	852.405945
982.240234	845.29364
985.878906	853.797607
989.515625	841.243347
993.150391	861.988708
996.783203	876.630371
1000.416016	944.352783
1004.044922	899.82373
1007.673828	910.413147
1011.302734	868.557129
1014.927734	852.563171
1018.552734	830.419556
1022.175781	818.488342
1025.796875	831.794189
1029.416016	846.476135
1033.035156	860.487244
1036.650391	849.230957
1040.265625	838.64856
1043.880859	851.305603
1047.492188	860.552673
1051.103516	866.385437
1054.712891	868.11499
1058.320313	852.722839
1061.925781	866.781372
1065.53125	870.569031
1069.134766	857.901062
1072.736328	887.757874
1076.335938	871.654358
1079.935547	861.716858
1083.533203	884.742676
1087.128906	878.925049
1090.722656	873.102417
1094.316406	869.337952
1097.90625	865.57019
1101.496094	874.189148
1105.085938	861.467651
1108.671875	881.114075
1112.257813	855.979004
1115.841797	878.396912
1119.423828	888.417358
1123.003906	874.984192
1126.583984	889.843445
1130.162109	864.658691
1133.738281	857.416443
1137.314453	839.108887
1140.886719	834.61554
1144.458984	827.351196
1148.029297	819.38855
1151.599609	846.728333
1155.166016	817.987976
1158.732422	865.443665
1162.296875	833.914124
1165.861328	860.610718
1169.421875	869.291138
1172.982422	831.476929
1176.541016	847.789795
1180.097656	842.582458
1183.654297	867.946838
1187.208984	840.496643
1190.761719	837.365662
1194.3125	864.150146
1197.863281	861.721924
1201.412109	855.113403
1204.958984	878.454468
1208.503906	886.482239
1212.048828	923.799072
1215.591797	966.02887
1219.132813	972.008606
1222.671875	979.389099
1226.210938	973.506653
1229.748047	986.482422
1233.283203	981.995422
1236.816406	997.781738
1240.349609	980.704102
1243.880859	1006.999207
1247.410156	1024.2146
1250.939453	1019.032166
1254.464844	1025.756348
1257.990234	1024.074463
1261.513672	983.823364
1265.037109	949.151123
1268.558594	940.416931
1272.078125	992.055176
1275.595703	951.723816
1279.111328	965.464478
1282.626953	990.463501
1286.140625	969.068665
1289.652344	1005.345581
1293.164063	1032.502319
1296.673828	1044.894775
1300.181641	1007.989441
1303.6875	1035.17981
1307.193359	1063.097168
1310.697266	1043.079346
1314.199219	1070.31665
1317.699219	1067.224976
1321.199219	1091.669434
1324.697266	1042.666504
1328.193359	1055.812988
1331.689453	1060.486084
1335.181641	1076.479248
1338.673828	1093.192749
1342.166016	1074.526733
1345.654297	1060.094116
1349.142578	1021.562622
1352.628906	985.12561
1356.115234	997.580505
1359.597656	961.812805
1363.080078	1011.876099
1366.5625	999.510559
1370.041016	982.873657
1373.519531	952.013794
1376.996094	996.467712
1380.470703	963.454651
1383.945313	977.361938
1387.417969	951.429871
1390.888672	973.885925
1394.357422	954.340576
1397.826172	951.878662
1401.292969	975.78717
1404.757813	971.192261
1408.222656	956.606506
1411.683594	963.417847
1415.144531	995.222168
1418.605469	974.913818
1422.0625	973.880554
1425.519531	972.131409
1428.976563	1012.571045
1432.429688	1048.035645
1435.882813	1062.058472
1439.333984	1089.695679
1442.783203	1076.528564
1446.232422	1100.61084
1449.679688	1123.278687
1453.125	1072.817871
1456.570313	1129.210815
1460.011719	1089.476563
1463.453125	1090.63562
1466.894531	1087.485596
1470.332031	1044.811035
1473.769531	1042.358276
1477.207031	1032.711548
1480.640625	1020.89856
1484.074219	1022.750793
1487.505859	1008.043518
1490.935547	1001.967957
1494.365234	967.783325
1497.792969	947.268005
1501.21875	913.754333
1504.644531	941.539734
1508.066406	933.258423
1511.490234	951.686768
1514.910156	916.675049
1518.330078	903.314453
1521.748047	932.596436
1525.164063	915.614807
1528.580078	921.772095
1531.992188	938.067505
1535.40625	905.860535
1538.816406	930.130676
1542.226563	922.53363
1545.634766	951.179443
1549.041016	948.661194
1552.447266	996.204895
1555.851563	992.97644
1559.253906	965.055908
1562.65625	995.954651
1566.056641	1010.163086
1569.455078	1052.736816
1572.851563	1074.979492
1576.248047	1037.575562
1579.642578	1037.264404
1583.035156	1042.050171
1586.427734	1042.468628
1589.818359	978.025513
1593.207031	963.107422
1596.595703	1006.52655
1599.982422	987.229492
1603.367188	1018.283447
1606.751953	982.179504
1610.132813	986.956421
1613.513672	998.314453
1616.894531	1007.487976
1620.273438	1060.553589
1623.650391	989.270813
1627.025391	996.254944
1630.400391	1025.213257
1633.773438	1021.228088
1637.144531	1003.314697
1640.513672	1031.576782
1643.882813	1048.859131
1647.251953	1063.219971
1650.617188	1063.64502
1653.982422	1080.960205
1657.345703	1126.2052
1660.707031	1116.366089
1664.068359	1092.549438
1667.427734	1099.605469
1670.787109	1119.911499
1674.142578	1109.316895
1677.498047	1082.512573
1680.853516	1055.686646
1684.205078	1035.472046
1687.556641	1045.469727
1690.90625	1028.18457
1694.255859	1010.147644
1697.603516	975.856384
1700.949219	976.983643
1704.294922	974.417786
1707.638672	967.415344
1710.980469	990.720154
1714.320313	939.339905
1717.660156	920.475464
1720.998047	932.685364
1724.335938	910.10022
1727.669922	902.313171
1731.003906	916.011902
1734.337891	930.462769
1737.669922	938.991211
1741	923.782471
1744.328125	932.314575
1747.65625	905.951843
1750.982422	932.312317
1754.306641	943.830017
1757.630859	910.005066
1760.953125	919.291321
1764.273438	937.513428
1767.59375	907.36676
1770.912109	906.981934
1774.228516	917.025757
1777.544922	914.408264
1780.859375	924.462524
1784.171875	882.316467
1787.484375	922.210571
1790.792969	900.183105
1794.103516	940.862183
1797.410156	907.619019
1800.716797	935.62854
1804.023438	932.260681
1807.326172	943.100037
1810.628906	905.315063
1813.929688	914.654846
1817.230469	895.547974
1820.529297	935.60321
1823.826172	929.977783
1827.123047	930.345154
1830.417969	914.963196
1833.710938	925.828125
1837.001953	901.425049
1840.292969	895.773926
1843.583984	919.413086
1846.871094	910.006897
1850.158203	912.621033
1853.443359	925.765625
1856.728516	932.901611
1860.011719	920.474426
1863.292969	953.966125
1866.574219	909.901367
1869.853516	941.154297
1873.130859	939.263367
1876.408203	915.501282
1879.683594	924.914612
1882.957031	912.448425
1886.230469	928.662537
1889.501953	949.421082
1892.771484	916.547791
1896.041016	935.049744
1899.308594	952.809814
1902.574219	959.992615
1905.839844	949.017883
1909.103516	937.277161
1912.365234	902.047974
1915.626953	946.347839
1918.886719	933.075562
1922.146484	928.892029
1925.402344	951.255127
1928.658203	931.897522
1931.914063	933.022095
1935.167969	927.312134
1938.419922	926.915833
1941.669922	953.121216
1944.919922	925.361206
1948.167969	943.218872
1951.416016	944.349182
1954.662109	958.421509
1957.90625	961.081299
1961.150391	961.457397
1964.392578	970.217163
1967.632813	941.623657
1970.873047	930.550659
1974.111328	955.331909
1977.347656	925.17157
1980.583984	948.442383
1983.818359	970.967163
1987.050781	936.191467
1990.283203	964.84491
1993.513672	965.221619
1996.744141	957.181885
1999.970703	940.715942
2003.199219	951.803223
2006.423828	926.129456
2009.648438	933.387573
2012.871094	890.820435
2016.09375	937.183167
2019.314453	980.513
2022.533203	954.031677
2025.751953	964.38501
2028.96875	934.803833
2032.183594	960.525696
2035.398438	983.192444
2038.611328	926.667725
2041.824219	918.565735
2045.035156	914.305359
2048.244141	937.758484
2051.451172	955.838013
2054.658203	964.685242
2057.865234	943.477356
2061.068359	926.879456
2064.271484	941.124939
2067.474609	924.512756
2070.673828	963.472412
2073.875	946.083191
2077.072266	912.455444
2080.269531	948.363464
2083.464844	946.411682
2086.660156	949.099304
2089.853516	953.336365
2093.044922	980.025757
2096.236328	994.344971
2099.425781	929.65448
2102.613281	961.7901
2105.800781	960.611938
2108.986328	960.983948
2112.169922	956.700439
2115.353516	967.161499
2118.535156	949.675964
2121.716797	961.695557
2124.896484	974.501282
2128.074219	979.542603
2131.251953	946.479553
2134.427734	970.963867
2137.603516	976.787231
2140.777344	985.72937
2143.949219	930.806946
2147.119141	950.64679
2150.289063	977.517456
2153.458984	944.362488
2156.625	946.287109
2159.791016	962.26062
2162.957031	964.973938
2166.121094	963.783997
2169.283203	957.123596
2172.445313	946.549744
2175.603516	952.388
2178.763672	938.674744
2181.921875	958.599548
2185.078125	962.100037
2188.232422	953.855957
2191.386719	962.84082
2194.539063	973.399902
2197.691406	972.990356
2200.841797	957.677795
2203.990234	967.461731
2207.138672	969.403564
2210.285156	957.997498
2213.429688	958.365662
2216.574219	965.020569
2219.71875	980.328064
2222.859375	940.59552
2226	983.441284
2229.140625	976.735229
2232.279297	982.621521
2235.416016	960.944092
2238.550781	947.129333
2241.685547	975.081726
2244.820313	954.952881
2247.951172	949.796814
2251.082031	988.040894
2254.212891	980.524719
2257.341797	997.485535
2260.46875	978.11554
2263.595703	988.764954
2266.720703	967.004272
2269.84375	976.075134
2272.966797	989.900452
2276.087891	964.156616
2279.208984	951.06311
2282.328125	970.439392
2285.445313	969.225281
2288.5625	955.325256
2291.677734	958.86261
2294.792969	982.237671
2297.90625	991.343506
2301.017578	983.78186
2304.128906	983.363037
2307.238281	986.916687
2310.345703	960.265869
2313.453125	998.802917
2316.558594	981.682129
2319.664063	995.58551
2322.767578	1054.082886
2325.871094	1040.945068
2328.972656	1093.926514
2332.072266	1044.129272
2335.169922	1024.59314
2338.267578	949.206238
2341.365234	1003.828552
2344.460938	975.473145
2347.554688	985.427002
2350.648438	995.388184
2353.740234	961.402344
2356.830078	984.153076
2359.919922	975.729553
2363.007813	976.100281
2366.095703	943.655273
2369.181641	989.652954
2372.265625	969.202881
2375.349609	983.994202
2378.431641	957.113159
2381.513672	966.297241
2384.59375	989.927917
2387.673828	999.933533
2390.75	1009.143677
2393.828125	1027.194946
2396.902344	1005.088196
2399.976563	984.572021
2403.050781	1013.890259
2406.123047	1044.034912
2409.193359	949.481934
2412.262695	994.113647
2415.331055	988.047791
2418.398438	1013.393982
2421.464844	973.48407
2424.530273	994.006409
2427.59375	974.220398
2430.65625	973.78186
2433.717773	954.779846
2436.77832	997.932129
2439.837891	991.039856
2442.895508	1018.886047
2445.953125	973.197388
2449.008789	1007.526245
2452.063477	1003.861877
2455.117188	992.102356
2458.168945	987.619385
2461.220703	1034.1521
2464.270508	995.655457
2467.319336	1043.84668
2470.367188	991.541565
2473.413086	1025.168213
2476.458984	1023.120239
2479.50293	1004.025574
2482.545898	1040.130127
2485.587891	1016.965637
2488.628906	1005.159607
2491.668945	1004.724854
2494.707031	1001.036804
2497.745117	1004.667114
2500.78125	1022.948425
2503.816406	1022.518738
2506.850586	1017.202026
2509.882813	1016.769409
2512.915039	1039.971924
2515.945313	1014.271851
2518.974609	987.736511
2522.00293	1012.58551
2525.030273	1035.820313
2528.056641	984.765869
2531.081055	1004.739868
2534.105469	1021.4599
2537.12793	1020.207825
2540.149414	1031.221191
2543.169922	997.247925
2546.188477	1018.081238
2549.207031	1018.462463
2552.223633	1032.766846
2555.239258	1030.695435
2558.254883	1051.571655
2561.267578	1040.485962
2564.280273	992.481445
2567.291992	1015.00708
2570.301758	1010.461426
2573.311523	1065.035156
2576.319336	1054.754028
2579.326172	1056.791626
2582.332031	1043.21106
2585.335938	1007.415771
2588.339844	1034.117798
2591.341797	1007.34491
2594.34375	1010.190613
2597.34375	1028.686768
2600.342773	1036.485596
2603.34082	1063.247192
2606.336914	1035.609375
2609.333008	1035.170532
2612.327148	1044.63269
2615.320313	1035.116333
2618.313477	1068.532104
2621.304688	1052.408569
2624.293945	1057.758423
2627.283203	1020.951355
2630.271484	1064.334595
2633.257813	1066.38501
2636.243164	1007.19397
2639.227539	1011.707886
2642.210938	1027.820068
2645.193359	1024.887817
2648.174805	1012.835938
2651.155273	1041.402832
2654.133789	1058.37854
2657.112305	1064.57959
2660.088867	1072.445313
2663.064453	1073.673462
2666.039063	1038.352295
2669.012695	1064.498047
2671.984375	1059.073608
2674.956055	1035.349487
2677.925781	1029.909668
2680.895508	1053.593384
2683.863281	1024.012451
2686.830078	1038.549805
2689.795898	1061.429199
2692.760742	1049.32019
2695.723633	1119.744507
2698.686523	1085.96167
2701.647461	1057.159912
2704.608398	1093.442383
2707.567383	1087.166504
2710.525391	1094.25061
2713.482422	1081.285034
2716.438477	1125.152344
2719.392578	1092.11853
2722.34668	1119.290894
2725.299805	1102.967041
2728.250977	1132.674438
2731.201172	1052.695435
2734.150391	1106.701172
2737.098633	1102.918823
2740.045898	1109.194092
2742.992188	1103.731812
2745.9375	1091.553223
2748.881836	1086.079956
2751.824219	1073.045776
2754.765625	1065.041382
2757.707031	1088.119995
2760.646484	1101.128662
2763.584961	1105.738037
2766.522461	1087.638794
2769.458984	1087.197144
2772.393555	1069.077271
2775.328125	1125.04895
2778.261719	1031.954468
2781.193359	1074.469482
2784.124023	1089.195557
2787.054688	1115.738892
2789.983398	1075.653198
2792.911133	1126.685303
2795.837891	1084.885132
2798.762695	1059.945679
2801.6875	1067.093384
2804.611328	1083.543213
2807.533203	1037.437256
2810.455078	1110.557617
2813.375	1050.889282
2816.293945	1122.374756
2819.211914	1132.099731
2822.129883	1119.808228
2825.045898	1117.675781
2827.959961	1120.627563
2830.874023	1161.740723
2833.787109	1179.131348
2836.698242	1190.594116
2839.609375	1245.359741
2842.518555	1284.879028
2845.427734	1390.690796
2848.334961	1465.984985
2851.241211	1560.037354
2854.146484	1541.045776
2857.050781	1535.652588
2859.954102	1581.320313
2862.856445	1595.519287
2865.757813	1688.937012
2868.657227	1753.453857
2871.556641	1764.320679
2874.454102	1861.311523
2877.351563	1921.695801
2880.24707	1992.362793
2883.141602	1941.020142
2886.036133	1916.109863
2888.928711	1923.640503
2891.820313	1921.776489
2894.710938	1950.684082
2897.599609	1988.163452
2900.488281	1953.81311
2903.375977	1999.877441
2906.262695	2032.277832
2909.147461	2025.308472
2912.032227	2064.594238
2914.915039	2111.62085
2917.797852	2233.266357
2920.678711	2305.258057
2923.558594	2288.935547
2926.4375	2339.542725
2929.31543	2420.235352
2932.192383	2470.066895
2935.068359	2482.130859
2937.943359	2383.330322
2940.817383	2391.071533
2943.69043	2322.269043
2946.561523	2188.024902
2949.432617	2176.766357
2952.301758	2069.924316
2955.170898	2053.445801
2958.038086	2004.212036
2960.905273	1963.56189
2963.770508	1986.690552
2966.634766	1883.897217
2969.499023	1904.424316
2972.361328	1866.26709
2975.222656	1793.541016
2978.083008	1741.494141
2980.942383	1693.72998
2983.800781	1692.611816
2986.657227	1576.477905
2989.513672	1583.101685
2992.369141	1549.056396
2995.223633	1494.209106
2998.076172	1440.18811
3000.928711	1425.979004
3003.779297	1358.894165
3006.629883	1367.185791
3009.478516	1313.039795
3012.327148	1260.589844
3015.173828	1203.762329
3018.019531	1269.310181
3020.865234	1206.364868
3023.708984	1215.48645
3026.551758	1168.120483
3029.393555	1205.056763
3032.234375	1133.299072
3035.074219	1174.599243
3037.913086	1181.983765
3040.750977	1170.217896
3043.587891	1161.927368
3046.423828	1178.02771
3049.258789	1158.402222
3052.091797	1165.792847
3054.924805	1181.038818
3057.756836	1212.874268
3060.586914	1228.147461
3063.416992	1205.010742
3066.246094	1179.236572
3069.073242	1231.213867
3071.900391	1154.730347
3074.725586	1150.770996
3077.550781	1166.927856
3080.374023	1118.34082
3083.196289	1133.621826
3086.018555	1156.794678
3088.838867	1156.331665
3091.658203	1130.454712
3094.477539	1122.968384
3097.294922	1161.077637
3100.111328	1114.996948
3102.926758	1142.599243
3105.741211	1109.646729
3108.554688	1124.971558
3111.367188	1122.736694
3114.178711	1131.924805
3116.990234	1114.744995
3119.799805	1116.02124
3122.607422	1113.779053
3125.415039	1100.973999
3128.22168	1126.016479
3131.027344	1109.683472
3133.832031	1123.293091
3136.635742	1137.793457
3139.438477	1087.062378
3142.240234	1114.789063
3145.041016	1108.126709
3147.839844	1127.054077
3150.638672	1097.435669
3153.436523	1103.124146
3156.233398	1109.699951
3159.02832	1118.047852
3161.823242	1122.864868
3164.617188	1097.613403
3167.410156	1117.467163
3170.201172	1106.356812
3172.992188	1127.998047
3175.782227	1100.940186
3178.570313	1133.226685
3181.358398	1097.287598
3184.144531	1102.108887
3186.930664	1144.185913
3189.71582	1135.717407
3192.499023	1120.14209
3195.282227	1104.55542
3198.063477	1102.280762
3200.844727	1113.827637
