399.333984	995.340881
403.220703	998.952271
407.103516	1008.29187
410.986328	1003.001526
414.867188	960.777771
418.748047	980.30365
422.625	978.179626
426.501953	949.277344
430.375	980.303223
434.248047	955.842834
438.119141	963.917053
441.988281	935.595947
445.855469	933.445313
449.722656	941.51947
453.585938	953.437134
457.449219	926.980469
461.310547	952.341919
465.169922	954.6745
469.027344	934.588928
472.882813	910.640625
476.736328	918.086365
480.589844	938.366211
484.441406	931.712952
488.289063	937.250732
492.136719	930.590637
495.984375	934.847168
499.828125	944.892151
503.669922	938.225891
507.511719	935.413696
511.351563	929.380676
515.189453	915.61554
519.025391	909.568237
522.859375	946.693481
526.691406	947.745789
530.523438	941.703735
534.351563	933.075012
538.179688	934.122009
542.005859	930.002991
545.830078	925.233948
549.654297	934.03479
553.474609	944.782959
557.294922	936.131653
561.113281	921.647644
564.927734	916.863464
568.744141	886.811401
572.556641	924.77948
576.367188	912.209595
580.177734	916.492676
583.986328	907.80127
587.792969	890.662964
591.597656	874.808533
595.400391	910.918518
599.201172	919.108948
603.001953	886.338135
606.800781	873.706482
610.597656	883.192383
614.392578	892.686157
618.185547	911.307312
621.976563	907.78717
625.767578	908.827454
629.556641	888.344543
633.34375	884.809265
637.128906	940.674866
640.912109	930.627747
644.693359	906.851318
648.474609	913.121277
652.253906	926.589417
656.03125	917.172119
659.806641	918.872498
663.580078	913.371887
667.353516	939.307495
671.123047	954.124817
674.892578	936.830872
678.660156	952.315063
682.425781	965.84375
686.191406	926.21344
689.953125	924.637878
693.714844	922.403687
697.474609	937.913391
701.232422	958.696411
704.988281	961.07782
708.744141	997.024231
712.498047	1013.249451
716.248047	1007.093628
719.998047	1012.793335
723.748047	1048.162476
727.494141	1020.249268
731.240234	1002.208801
734.982422	998.674072
738.724609	978.627441
742.464844	1004.146545
746.205078	992.015503
749.941406	1013.594299
753.677734	1028.576416
757.412109	1011.145508
761.144531	1044.013428
764.875	1011.340637
768.605469	1011.769226
772.332031	1065.890015
776.058594	1067.004639
779.783203	1111.90625
783.505859	1119.677734
787.228516	1106.207764
790.947266	1094.054688
794.666016	1087.87207
798.382813	1102.293579
802.097656	1104.755005
805.8125	1109.879883
809.523438	1089.047241
813.234375	1103.492432
816.943359	1105.957275
820.650391	1088.428345
824.357422	1113.55957
828.060547	1084.010864
831.763672	1090.474609
835.464844	1064.22876
839.164063	1082.711792
842.861328	1077.154419
846.558594	1125.071411
850.253906	1102.807373
853.947266	1124.012817
857.638672	1109.091553
861.328125	1070.720825
865.017578	1089.928955
868.705078	1035.432739
872.390625	1110.290161
876.074219	1091.305664
879.755859	1055.529175
883.4375	1074.769897
887.117188	1069.848999
890.794922	1085.080078
894.470703	1035.124146
898.146484	1072.543335
901.818359	1059.539429
905.490234	1013.546997
909.160156	1052.349976
912.830078	1034.605347
916.496094	1066.036743
920.162109	1027.384155
923.826172	1010.95459
927.488281	1051.860718
931.148438	1039.477051
934.808594	1035.861084
938.466797	1018.730896
942.123047	1017.130188
945.777344	1033.106934
949.429688	1040.303589
953.082031	1006.22821
956.732422	1010.711182
960.380859	1029.419922
964.027344	1019.687561
967.673828	1022.147522
971.318359	1028.677856
974.960938	1029.786255
978.601563	1034.967407
982.240234	1023.178772
985.878906	1046.700195
989.515625	1010.443359
993.150391	1038.737183
996.783203	1071.814941
1000.416016	1130.774048
1004.044922	1163.236572
1007.673828	1055.452759
1011.302734	1025.919312
1014.927734	999.086853
1018.552734	1005.639465
1022.175781	1023.79248
1025.796875	1007.842468
1029.416016	1053.31665
1033.035156	1059.21875
1036.650391	1035.747437
1040.265625	1062.834961
1043.880859	1047.550293
1047.492188	1058.247192
1051.103516	1045.684814
1054.712891	1048.858154
1058.320313	1052.718872
1061.925781	1073.712524
1065.53125	1096.779907
1069.134766	1093.806763
1072.736328	1044.178955
1076.335938	1108.442383
1079.935547	1097.22998
1083.533203	1077.765015
1087.128906	1109.136108
1090.722656	1087.596802
1094.316406	1072.22937
1097.90625	1127.030151
1101.496094	1109.600708
1105.085938	1107.994751
1108.671875	1056.096924
1112.257813	1073.764282
1115.841797	1056.972046
1119.423828	1082.931152
1123.003906	1077.859131
1126.583984	1122.486816
1130.162109	1066.320313
1133.738281	1058.470581
1137.314453	1027.113525
1140.886719	1007.485352
1144.458984	1030.03833
1148.029297	1014.546997
1151.599609	1041.967407
1155.166016	1042.397949
1158.732422	1033.127686
1162.296875	1043.952271
1165.861328	1055.479004
1169.421875	1055.914673
1172.982422	1076.478027
1176.541016	1060.257935
1180.097656	1098.89978
1183.654297	1036.115845
1187.208984	1056.008667
1190.761719	1027.233521
1194.3125	1093.755249
1197.863281	1064.971313
1201.412109	1061.231934
1204.958984	1121.579468
1208.503906	1132.494995
1212.048828	1164.335449
1215.591797	1135.519897
1219.132813	1198.787354
1222.671875	1164.377075
1226.210938	1210.947266
1229.748047	1182.800781
1233.283203	1223.824951
1236.816406	1269.776855
1240.349609	1237.421875
1243.880859	1207.839233
1247.410156	1276.242798
1250.939453	1283.070068
1254.464844	1228.945801
1257.990234	1211.225708
1261.513672	1246.784058
1265.037109	1216.428711
1268.558594	1238.683472
1272.078125	1245.510132
1275.595703	1209.496948
1279.111328	1210.695313
1282.626953	1232.98291
1286.140625	1231.378296
1289.652344	1264.948486
1293.164063	1334.440674
1296.673828	1343.436157
1300.181641	1320.036499
1303.6875	1341.717041
1307.193359	1357.070313
1310.697266	1380.193604
1314.199219	1341.247192
1317.699219	1331.913696
1321.199219	1347.992798
1324.697266	1339.360229
1328.193359	1333.546997
1331.689453	1390.650879
1335.181641	1372.829346
1338.673828	1388.956177
1342.166016	1359.793091
1345.654297	1313.610229
1349.142578	1295.726807
1352.628906	1268.61499
1356.115234	1255.661011
1359.597656	1283.835693
1363.080078	1263.071167
1366.5625	1264.295654
1370.041016	1281.144531
1373.519531	1231.223755
1376.996094	1226.749878
1380.470703	1247.869263
1383.945313	1250.511108
1387.417969	1242.480591
1390.888672	1211.662231
1394.357422	1234.233032
1397.826172	1232.597412
1401.292969	1235.949585
1404.757813	1217.912231
1408.222656	1242.661011
1411.683594	1228.893066
1415.144531	1233.675659
1418.605469	1244.175781
1422.0625	1277.54834
1425.519531	1268.774414
1428.976563	1267.144043
1432.429688	1297.704102
1435.882813	1376.954468
1439.333984	1436.937744
1442.783203	1394.545044
1446.232422	1415.890015
1449.679688	1434.384644
1453.125	1447.156738
1456.570313	1418.328857
1460.011719	1410.290771
1463.453125	1417.323608
1466.894531	1387.729248
1470.332031	1372.482178
1473.769531	1383.101563
1477.207031	1351.298828
1480.640625	1343.211792
1484.074219	1335.837769
1487.505859	1298.936035
1490.935547	1245.436768
1494.365234	1238.733765
1497.792969	1198.863525
1501.21875	1166.172729
1504.644531	1199.831909
1508.066406	1198.872559
1511.490234	1152.421875
1514.910156	1181.78125
1518.330078	1183.703247
1521.748047	1210.929443
1525.164063	1176.702393
1528.580078	1172.835571
1531.992188	1176.203491
1535.40625	1178.12561
1538.816406	1202.505371
1542.226563	1197.192139
1545.634766	1242.623169
1549.041016	1241.672729
1552.447266	1274.097412
1555.851563	1244.849854
1559.253906	1283.110474
1562.65625	1277.088501
1566.056641	1303.764526
1569.455078	1359.542725
1572.851563	1339.724121
1576.248047	1342.44519
1579.642578	1314.596191
1583.035156	1308.570435
1586.427734	1312.738281
1589.818359	1293.588135
1593.207031	1281.713013
1596.595703	1307.755127
1599.982422	1292.956909
1603.367188	1280.336304
1606.751953	1295.45459
1610.132813	1303.279297
1613.513672	1286.261719
1616.894531	1284.58374
1620.273438	1294.606689
1623.650391	1316.344849
1627.025391	1282.467773
1630.400391	1310.808472
1633.773438	1306.204956
1637.144531	1307.460571
1640.513672	1358.572632
1643.882813	1389.921631
1647.251953	1353.789429
1650.617188	1401.310059
1653.982422	1426.103638
1657.345703	1434.754639
1660.707031	1436.062744
1664.068359	1395.463623
1667.427734	1405.582642
1670.787109	1414.237793
1674.142578	1433.204956
1677.498047	1393.27478
1680.853516	1378.359985
1684.205078	1318.476563
1687.556641	1332.273438
1690.90625	1296.663208
1694.255859	1303.820923
1697.603516	1249.716187
1700.949219	1214.767944
1704.294922	1208.603149
1707.638672	1227.560669
1710.980469	1211.044434
1714.320313	1206.349121
1717.660156	1234.946655
1720.998047	1208.789795
1724.335938	1205.567993
1727.669922	1179.378174
1731.003906	1177.623779
1734.337891	1173.643433
1737.669922	1211.936523
1741	1209.450073
1744.328125	1167.620117
1747.65625	1176.252319
1750.982422	1157.404419
1754.306641	1154.148071
1757.630859	1153.119141
1760.953125	1163.98938
1764.273438	1169.659546
1767.59375	1164.168701
1770.912109	1163.88562
1774.228516	1140.508911
1777.544922	1155.865723
1780.859375	1102.645264
1784.171875	1159.019287
1787.484375	1177.385376
1790.792969	1186.062134
1794.103516	1158.156494
1797.410156	1126.493408
1800.716797	1163.557251
1804.023438	1142.337036
1807.326172	1153.259521
1810.628906	1152.219116
1813.929688	1177.374878
1817.230469	1167.3573
1820.529297	1169.316772
1823.826172	1157.039307
1827.123047	1191.981323
1830.417969	1166.953003
1833.710938	1195.923828
1837.001953	1178.382446
1840.292969	1133.796021
1843.583984	1189.077637
1846.871094	1203.824219
1850.158203	1129.875977
1853.443359	1164.163452
1856.728516	1176.65979
1860.011719	1123.686279
1863.292969	1178.34021
1866.574219	1178.051147
1869.853516	1159.67688
1873.130859	1179.73291
1876.408203	1173.410278
1879.683594	1129.36145
1882.957031	1169.050903
1886.230469	1192.161133
1889.501953	1185.832153
1892.771484	1156.074341
1896.041016	1148.213867
1899.308594	1125.223022
1902.574219	1182.402222
1905.839844	1151.838257
1909.103516	1190.902222
1912.365234	1192.884644
1915.626953	1179.7146
1918.886719	1174.11377
1922.146484	1193.531494
1925.402344	1181.103882
1928.658203	1190.673584
1931.914063	1150.904419
1935.167969	1161.988159
1938.419922	1177.638916
1941.669922	1155.298462
1944.919922	1190.727783
1948.167969	1169.89563
1951.416016	1162.744141
1954.662109	1167.766968
1957.90625	1199.447754
1961.150391	1187.727417
1964.392578	1201.910767
1967.632813	1157.396484
1970.873047	1165.476563
1974.111328	1152.197388
1977.347656	1167.914673
1980.583984	1145.461792
1983.818359	1187.162109
1987.050781	1199.853516
1990.283203	1169.740723
1993.513672	1209.203979
1996.744141	1167.593628
1999.970703	1164.222046
2003.199219	1202.962891
2006.423828	1177.387085
2009.648438	1190.873779
2012.871094	1197.471191
2016.09375	1180.298584
2019.314453	1189.19812
2022.533203	1162.030518
2025.751953	1195.499634
2028.96875	1161.399658
2032.183594	1161.851929
2035.398438	1171.528809
2038.611328	1160.449463
2041.824219	1172.440674
2045.035156	1193.676514
2048.244141	1213.388672
2051.451172	1203.077393
2054.658203	1205.08606
2057.865234	1182.429932
2061.068359	1194.456177
2064.271484	1159.435059
2067.474609	1193.84082
2070.673828	1172.687988
2073.875	1181.638672
2077.072266	1183.642456
2080.269531	1172.508057
2083.464844	1155.952148
2086.660156	1245.35437
2089.853516	1195.539551
2093.044922	1144.911621
2096.236328	1160.843506
2099.425781	1182.210571
2102.613281	1187.318604
2105.800781	1207.161255
2108.986328	1199.096924
2112.169922	1218.958984
2115.353516	1230.297729
2118.535156	1174.088379
2121.716797	1190.078857
2124.896484	1194.424683
2128.074219	1179.338257
2131.251953	1226.457031
2134.427734	1229.265137
2137.603516	1220.400269
2140.777344	1202.184937
2143.949219	1193.302246
2147.119141	1192.983887
2150.289063	1214.491455
2153.458984	1193.125244
2156.625	1188.904907
2159.791016	1183.120117
2162.957031	1231.981323
2166.121094	1170.755493
2169.283203	1201.678467
2172.445313	1222.463867
2175.603516	1219.025391
2178.763672	1202.285889
2181.921875	1223.094727
2185.078125	1181.292847
2188.232422	1195.843994
2191.386719	1194.737427
2194.539063	1270.435791
2197.691406	1224.666382
2200.841797	1231.412109
2203.990234	1238.947388
2207.138672	1243.348389
2210.285156	1198.282104
2213.429688	1223.880005
2216.574219	1210.990845
2219.71875	1179.223877
2222.859375	1215.853394
2226	1243.069824
2229.140625	1211.277588
2232.279297	1226.702271
2235.416016	1176.762695
2238.550781	1230.007446
2241.685547	1222.596436
2244.820313	1234.893677
2247.951172	1221.167358
2251.082031	1274.509644
2254.212891	1256.840088
2257.341797	1213.883789
2260.46875	1229.360107
2263.595703	1205.328979
2266.720703	1223.185303
2269.84375	1206.251709
2272.966797	1239.156006
2276.087891	1211.13269
2279.208984	1244.063354
2282.328125	1249.292114
2285.445313	1244.222168
2288.5625	1229.634399
2291.677734	1221.380005
2294.792969	1283.732178
2297.90625	1253.2677
2301.017578	1210.869507
2304.128906	1240.721313
2307.238281	1238.016357
2310.345703	1236.898804
2313.453125	1242.937134
2316.558594	1234.660156
2319.664063	1252.63916
2322.767578	1283.369751
2325.871094	1339.609497
2328.972656	1362.428589
2332.072266	1350.991821
2335.169922	1298.083862
2338.267578	1277.041382
2341.365234	1267.153931
2344.460938	1269.232666
2347.554688	1244.161499
2350.648438	1242.238037
2353.740234	1249.10376
2356.830078	1258.372803
2359.919922	1218.862183
2363.007813	1238.527222
2366.095703	1224.59082
2369.181641	1249.076538
2372.265625	1256.759766
2375.349609	1257.236816
2378.431641	1272.944458
2381.513672	1275.03125
2384.59375	1259.470703
2387.673828	1259.948364
2390.75	1257.214844
2393.828125	1258.494507
2396.902344	1267.005737
2399.976563	1276.326782
2403.050781	1241.432617
2406.123047	1270.054688
2409.193359	1250.419434
2412.262695	1286.310547
2415.331055	1262.639771
2418.398438	1251.034058
2421.464844	1289.382813
2424.530273	1252.786743
2427.59375	1255.67981
2430.65625	1256.154419
2433.717773	1280.034546
2436.77832	1303.932373
2439.837891	1302.001831
2442.895508	1323.501465
2445.953125	1290.052368
2449.008789	1269.515503
2452.063477	1273.230103
2455.117188	1256.716919
2458.168945	1266.905151
2461.220703	1296.536743
2464.270508	1280.822876
2467.319336	1248.888062
2470.367188	1271.248779
2473.413086	1258.750854
2476.458984	1263.281616
2479.50293	1275.932251
2482.545898	1281.284424
2485.587891	1261.459839
2488.628906	1283.061523
2491.668945	1282.731201
2494.707031	1305.983032
2497.745117	1279.628662
2500.78125	1284.992554
2503.816406	1335.135986
2506.850586	1296.545776
2509.882813	1309.25354
2512.915039	1290.999634
2515.945313	1267.839844
2518.974609	1313.175781
2522.00293	1292.453979
2525.030273	1270.900146
2528.056641	1264.84436
2531.081055	1290.641479
2534.105469	1316.45752
2537.12793	1320.220825
2540.149414	1336.253418
2543.169922	1329.391235
2546.188477	1260.325684
2549.207031	1275.53418
2552.223633	1302.219971
2555.239258	1272.3927
2558.254883	1310.571289
2561.267578	1309.421753
2564.280273	1300.888916
2567.291992	1309.580688
2570.301758	1276.415527
2573.311523	1297.421387
2576.319336	1261.761841
2579.326172	1335.370483
2582.332031	1310.384888
2585.335938	1324.854492
2588.339844	1297.377686
2591.341797	1317.613647
2594.34375	1314.812134
2597.34375	1326.009399
2600.342773	1327.327759
2603.34082	1328.646851
2606.336914	1296.160889
2609.333008	1351.907959
2612.327148	1306.203491
2615.320313	1312.46814
2618.313477	1324.517456
2621.304688	1353.09668
2624.293945	1335.420044
2627.283203	1325.170044
2630.271484	1328.144043
2633.257813	1329.46521
2636.243164	1323.338623
2639.227539	1313.89563
2642.210938	1343.371582
2645.193359	1319.843384
2648.174805	1351.000488
2651.155273	1329.115356
2654.133789	1311.36084
2657.112305	1341.718872
2660.088867	1354.667725
2663.064453	1349.357666
2666.039063	1368.133057
2669.012695	1347.865601
2671.984375	1338.389648
2674.956055	1359.675781
2677.925781	1356.851929
2680.895508	1321.56897
2683.863281	1341.206543
2686.830078	1338.371826
2689.795898	1356.363281
2692.760742	1346.863647
2695.723633	1349.863281
2698.686523	1366.209839
2701.647461	1391.74646
2704.608398	1352.195923
2707.567383	1389.435547
2710.525391	1381.595825
2713.482422	1376.256958
2716.438477	1382.616699
2719.392578	1419.921265
2722.34668	1406.224243
2725.299805	1413.437988
2728.250977	1457.491699
2731.201172	1408.618652
2734.150391	1457.729126
2737.098633	1408.81958
2740.045898	1416.884277
2742.992188	1357.019775
2745.9375	1392.758179
2748.881836	1361.376953
2751.824219	1406.37854
2754.765625	1396.817017
2757.707031	1399.851685
2760.646484	1405.410034
2763.584961	1427.789551
2766.522461	1350.085327
2769.458984	1384.240967
2772.393555	1397.376709
2775.328125	1383.574341
2778.261719	1365.549561
2781.193359	1355.095703
2784.124023	1358.965332
2787.054688	1355.247437
2789.983398	1402.989258
2792.911133	1379.873047
2795.837891	1375.313599
2798.762695	1371.594971
2801.6875	1416.876831
2804.611328	1367.529541
2807.533203	1406.078491
2810.455078	1412.514282
2813.375	1405.416382
2816.293945	1405.930908
2819.211914	1429.307739
2822.129883	1446.771851
2825.045898	1459.164307
2827.959961	1469.022461
2830.874023	1506.870972
2833.787109	1526.932617
2836.698242	1563.980713
2839.609375	1667.270996
2842.518555	1824.137695
2845.427734	1975.171753
2848.334961	2189.204346
2851.241211	2256.31543
2854.146484	2260.540771
2857.050781	2240.946777
2859.954102	2299.637939
2862.856445	2320.058594
2865.757813	2392.447754
2868.657227	2432.512695
2871.556641	2555.281738
2874.454102	2603.960449
2877.351563	2728.586426
2880.24707	2828.557861
2883.141602	2815.930176
2886.036133	2807.562012
2888.928711	2754.769287
2891.820313	2736.972168
2894.710938	2822.59375
2897.599609	2740.672607
2900.488281	2754.5
2903.375977	2817.114502
2906.262695	2910.591797
2909.147461	2886.813965
2912.032227	2973.529541
2914.915039	3122.86792
2917.797852	3143.71875
2920.678711	3255.490723
2923.558594	3321.015381
2926.4375	3343.675293
2929.31543	3355.189697
2932.192383	3473.209717
2935.068359	3432.368652
2937.943359	3397.513672
2940.817383	3274.074219
2943.69043	3233.114502
2946.561523	3094.897949
2949.432617	2995.312988
2952.301758	2918.042236
2955.170898	2756.303223
2958.038086	2820.200439
2960.905273	2742.780518
2963.770508	2637.711182
2966.634766	2561.030762
2969.499023	2554.189209
2972.361328	2470.516357
2975.222656	2455.000977
2978.083008	2332.358154
2980.942383	2292.584473
2983.800781	2242.408203
2986.657227	2118.689453
2989.513672	2104.746582
2992.369141	2022.427246
2995.223633	1976.407593
2998.076172	1906.971802
3000.928711	1801.099854
3003.779297	1808.681274
3006.629883	1741.709717
3009.478516	1682.494873
3012.327148	1708.259766
3015.173828	1596.91626
3018.019531	1602.699463
3020.865234	1563.32373
3023.708984	1512.624634
3026.551758	1494.046875
3029.393555	1495.452759
3032.234375	1482.073364
3035.074219	1504.357056
3037.913086	1522.304565
3040.750977	1501.953735
3043.587891	1505.976318
3046.423828	1513.486816
3049.258789	1479.163818
3052.091797	1505.852173
3054.924805	1493.307617
3057.756836	1531.362915
3060.586914	1513.580566
3063.416992	1526.346924
3066.246094	1521.651978
3069.073242	1538.798828
3071.900391	1468.544312
3074.725586	1477.813721
3077.550781	1433.729248
3080.374023	1457.868408
3083.196289	1462.766113
3086.018555	1448.401611
3088.838867	1464.686768
3091.658203	1417.011841
3094.477539	1435.926758
3097.294922	1445.208496
3100.111328	1440.460205
3102.926758	1448.871948
3105.741211	1415.150757
3108.554688	1412.142212
3111.367188	1416.159302
3114.178711	1370.964722
3116.990234	1374.96936
3119.799805	1437.020264
3122.607422	1413.777954
3125.415039	1407.240234
3128.22168	1393.654419
3131.027344	1429.37793
3133.832031	1393.764404
3136.635742	1377.514404
3139.438477	1402.689697
3142.240234	1402.305786
3145.041016	1421.331299
3147.839844	1381.237061
3150.638672	1398.502075
3153.436523	1405.180542
3156.233398	1388.89209
3159.02832	1377.894653
3161.823242	1402.254883
3164.617188	1387.715942
3167.410156	1401.479004
3170.201172	1428.527954
3172.992188	1355.545532
3175.782227	1395.882324
3178.570313	1388.401978
3181.358398	1405.733521
3184.144531	1353.918091
3186.930664	1365.927246
3189.71582	1393.915649
3192.499023	1383.75708
3195.282227	1431.30481
3198.063477	1410.493042
3200.844727	1391.840332
