399.333984	1170.764893
403.220703	1146.474243
407.103516	1136.793457
410.986328	1108.01123
414.867188	1141.600098
418.748047	1121.711914
422.625	1144.502075
426.501953	1076.782715
430.375	1116.155273
434.248047	1102.601074
438.119141	1089.03479
441.988281	1105.472046
445.855469	1077.838623
449.722656	1055.294434
453.585938	1071.098022
457.449219	1102.908447
461.310547	1061.784424
465.169922	1098.740112
469.027344	1079.997925
472.882813	1067.647705
476.736328	1079.007935
480.589844	1064.080322
484.441406	1062.614746
488.289063	1072.060791
492.136719	1064.174438
495.984375	1105.11145
499.828125	1052.237061
503.669922	1086.129883
507.511719	1066.654663
511.351563	1073.550537
515.189453	1106.851685
519.025391	1131.806885
522.859375	1134.872192
526.691406	1109.571777
530.523438	1071.349243
534.351563	1109.881836
538.179688	1067.752441
542.005859	1126.982788
545.830078	1117.775635
549.654297	1091.107788
553.474609	1118.09021
557.294922	1093.339722
561.113281	1097.692749
564.927734	1084.566528
568.744141	1072.724365
572.556641	1066.704346
576.367188	1078.183838
580.177734	1074.106079
583.986328	1051.206665
587.792969	1084.765137
591.597656	1050.159912
595.400391	1070.751587
599.201172	1060.810303
603.001953	1037.854492
606.800781	1033.744995
610.597656	1052.411255
614.392578	1066.535278
618.185547	1100.213135
621.976563	1083.088501
625.767578	1071.164673
629.556641	1070.318237
633.34375	1033.58252
637.128906	1079.067017
640.912109	1058.629883
644.693359	1088.48291
648.474609	1062.148926
652.253906	1076.988525
656.03125	1066.981323
659.806641	1087.725098
663.580078	1122.236084
667.353516	1110.924316
671.123047	1133.023193
674.892578	1113.838745
678.660156	1114.313599
682.425781	1097.07251
686.191406	1062.749512
689.953125	1132.812744
693.714844	1113.585693
697.474609	1119.975098
701.232422	1111.903809
704.988281	1130.795898
708.744141	1136.541748
712.498047	1142.950562
716.248047	1165.831055
719.998047	1199.273804
723.748047	1179.347656
727.494141	1182.486694
731.240234	1182.989014
734.982422	1195.372559
738.724609	1199.181885
742.464844	1219.509521
746.205078	1212.096191
749.941406	1241.702515
753.677734	1213.124878
757.412109	1226.874146
761.144531	1225.408203
764.875	1228.576904
768.605469	1209.882446
772.332031	1244.864136
776.058594	1258.654419
779.783203	1309.60791
783.505859	1300.870361
787.228516	1293.453125
790.947266	1239.530151
794.666016	1275.940308
798.382813	1259.859131
802.097656	1226.470947
805.8125	1271.570923
809.523438	1252.138062
813.234375	1283.967163
816.943359	1297.167969
820.650391	1299.715454
824.357422	1276.926025
828.060547	1278.132202
831.763672	1293.353516
835.464844	1240.487549
839.164063	1243.014526
842.861328	1265.5896
846.558594	1306.901245
850.253906	1298.757935
853.947266	1297.967163
857.638672	1295.83667
861.328125	1290.355835
865.017578	1268.79248
868.705078	1263.96521
872.390625	1249.076416
876.074219	1273.078125
879.755859	1261.535156
883.4375	1276.834595
887.117188	1250.507813
890.794922	1281.267822
894.470703	1273.068237
898.146484	1263.516602
901.818359	1288.93811
905.490234	1295.536499
909.160156	1255.683105
912.830078	1240.71814
916.496094	1250.672729
920.162109	1260.635376
923.826172	1232.164185
927.488281	1229.982056
931.148438	1250.747314
934.808594	1266.802734
938.466797	1223.422852
942.123047	1268.540405
945.777344	1258.253906
949.429688	1258.10437
953.082031	1259.307861
956.732422	1283.528809
960.380859	1275.938843
964.027344	1273.085083
967.673828	1255.316406
971.318359	1231.42981
974.960938	1265.185425
978.601563	1317.292969
982.240234	1297.474854
985.878906	1248.432739
989.515625	1272.057861
993.150391	1301.820435
996.783203	1267.679565
1000.416016	1345.090454
1004.044922	1419.162231
1007.673828	1316.932739
1011.302734	1271.158936
1014.927734	1236.250732
1018.552734	1234.720703
1022.175781	1242.05603
1025.796875	1267.138428
1029.416016	1294.289307
1033.035156	1292.779663
1036.650391	1263.256592
1040.265625	1248.745605
1043.880859	1298.497437
1047.492188	1277.147705
1051.103516	1300.946777
1054.712891	1263.833008
1058.320313	1315.04248
1061.925781	1295.033081
1065.53125	1283.232422
1069.134766	1302.281494
1072.736328	1335.753174
1076.335938	1336.994263
1079.935547	1363.641235
1083.533203	1345.660645
1087.128906	1301.55127
1090.722656	1331.653076
1094.316406	1350.087402
1097.90625	1371.976929
1101.496094	1356.713989
1105.085938	1332.485962
1108.671875	1308.237427
1112.257813	1300.509155
1115.841797	1308.63208
1119.423828	1323.659058
1123.003906	1335.937988
1126.583984	1362.723755
1130.162109	1325.994141
1133.738281	1292.688232
1137.314453	1304.973267
1140.886719	1254.343506
1144.458984	1244.485596
1148.029297	1274.758179
1151.599609	1273.900391
1155.166016	1286.893921
1158.732422	1319.992188
1162.296875	1288.650269
1165.861328	1278.08667
1169.421875	1332.728149
1172.982422	1311.068359
1176.541016	1337.994141
1180.097656	1296.173828
1183.654297	1332.843872
1187.208984	1343.821411
1190.761719	1317.251343
1194.3125	1323.360352
1197.863281	1359.404663
1201.412109	1334.199707
1204.958984	1373.76062
1208.503906	1363.872437
1212.048828	1422.302002
1215.591797	1418.702393
1219.132813	1445.103882
1222.671875	1443.604126
1226.210938	1476.322144
1229.748047	1523.738159
1233.283203	1524.36438
1236.816406	1469.752808
1240.349609	1529.814453
1243.880859	1504.550537
1247.410156	1496.767456
1250.939453	1459.562256
1254.464844	1444.746948
1257.990234	1483.190674
1261.513672	1495.018799
1265.037109	1445.122925
1268.558594	1455.540771
1272.078125	1450.520874
1275.595703	1460.246338
1279.111328	1507.923462
1282.626953	1477.611206
1286.140625	1469.777588
1289.652344	1537.918457
1293.164063	1493.503662
1296.673828	1574.383179
1300.181641	1594.75061
1303.6875	1593.289063
1307.193359	1620.729614
1310.697266	1665.823853
1314.199219	1633.344116
1317.699219	1636.129272
1321.199219	1610.671387
1324.697266	1631.81543
1328.193359	1618.3479
1331.689453	1652.944336
1335.181641	1636.644531
1338.673828	1622.453735
1342.166016	1594.09375
1345.654297	1594.744141
1349.142578	1589.727173
1352.628906	1546.434692
1356.115234	1508.069458
1359.597656	1521.45166
1363.080078	1581.677246
1366.5625	1553.926514
1370.041016	1538.225708
1373.519531	1511.144287
1376.996094	1513.891846
1380.470703	1524.462524
1383.945313	1476.001465
1387.417969	1527.838379
1390.888672	1512.797974
1394.357422	1515.549805
1397.826172	1524.71582
1401.292969	1527.473999
1404.757813	1508.842041
1408.222656	1507.315063
1411.683594	1510.068359
1415.144531	1503.542236
1418.605469	1510.580811
1422.0625	1502.619873
1425.519531	1507.518555
1428.976563	1499.549072
1432.429688	1583.857178
1435.882813	1633.880981
1439.333984	1644.567017
1442.783203	1713.27771
1446.232422	1736.901489
1449.679688	1726.135986
1453.125	1703.170166
1456.570313	1695.250977
1460.011719	1634.932495
1463.453125	1656.41626
1466.894531	1657.08667
1470.332031	1596.678223
1473.769531	1607.388306
1477.207031	1587.901978
1480.640625	1564.802246
1484.074219	1530.887329
1487.505859	1492.62439
1490.935547	1504.752686
1494.365234	1495.992676
1497.792969	1429.552856
1501.21875	1432.293701
1504.644531	1466.78186
1508.066406	1436.337402
1511.490234	1425.363892
1514.910156	1423.049561
1518.330078	1441.689819
1521.748047	1460.344849
1525.164063	1463.103271
1528.580078	1403.640381
1531.992188	1472.244873
1535.40625	1453.287109
1538.816406	1434.313599
1542.226563	1509.534546
1545.634766	1500.717529
1549.041016	1539.76123
1552.447266	1550.53894
1555.851563	1569.309204
1559.253906	1522.740601
1562.65625	1604.714722
1566.056641	1542.860596
1569.455078	1615.456665
1572.851563	1611.741943
1576.248047	1610.206665
1579.642578	1620.316284
1583.035156	1649.366699
1586.427734	1589.564331
1589.818359	1573.44043
1593.207031	1574.800903
1596.595703	1575.432861
1599.982422	1627.870728
1603.367188	1610.27478
1606.751953	1617.492676
1610.132813	1618.871582
1613.513672	1594.672119
1616.894531	1555.830444
1620.273438	1581.321899
1623.650391	1609.028442
1627.025391	1578.928711
1630.400391	1584.68689
1633.773438	1608.763916
1637.144531	1609.407715
1640.513672	1623.981812
1643.882813	1639.300781
1647.251953	1645.092651
1650.617188	1705.942749
1653.982422	1677.984985
1657.345703	1765.343262
1660.707031	1756.494385
1664.068359	1742.491333
1667.427734	1709.353149
1670.787109	1695.319336
1674.142578	1684.954346
1677.498047	1668.689453
1680.853516	1661.988281
1684.205078	1628.012695
1687.556641	1594.009521
1690.90625	1624.148193
1694.255859	1539.202271
1697.603516	1520.623413
1700.949219	1507.198486
1704.294922	1491.546265
1707.638672	1484.010742
1710.980469	1478.686768
1714.320313	1477.056519
1717.660156	1465.80542
1720.998047	1446.402466
1724.335938	1439.572632
1727.669922	1439.404419
1731.003906	1430.342285
1734.337891	1453.152954
1737.669922	1443.34668
1741	1433.532227
1744.328125	1422.967407
1747.65625	1427.245483
1750.982422	1420.383423
1754.306641	1443.985596
1757.630859	1422.998169
1760.953125	1401.993652
1764.273438	1424.871582
1767.59375	1375.565063
1770.912109	1434.193115
1774.228516	1428.802124
1777.544922	1442.037476
1780.859375	1408.314331
1784.171875	1422.297119
1787.484375	1401.222778
1790.792969	1403.270508
1794.103516	1435.18811
1797.410156	1494.770142
1800.716797	1425.114746
1804.023438	1433.902222
1807.326172	1426.990356
1810.628906	1381.914795
1813.929688	1446.831299
1817.230469	1433.17627
1820.529297	1391.794067
1823.826172	1402.085815
1827.123047	1495.599121
1830.417969	1401.693604
1833.710938	1429.256592
1837.001953	1413.30835
1840.292969	1433.388428
1843.583984	1476.018555
1846.871094	1444.288452
1850.158203	1450.120239
1853.443359	1455.204224
1856.728516	1430.198364
1860.011719	1442.804077
1863.292969	1423.043457
1866.574219	1451.473511
1869.853516	1431.699829
1873.130859	1439.80188
1876.408203	1416.236816
1879.683594	1401.705811
1882.957031	1463.38916
1886.230469	1409.604004
1889.501953	1458.498047
1892.771484	1404.668091
1896.041016	1452.842041
1899.308594	1442.826294
1902.574219	1428.263306
1905.839844	1450.014526
1909.103516	1430.142578
1912.365234	1413.284302
1915.626953	1446.419556
1918.886719	1462.904785
1922.146484	1452.862915
1925.402344	1433.709961
1928.658203	1437.307739
1931.914063	1463.683228
1935.167969	1467.294922
1938.419922	1459.512573
1941.669922	1409.160156
1944.919922	1442.407715
1948.167969	1433.084106
1951.416016	1408.533691
1954.662109	1450.954224
1957.90625	1416.490601
1961.150391	1451.328247
1964.392578	1424.458618
1967.632813	1462.375854
1970.873047	1448.455444
1974.111328	1454.363037
1977.347656	1456.458252
1980.583984	1440.990967
1983.818359	1407.940552
1987.050781	1413.84021
1990.283203	1457.206299
1993.513672	1478.425781
1996.744141	1394.838257
1999.970703	1435.950439
2003.199219	1474.797241
2006.423828	1510.609863
2009.648438	1445.2948
2012.871094	1443.55835
2016.09375	1496.271973
2019.314453	1427.03772
2022.533203	1452.921997
2025.751953	1468.84436
2028.96875	1487.851318
2032.183594	1455.38855
2035.398438	1436.737061
2038.611328	1442.679321
2041.824219	1466.32019
2045.035156	1460.733643
2048.244141	1458.992065
2051.451172	1456.478394
2054.658203	1440.093262
2057.865234	1446.819458
2061.068359	1469.743896
2064.271484	1420.172974
2067.474609	1453.908203
2070.673828	1446.752563
2073.875	1451.94812
2077.072266	1478.007813
2080.269531	1457.712646
2083.464844	1430.442505
2086.660156	1440.279419
2089.853516	1484.94519
2093.044922	1458.42688
2096.236328	1456.668945
2099.425781	1453.359741
2102.613281	1439.972534
2105.800781	1426.574707
2108.986328	1472.888184
2112.169922	1436.990479
2115.353516	1496.538818
2118.535156	1442.761963
2121.716797	1486.044922
2124.896484	1469.523071
2128.074219	1439.772217
2131.251953	1457.438477
2134.427734	1426.881104
2137.603516	1442.220581
2140.777344	1461.464478
2143.949219	1497.859131
2147.119141	1457.138916
2150.289063	1413.268921
2153.458984	1489.456909
2156.625	1433.862915
2159.791016	1448.463745
2162.957031	1416.231934
2166.121094	1458.172363
2169.283203	1461.859863
2172.445313	1473.366089
2175.603516	1455.949463
2178.763672	1426.785645
2181.921875	1476.634644
2185.078125	1486.597168
2188.232422	1477.771851
2191.386719	1451.703857
2194.539063	1486.746948
2197.691406	1480.262573
2200.841797	1431.418457
2203.990234	1468.062378
2207.138672	1460.777344
2210.285156	1431.499512
2213.429688	1442.261719
2216.574219	1483.679932
2219.71875	1482.67749
2222.859375	1469.877075
2226	1486.176514
2229.140625	1467.857544
2232.279297	1481.805908
2235.416016	1461.895264
2238.550781	1459.304077
2241.685547	1481.146851
2244.820313	1444.6521
2247.951172	1474.393921
2251.082031	1463.9104
2254.212891	1468.418701
2257.341797	1439.759399
2260.46875	1465.59314
2263.595703	1491.446411
2266.720703	1466.715454
2269.84375	1469.649658
2272.966797	1474.959595
2276.087891	1468.399414
2279.208984	1456.290649
2282.328125	1494.872803
2285.445313	1500.199097
2288.5625	1492.84436
2291.677734	1506.10437
2294.792969	1444.793823
2297.90625	1458.838623
2301.017578	1480.039795
2304.128906	1478.221802
2307.238281	1470.045044
2310.345703	1511.941772
2313.453125	1429.019775
2316.558594	1468.545532
2319.664063	1494.572021
2322.767578	1469.665405
2325.871094	1575.355225
2328.972656	1575.955322
2332.072266	1570.179199
2335.169922	1550.046021
2338.267578	1478.847412
2341.365234	1492.17749
2344.460938	1463.209717
2347.554688	1510.083008
2350.648438	1474.708374
2353.740234	1474.469849
2356.830078	1483.025146
2359.919922	1481.189453
2363.007813	1485.752686
2366.095703	1507.127075
2369.181641	1475.671875
2372.265625	1482.640137
2375.349609	1508.844482
2378.431641	1487.773804
2381.513672	1529.235596
2384.59375	1500.936157
2387.673828	1462.182129
2390.75	1522.145142
2393.828125	1497.022095
2396.902344	1512.051147
2399.976563	1521.465088
2403.050781	1501.136475
2406.123047	1492.8573
2409.193359	1529.63147
2412.262695	1469.839233
2415.331055	1493.747925
2418.398438	1503.174194
2421.464844	1460.226074
2424.530273	1528.49646
2427.59375	1508.912598
2430.65625	1519.971069
2433.717773	1522.966675
2436.77832	1530.001099
2439.837891	1534.617554
2442.895508	1550.54895
2445.953125	1530.926758
2449.008789	1508.054932
2452.063477	1535.318237
2455.117188	1490.581177
2458.168945	1515.429077
2461.220703	1554.0625
2464.270508	1532.77478
2467.319336	1470.138062
2470.367188	1495.825195
2473.413086	1544.240723
2476.458984	1567.540283
2479.50293	1541.345703
2482.545898	1514.31897
2485.587891	1542.506226
2488.628906	1512.208618
2491.668945	1539.602661
2494.707031	1529.610229
2497.745117	1538.320313
2500.78125	1537.270996
2503.816406	1555.759033
2506.850586	1536.797607
2509.882813	1556.113525
2512.915039	1559.142944
2515.945313	1551.574951
2518.974609	1504.850464
2522.00293	1528.261597
2525.030273	1538.629883
2528.056641	1511.444214
2531.081055	1570.008179
2534.105469	1541.178711
2537.12793	1544.20874
2540.149414	1516.165039
2543.169922	1552.728882
2546.188477	1527.121948
2549.207031	1546.523804
2552.223633	1555.292847
2555.239258	1555.874878
2558.254883	1553.998291
2561.267578	1562.778809
2564.280273	1600.273804
2567.291992	1581.179199
2570.301758	1616.245728
2573.311523	1584.003662
2576.319336	1569.809204
2579.326172	1581.900391
2582.332031	1592.355957
2585.335938	1579.792358
2588.339844	1561.460327
2591.341797	1593.316772
2594.34375	1542.866577
2597.34375	1596.976563
2600.342773	1598.395996
2603.34082	1584.155884
2606.336914	1578.974609
2609.333008	1522.64917
2612.327148	1590.878296
2615.320313	1570.834473
2618.313477	1552.42688
2621.304688	1620.742188
2624.293945	1580.026733
2627.283203	1612.028442
2630.271484	1635.783813
2633.257813	1601.645752
2636.243164	1577.413086
2639.227539	1631.813721
2642.210938	1602.604126
2645.193359	1573.372559
2648.174805	1627.831299
2651.155273	1581.174561
2654.133789	1582.591064
2657.112305	1597.284302
2660.088867	1632.739746
2663.064453	1603.452026
2666.039063	1648.072876
2669.012695	1597.162598
2671.984375	1591.104248
2674.956055	1672.359619
2677.925781	1643.030396
2680.895508	1637.813477
2683.863281	1632.592285
2686.830078	1599.883179
2689.795898	1637.966919
2692.760742	1656.075562
2695.723633	1612.498779
2698.686523	1618.933716
2701.647461	1647.066895
2704.608398	1635.155396
2707.567383	1669.159668
2710.525391	1640.540649
2713.482422	1701.310913
2716.438477	1696.923706
2719.392578	1723.473389
2722.34668	1730.80188
2725.299805	1729.766846
2728.250977	1772.262939
2731.201172	1699.219604
2734.150391	1719.952759
2737.098633	1692.930054
2740.045898	1719.544189
2742.992188	1732.758301
2745.9375	1736.752686
2748.881836	1695.42627
2751.824219	1695.210938
2754.765625	1692.475098
2757.707031	1630.919678
2760.646484	1712.213135
2763.584961	1691.821289
2766.522461	1695.808105
2769.458984	1725.883423
2772.393555	1703.789307
2775.328125	1672.415527
2778.261719	1680.611572
2781.193359	1694.71228
2784.124023	1713.881226
2787.054688	1670.656616
2789.983398	1680.549927
2792.911133	1693.825806
2795.837891	1729.062134
2798.762695	1721.250366
2801.6875	1676.257446
2804.611328	1727.583618
2807.533203	1663.95813
2810.455078	1727.158081
2813.375	1706.637451
2816.293945	1712.340942
2819.211914	1741.75708
2822.129883	1701.735718
2825.045898	1735.40564
2827.959961	1798.768433
2830.874023	1788.402344
2833.787109	1755.124268
2836.698242	1821.108398
2839.609375	1920.248047
2842.518555	1971.902954
2845.427734	2055.877686
2848.334961	2158.609863
2851.241211	2263.116699
2854.146484	2235.877197
2857.050781	2347.293945
2859.954102	2317.510742
2862.856445	2446.916992
2865.757813	2517.648926
2868.657227	2629.328857
2871.556641	2705.291748
2874.454102	2796.656982
2877.351563	2860.793457
2880.24707	2858.421875
2883.141602	2826.173096
2886.036133	2853.671631
2888.928711	2870.085205
2891.820313	2903.600098
2894.710938	2912.349121
2897.599609	2959.584473
2900.488281	3003.431641
2903.375977	3013.080078
2906.262695	3085.227295
2909.147461	3159.995117
2912.032227	3251.093262
2914.915039	3281.410889
2917.797852	3412.053711
2920.678711	3446.738037
2923.558594	3586.971191
2926.4375	3587.41333
2929.31543	3699.46582
2932.192383	3716.265625
2935.068359	3751.978516
2937.943359	3738.726074
2940.817383	3627.447266
2943.69043	3521.247803
2946.561523	3365.927246
2949.432617	3290.540771
2952.301758	3174.630127
2955.170898	3112.899902
2958.038086	3062.325684
2960.905273	2958.272461
2963.770508	2971.413086
2966.634766	2884.501953
2969.499023	2862.245361
2972.361328	2820.980957
2975.222656	2727.011475
2978.083008	2727.131348
2980.942383	2663.303955
2983.800781	2564.851563
2986.657227	2577.018311
2989.513672	2447.31958
2992.369141	2372.912109
2995.223633	2307.973145
2998.076172	2197.087891
3000.928711	2177.086914
3003.779297	2094.673096
3006.629883	2072.885986
3009.478516	2014.657593
3012.327148	1958.121948
3015.173828	1959.693848
3018.019531	1895.283203
3020.865234	1851.670044
3023.708984	1798.46814
3026.551758	1845.178345
3029.393555	1801.498901
3032.234375	1811.713013
3035.074219	1807.1427
3037.913086	1812.142944
3040.750977	1817.146362
3043.587891	1802.990723
3046.423828	1882.056152
3049.258789	1866.169556
3052.091797	1861.606445
3054.924805	1841.338989
3057.756836	1847.233765
3060.586914	1918.598633
3063.416992	1889.596558
3066.246094	1885.905151
3069.073242	1862.98645
3071.900391	1793.721924
3074.725586	1805.730957
3077.550781	1802.877319
3080.374023	1782.519775
3083.196289	1771.776489
3086.018555	1778.539063
3088.838867	1775.669922
3091.658203	1759.653564
3094.477539	1745.378662
3097.294922	1741.616455
3100.111328	1755.396484
3102.926758	1730.572632
3105.741211	1702.219238
3108.554688	1749.370239
3111.367188	1761.41394
3114.178711	1734.797729
3116.990234	1714.31604
3119.799805	1714.046753
3122.607422	1741.049438
3125.415039	1739.028564
3128.22168	1734.364624
3131.027344	1742.907593
3133.832031	1768.195435
3136.635742	1792.619507
3139.438477	1746.529297
3142.240234	1774.490112
3145.041016	1766.297363
3147.839844	1715.734741
3150.638672	1746.361816
3153.436523	1712.536255
3156.233398	1744.950195
3159.02832	1730.543701
3161.823242	1713.474121
3164.617188	1737.96167
3167.410156	1723.536133
3170.201172	1673.696533
3172.992188	1761.943604
3175.782227	1754.595703
3178.570313	1746.356323
3181.358398	1742.542358
3184.144531	1705.919067
3186.930664	1718.052734
3189.71582	1727.532715
3192.499023	1713.941528
3195.282227	1736.744629
3198.063477	1756.898682
3200.844727	1761.339844
