399.333984	1296.612671
403.220703	1311.800537
407.103516	1302.191406
410.986328	1302.75647
414.867188	1305.868286
418.748047	1270.126953
422.625	1263.667847
426.501953	1250.189941
430.375	1267.952393
434.248047	1232.769165
438.119141	1263.944214
441.988281	1264.491455
445.855469	1270.78894
449.722656	1297.545532
453.585938	1268.052124
457.449219	1262.203247
461.310547	1221.788086
465.169922	1238.323608
469.027344	1222.203979
472.882813	1248.365967
476.736328	1238.006104
480.589844	1254.575684
484.441406	1262.817505
488.289063	1254.375244
492.136719	1244.640869
495.984375	1230.400269
499.828125	1313.207275
503.669922	1234.033936
507.511719	1257.726074
511.351563	1249.257568
515.189453	1286.497681
519.025391	1291.561157
522.859375	1301.784058
526.691406	1266.884644
530.523438	1264.849976
534.351563	1264.749023
538.179688	1245.926392
542.005859	1263.254028
545.830078	1256.689941
549.654297	1251.41272
553.474609	1248.717285
557.294922	1284.188965
561.113281	1288.623901
564.927734	1269.104736
568.744141	1274.184082
572.556641	1247.512573
576.367188	1249.993042
580.177734	1256.366821
583.986328	1239.38562
587.792969	1179.544189
591.597656	1235.253052
595.400391	1252.025635
599.201172	1266.21228
603.001953	1231.639404
606.800781	1247.780396
610.597656	1239.202881
614.392578	1247.546753
618.185547	1272.182495
621.976563	1274.681763
625.767578	1266.099609
629.556641	1230.768188
633.34375	1277.622803
637.128906	1244.876465
640.912109	1300.266479
644.693359	1272.727905
648.474609	1283.729614
652.253906	1262.69873
656.03125	1302.489136
659.806641	1315.479858
663.580078	1329.136108
667.353516	1301.536987
671.123047	1332.236084
674.892578	1306.580688
678.660156	1332.716431
682.425781	1290.63501
686.191406	1322.036743
689.953125	1321.286499
693.714844	1338.273682
697.474609	1368.420288
701.232422	1354.536743
704.988281	1371.558716
708.744141	1382.013794
712.498047	1370.092285
716.248047	1379.896118
719.998047	1420.678223
723.748047	1422.600464
727.494141	1398.143799
731.240234	1395.438843
734.982422	1402.63208
738.724609	1380.776001
742.464844	1463.939941
746.205078	1479.761963
749.941406	1454.603638
753.677734	1457.866455
757.412109	1451.86731
761.144531	1424.677734
764.875	1450.449219
768.605469	1443.112915
772.332031	1437.095581
776.058594	1531.20813
779.783203	1540.481079
783.505859	1547.770264
787.228516	1580.960815
790.947266	1525.166748
794.666016	1502.552612
798.382813	1481.248657
802.097656	1470.567993
805.8125	1479.174316
809.523438	1502.432495
813.234375	1522.380127
816.943359	1528.353027
820.650391	1569.65625
824.357422	1561.650635
828.060547	1532.291016
831.763672	1554.960693
835.464844	1510.216797
839.164063	1492.819702
842.861328	1530.200806
846.558594	1538.867798
850.253906	1557.573364
853.947266	1557.560547
857.638672	1550.854126
861.328125	1553.516113
865.017578	1558.859619
868.705078	1497.188843
872.390625	1530.001343
876.074219	1531.315796
879.755859	1519.88147
883.4375	1519.178101
887.117188	1550.038574
890.794922	1504.330811
894.470703	1556.046997
898.146484	1551.993774
901.818359	1498.827881
905.490234	1565.411865
909.160156	1533.078003
912.830078	1551.234375
916.496094	1512.80188
920.162109	1514.110718
923.826172	1503.9552
927.488281	1514.706421
931.148438	1545.71582
934.808594	1552.441162
938.466797	1528.771851
942.123047	1496.296509
945.777344	1562.506592
949.429688	1542.192505
953.082031	1565.168701
956.732422	1577.332275
960.380859	1502.817627
964.027344	1532.580322
967.673828	1552.87793
971.318359	1494.532593
974.960938	1554.176758
978.601563	1586.045044
982.240234	1558.191895
985.878906	1502.466431
989.515625	1558.134888
993.150391	1617.928345
996.783203	1593.440552
1000.416016	1660.10144
1004.044922	1673.045898
1007.673828	1614.502319
1011.302734	1549.778442
1014.927734	1571.551392
1018.552734	1545.616699
1022.175781	1590.595703
1025.796875	1607.63501
1029.416016	1583.729614
1033.035156	1600.779419
1036.650391	1582.31604
1040.265625	1580.924194
1043.880859	1594.573975
1047.492188	1582.924316
1051.103516	1583.582764
1054.712891	1586.97998
1058.320313	1563.667725
1061.925781	1583.503296
1065.53125	1623.234253
1069.134766	1623.2229
1072.736328	1595.082764
1076.335938	1615.64917
1079.935547	1620.439697
1083.533203	1607.374146
1087.128906	1632.780273
1090.722656	1651.332275
1094.316406	1648.578491
1097.90625	1652.014282
1101.496094	1663.024292
1105.085938	1656.827515
1108.671875	1639.602417
1112.257813	1633.389893
1115.841797	1636.134888
1119.423828	1639.571533
1123.003906	1660.261841
1126.583984	1701.678833
1130.162109	1701.692505
1133.738281	1640.905762
1137.314453	1604.26001
1140.886719	1571.732422
1144.458984	1559.23877
1148.029297	1615.247437
1151.599609	1642.223755
1155.166016	1674.07019
1158.732422	1675.45459
1162.296875	1656.043823
1165.861328	1671.290771
1169.421875	1654.636353
1172.982422	1637.273804
1176.541016	1683.081421
1180.097656	1662.242188
1183.654297	1640.690552
1187.208984	1651.794922
1190.761719	1654.562256
1194.3125	1662.201782
1197.863281	1669.84729
1201.412109	1693.514526
1204.958984	1753.425781
1208.503906	1742.996948
1212.048828	1763.236206
1215.591797	1763.264282
1219.132813	1745.847412
1222.671875	1802.411011
1226.210938	1827.594604
1229.748047	1844.414795
1233.283203	1855.65686
1236.816406	1819.360962
1240.349609	1849.487549
1243.880859	1870.54126
1247.410156	1876.209961
1250.939453	1860.871826
1254.464844	1842.017334
1257.990234	1863.100586
1261.513672	1858.956299
1265.037109	1894.09314
1268.558594	1866.797729
1272.078125	1845.79834
1275.595703	1814.245483
1279.111328	1810.070313
1282.626953	1862.127563
1286.140625	1829.837891
1289.652344	1856.61792
1293.164063	1937.613403
1296.673828	1933.477783
1300.181641	1957.514038
1303.6875	1993.549194
1307.193359	2023.268433
1310.697266	2014.92749
1314.199219	2040.445557
1317.699219	2020.810303
1321.199219	1999.040161
1324.697266	1972.306763
1328.193359	2005.620728
1331.689453	2031.184448
1335.181641	2055.354004
1338.673828	2003.125366
1342.166016	1981.291382
1345.654297	1988.473145
1349.142578	1935.443237
1352.628906	1959.620361
1356.115234	1891.645264
1359.597656	1895.962769
1363.080078	1925.828735
1366.5625	1898.21814
1370.041016	1882.657593
1373.519531	1896.212524
1376.996094	1893.430908
1380.470703	1889.935425
1383.945313	1912.755615
1387.417969	1892.897095
1390.888672	1883.700439
1394.357422	1930.046997
1397.826172	1905.894775
1401.292969	1878.158569
1404.757813	1882.487183
1408.222656	1872.55188
1411.683594	1860.466919
1415.144531	1870.503662
1418.605469	1904.117432
1422.0625	1928.46936
1425.519531	1900.659912
1428.976563	1913.587646
1432.429688	1915.7948
1435.882813	1970.962891
1439.333984	2056.96167
1442.783203	2090.743164
1446.232422	2093.023682
1449.679688	2106.774658
1453.125	2077.509033
1456.570313	2078.350342
1460.011719	2031.823486
1463.453125	2043.416016
1466.894531	1978.879028
1470.332031	2002.674194
1473.769531	1974.729736
1477.207031	1946.042847
1480.640625	1950.427124
1484.074219	1942.578735
1487.505859	1928.243164
1490.935547	1890.125
1494.365234	1864.946533
1497.792969	1867.141602
1501.21875	1827.508667
1504.644531	1810.209351
1508.066406	1867.960449
1511.490234	1808.060425
1514.910156	1831.905396
1518.330078	1816.745972
1521.748047	1861.578125
1525.164063	1831.229614
1528.580078	1859.46167
1531.992188	1818.953491
1535.40625	1829.099731
1538.816406	1855.914917
1542.226563	1894.346313
1545.634766	1921.208496
1549.041016	1939.388428
1552.447266	1938.717773
1555.851563	1972.161499
1559.253906	1956.253296
1562.65625	1962.125122
1566.056641	2023.959839
1569.455078	2048.765381
1572.851563	2087.409424
1576.248047	2071.512939
1579.642578	2042.501099
1583.035156	2025.116455
1586.427734	1969.835815
1589.818359	1964.796387
1593.207031	1976.520996
1596.595703	2017.429321
1599.982422	1955.487793
1603.367188	1992.769775
1606.751953	1954.135498
1610.132813	1991.445801
1613.513672	1996.628906
1616.894531	1981.344238
1620.273438	1997.497803
1623.650391	1990.980713
1627.025391	2002.026001
1630.400391	1994.039917
1633.773438	1987.512085
1637.144531	1995.63623
1640.513672	2007.432251
1643.882813	2022.171021
1647.251953	2053.797607
1650.617188	2095.72583
1653.982422	2120.0625
1657.345703	2118.705811
1660.707031	2149.68457
1664.068359	2108.635254
1667.427734	2095.502197
1670.787109	2092.659912
1674.142578	2048.592285
1677.498047	2016.271729
1680.853516	2035.493652
1684.205078	2037.779541
1687.556641	1969.287354
1690.90625	1961.221558
1694.255859	1932.488403
1697.603516	1886.754028
1700.949219	1875.69043
1704.294922	1852.797363
1707.638672	1835.059082
1710.980469	1806.955322
1714.320313	1773.651245
1717.660156	1747.719482
1720.998047	1781.725098
1724.335938	1842.416016
1727.669922	1782.401855
1731.003906	1784.592773
1734.337891	1774.922607
1737.669922	1751.151855
1741	1749.621704
1744.328125	1782.235107
1747.65625	1737.645386
1750.982422	1779.936523
1754.306641	1756.861572
1757.630859	1782.093262
1760.953125	1791.725586
1764.273438	1790.204224
1767.59375	1827.387573
1770.912109	1789.390381
1774.228516	1819.897583
1777.544922	1760.254517
1780.859375	1746.786865
1784.171875	1757.174683
1787.484375	1754.140015
1790.792969	1737.66687
1794.103516	1758.516235
1797.410156	1791.33374
1800.716797	1796.526367
1804.023438	1800.227539
1807.326172	1772.519531
1810.628906	1775.464966
1813.929688	1792.633667
1817.230469	1794.091064
1820.529297	1746.858765
1823.826172	1768.531494
1827.123047	1758.734619
1830.417969	1749.679565
1833.710938	1767.626465
1837.001953	1790.841064
1840.292969	1796.803833
1843.583984	1774.978149
1846.871094	1793.713013
1850.158203	1749.315552
1853.443359	1763.542114
1856.728516	1803.358887
1860.011719	1794.2854
1863.292969	1789.721802
1866.574219	1837.127075
1869.853516	1802.434814
1873.130859	1780.529785
1876.408203	1804.608398
1879.683594	1787.967041
1882.957031	1839.236328
1886.230469	1758.418701
1889.501953	1789.322632
1892.771484	1781.714478
1896.041016	1740.084473
1899.308594	1795.2146
1902.574219	1818.614868
1905.839844	1813.275024
1909.103516	1858.655396
1912.365234	1760.167603
1915.626953	1785.104492
1918.886719	1788.078979
1922.146484	1806.97937
1925.402344	1806.929688
1928.658203	1784.87207
1931.914063	1822.771362
1935.167969	1811.334473
1938.419922	1792.290527
1941.669922	1808.194092
1944.919922	1790.653809
1948.167969	1775.381348
1951.416016	1766.184082
1954.662109	1770.681763
1957.90625	1803.360107
1961.150391	1826.159546
1964.392578	1806.295898
1967.632813	1777.266968
1970.873047	1795.505127
1974.111328	1829.781006
1977.347656	1786.222412
1980.583984	1802.193237
1983.818359	1808.244873
1987.050781	1808.951172
1990.283203	1805.070435
1993.513672	1831.014648
1996.744141	1816.426758
1999.970703	1827.851685
2003.199219	1829.330566
2006.423828	1810.893311
2009.648438	1795.506714
2012.871094	1789.307129
2016.09375	1786.93689
2019.314453	1812.95166
2022.533203	1812.122925
2025.751953	1838.934814
2028.96875	1835.810425
2032.183594	1857.272461
2035.398438	1806.491211
2038.611328	1800.273071
2041.824219	1805.589478
2045.035156	1783.9729
2048.244141	1810.843872
2051.451172	1877.016357
2054.658203	1796.071411
2057.865234	1841.476685
2061.068359	1840.649902
2064.271484	1839.050781
2067.474609	1800.407593
2070.673828	1784.894409
2073.875	1775.547119
2077.072266	1780.871948
2080.269531	1783.881714
2083.464844	1803.130737
2086.660156	1803.830078
2089.853516	1782.088989
2093.044922	1815.29248
2096.236328	1784.245239
2099.425781	1852.336548
2102.613281	1818.953491
2105.800781	1783.218384
2108.986328	1790.889282
2112.169922	1838.91333
2115.353516	1852.820679
2118.535156	1834.901245
2121.716797	1826.289307
2124.896484	1822.333008
2128.074219	1798.1604
2131.251953	1802.744141
2134.427734	1836.117554
2137.603516	1825.152222
2140.777344	1846.880005
2143.949219	1856.161377
2147.119141	1794.540649
2150.289063	1811.603394
2153.458984	1846.614624
2156.625	1837.185669
2159.791016	1818.383789
2162.957031	1819.865967
2166.121094	1809.633301
2169.283203	1799.392456
2172.445313	1815.718506
2175.603516	1812.508545
2178.763672	1806.166748
2181.921875	1855.379272
2185.078125	1809.906616
2188.232422	1850.543213
2191.386719	1861.440063
2194.539063	1832.37439
2197.691406	1813.478394
2200.841797	1835.353027
2203.990234	1823.504517
2207.138672	1835.194824
2210.285156	1798.208496
2213.429688	1824.822388
2216.574219	1824.737671
2219.71875	1812.073975
2222.859375	1793.89502
2226	1811.105469
2229.140625	1854.301514
2232.279297	1806.197021
2235.416016	1850.211182
2238.550781	1834.373657
2241.685547	1856.360107
2244.820313	1837.357666
2247.951172	1830.962036
2251.082031	1841.133789
2254.212891	1813.418091
2257.341797	1794.368286
2260.46875	1855.891357
2263.595703	1865.296021
2266.720703	1830.429199
2269.84375	1861.187134
2272.966797	1902.254761
2276.087891	1838.071899
2279.208984	1785.718018
2282.328125	1861.65918
2285.445313	1817.198364
2288.5625	1826.613525
2291.677734	1844.759644
2294.792969	1851.811523
2297.90625	1860.455688
2301.017578	1874.664185
2304.128906	1869.819458
2307.238281	1830.007446
2310.345703	1796.523926
2313.453125	1841.741699
2316.558594	1840.852905
2319.664063	1864.633789
2322.767578	1825.53772
2325.871094	1914.638062
2328.972656	1959.984985
2332.072266	1944.790527
2335.169922	1892.906006
2338.267578	1797.908325
2341.365234	1861.631104
2344.460938	1819.233521
2347.554688	1863.047974
2350.648438	1850.974609
2353.740234	1837.293335
2356.830078	1880.364014
2359.919922	1866.682617
2363.007813	1816.186646
2366.095703	1840.888062
2369.181641	1872.013428
2372.265625	1858.306396
2375.349609	1838.178101
2378.431641	1866.931763
2381.513672	1807.49707
2384.59375	1825.831421
2387.673828	1848.994263
2390.75	1917.934937
2393.828125	1902.599487
2396.902344	1862.345703
2399.976563	1890.378174
2403.050781	1852.500488
2406.123047	1822.637085
2409.193359	1848.27124
2412.262695	1892.43811
2415.331055	1887.517578
2418.398438	1892.259521
2421.464844	1907.480835
2424.530273	1888.047852
2427.59375	1875.858154
2430.65625	1901.577271
2433.717773	1879.697632
2436.77832	1844.88269
2439.837891	1864.156372
2442.895508	1883.444336
2445.953125	1889.813477
2449.008789	1892.144043
2452.063477	1868.590576
2455.117188	1895.190552
2458.168945	1901.572021
2461.220703	1911.197266
2464.270508	1923.259644
2467.319336	1872.116333
2470.367188	1835.527466
2473.413086	1902.725098
2476.458984	1875.044312
2479.50293	1876.562012
2482.545898	1904.063354
2485.587891	1924.274414
2488.628906	1915.247559
2491.668945	1871.259399
2494.707031	1906.930298
2497.745117	1923.10376
2500.78125	1883.136597
2503.816406	1871.63269
2506.850586	1925.272705
2509.882813	1895.036621
2512.915039	1889.228027
2515.945313	1924.181274
2518.974609	1884.937378
2522.00293	1868.509888
2525.030273	1907.574585
2528.056641	1915.63916
2531.081055	1967.819702
2534.105469	1939.956665
2537.12793	1915.342041
2540.149414	1866.175171
2543.169922	1934.775513
2546.188477	1902.764404
2549.207031	1923.944458
2552.223633	1930.397705
2555.239258	1945.048462
2558.254883	1989.216064
2561.267578	1938.304932
2564.280273	1955.434448
2567.291992	1923.343994
2570.301758	1915.033691
2573.311523	1950.237793
2576.319336	1912.35791
2579.326172	1954.9823
2582.332031	1933.516357
2585.335938	1923.547363
2588.339844	1912.747681
2591.341797	1903.585571
2594.34375	1916.645264
2597.34375	1900.064331
2600.342773	1862.04895
2603.34082	1936.098877
2606.336914	1964.854492
2609.333008	1931.768311
2612.327148	1920.11084
2615.320313	1977.782104
2618.313477	1939.707886
2621.304688	1924.734619
2624.293945	1958.505981
2627.283203	1940.220947
2630.271484	1950.039551
2633.257813	1964.001465
2636.243164	1920.041138
2639.227539	1951.387573
2642.210938	1990.210815
2645.193359	1995.921387
2648.174805	1985.887817
2651.155273	1950.142944
2654.133789	2020.540771
2657.112305	2042.034668
2660.088867	1988.838135
2663.064453	2014.487183
2666.039063	2023.541016
2669.012695	2001.854614
2671.984375	1964.357056
2674.956055	2049.077148
2677.925781	2047.340698
2680.895508	2045.602295
2683.863281	1974.762207
2686.830078	1976.326172
2689.795898	1999.552734
2692.760742	2017.795166
2695.723633	2046.889648
2698.686523	1994.266113
2701.647461	2062.588379
2704.608398	2055.003906
2707.567383	2064.948486
2710.525391	2044.828735
2713.482422	2038.89917
2716.438477	2058.04248
2719.392578	2059.638428
2722.34668	2058.725586
2725.299805	2076.222412
2728.250977	2087.871338
2731.201172	2061.842529
2734.150391	2073.493896
2737.098633	2091.858154
2740.045898	2072.507568
2742.992188	2115.206543
2745.9375	2139.478027
2748.881836	2067.245117
2751.824219	2061.289063
2754.765625	2072.127197
2757.707031	2047.682251
2760.646484	2081.217285
2763.584961	2063.483887
2766.522461	2059.195557
2769.458984	2056.58667
2772.393555	2081.754395
2775.328125	2006.730225
2778.261719	2075.702637
2781.193359	2090.79126
2784.124023	2056.994629
2787.054688	2063.653076
2789.983398	2056.817627
2792.911133	2121.713135
2795.837891	2061.703857
2798.762695	2026.143066
2801.6875	2064.905762
2804.611328	2087.637695
2807.533203	2106.158447
2810.455078	2037.572876
2813.375	2134.777588
2816.293945	2086.46582
2819.211914	2068.601074
2822.129883	2132.887451
2825.045898	2121.804443
2827.959961	2109.017822
2830.874023	2143.708496
2833.787109	2170.789307
2836.698242	2199.58667
2839.609375	2280.188477
2842.518555	2372.737793
2845.427734	2446.664307
2848.334961	2597.980469
2851.241211	2651.638428
2854.146484	2704.484375
2857.050781	2752.263672
2859.954102	2760.927246
2862.856445	2871.764404
2865.757813	2871.959473
2868.657227	3073.230469
2871.556641	3145.093506
2874.454102	3170.965576
2877.351563	3277.032959
2880.24707	3301.26416
2883.141602	3311.85498
2886.036133	3323.306396
2888.928711	3310.848389
2891.820313	3394.084717
2894.710938	3347.449219
2897.599609	3434.178223
2900.488281	3433.715332
2903.375977	3452.077637
2906.262695	3623.686768
2909.147461	3722.628174
2912.032227	3771.096924
2914.915039	3870.162109
2917.797852	3886.140381
2920.678711	3975.884033
2923.558594	4054.538574
2926.4375	4202.766602
2929.31543	4256.660645
2932.192383	4312.311035
2935.068359	4251.153809
2937.943359	4232.065918
2940.817383	4169.114258
2943.69043	4065.690918
2946.561523	3954.448242
2949.432617	3774.266602
2952.301758	3668.002441
2955.170898	3565.967285
2958.038086	3677.548096
2960.905273	3477.176758
2963.770508	3485.331299
2966.634766	3419.308105
2969.499023	3334.252441
2972.361328	3325.960938
2975.222656	3299.52832
2978.083008	3177.190186
2980.942383	3161.053223
2983.800781	3064.509277
2986.657227	3018.051514
2989.513672	2885.916504
2992.369141	2819.455566
2995.223633	2745.154785
2998.076172	2679.459961
3000.928711	2561.737549
3003.779297	2489.861572
3006.629883	2501.160889
3009.478516	2429.210449
3012.327148	2440.494873
3015.173828	2303.37793
3018.019531	2247.772949
3020.865234	2232.078857
3023.708984	2271.977783
3026.551758	2221.514648
3029.393555	2208.401123
3032.234375	2208.324219
3035.074219	2216.947266
3037.913086	2193.371826
3040.750977	2225.503662
3043.587891	2292.498535
3046.423828	2261.952637
3049.258789	2250.560303
3052.091797	2283.628662
3054.924805	2329.804199
3057.756836	2299.22583
3060.586914	2314.014893
3063.416992	2331.433838
3066.246094	2313.050781
3069.073242	2319.994873
3071.900391	2203.690674
3074.725586	2237.707275
3077.550781	2213.13916
3080.374023	2202.553955
3083.196289	2129.80835
3086.018555	2141.077393
3088.838867	2150.601807
3091.658203	2144.358643
3094.477539	2137.234131
3097.294922	2123.965332
3100.111328	2160.69043
3102.926758	2172.869141
3105.741211	2142.039551
3108.554688	2152.463135
3111.367188	2102.276123
3114.178711	2108.297852
3116.990234	2142.455566
3119.799805	2108.919434
3122.607422	2121.986572
3125.415039	2159.70459
3128.22168	2170.156738
3131.027344	2126.012451
3133.832031	2125.006104
3136.635742	2178.640869
3139.438477	2102.711914
3142.240234	2117.570068
3145.041016	2141.260742
3147.839844	2122.60376
3150.638672	2148.078125
3153.436523	2119.694092
3156.233398	2146.951416
3159.02832	2094.682617
3161.823242	2119.296875
3164.617188	2125.354492
3167.410156	2100.448975
3170.201172	2138.366455
3172.992188	2163.029297
3175.782227	2107.994873
3178.570313	2070.641602
3181.358398	2118.350098
3184.144531	2054.373535
3186.930664	2115.41333
3189.71582	2130.357422
3192.499023	2151.524902
3195.282227	2105.225586
3198.063477	2137.945068
3200.844727	2156.597656
