399.333984	1243.858276
403.220703	1206.245972
407.103516	1208.041748
410.986328	1209.202393
414.867188	1189.352539
418.748047	1205.792603
422.625	1205.040894
426.501953	1206.200684
430.375	1200.983032
434.248047	1175.342041
438.119141	1176.489502
441.988281	1207.014526
445.855469	1207.536987
449.722656	1179.935425
453.585938	1189.398438
457.449219	1220.620239
461.310547	1191.707397
465.169922	1194.143433
469.027344	1191.456787
472.882813	1170.82373
476.736328	1168.765015
480.589844	1148.744995
484.441406	1197.366577
488.289063	1162.57605
492.136719	1199.042603
495.984375	1187.352295
499.828125	1220.00354
503.669922	1219.24353
507.511719	1191.46228
511.351563	1224.156616
515.189453	1218.889038
519.025391	1218.769897
522.859375	1212.205811
526.691406	1224.332764
530.523438	1262.27002
534.351563	1208.609619
538.179688	1207.838501
542.005859	1229.02478
545.830078	1236.014404
549.654297	1193.883911
553.474609	1196.337036
557.294922	1199.438965
561.113281	1183.77356
564.927734	1192.052002
568.744141	1187.381592
572.556641	1181.410645
576.367188	1225.356201
580.177734	1155.182861
583.986328	1185.527466
587.792969	1152.928101
591.597656	1189.791626
595.400391	1169.510254
599.201172	1171.311401
603.001953	1181.567383
606.800781	1156.050903
610.597656	1167.610229
614.392578	1191.550415
618.185547	1194.014526
621.976563	1188.008667
625.767578	1198.94812
629.556641	1144.020874
633.34375	1194.75354
637.128906	1227.251099
640.912109	1201.652588
644.693359	1223.073242
648.474609	1198.104004
652.253906	1193.384399
656.03125	1205.015015
659.806641	1217.309692
663.580078	1218.483887
667.353516	1207.868286
671.123047	1267.36084
674.892578	1203.653931
678.660156	1240.239502
682.425781	1216.490723
686.191406	1244.578857
689.953125	1233.28833
693.714844	1256.150879
697.474609	1225.794312
701.232422	1246.699829
704.988281	1268.28064
708.744141	1258.290649
712.498047	1247.633301
716.248047	1275.827637
719.998047	1305.363403
723.748047	1304.599731
727.494141	1323.620117
731.240234	1277.337891
734.982422	1330.025269
738.724609	1298.893555
742.464844	1324.548584
746.205078	1343.615967
749.941406	1344.186035
753.677734	1308.37561
757.412109	1325.474121
761.144531	1340.600586
764.875	1319.312744
768.605469	1351.675903
772.332031	1327.722534
776.058594	1412.504639
779.783203	1397.18042
783.505859	1443.567871
787.228516	1396.371582
790.947266	1387.662598
794.666016	1362.332153
798.382813	1350.276489
802.097656	1361.489258
805.8125	1384.688232
809.523438	1387.270386
813.234375	1364.548096
816.943359	1413.759888
820.650391	1383.697021
824.357422	1394.283203
828.060547	1392.870483
831.763672	1368.765869
835.464844	1378.690308
839.164063	1379.271851
842.861328	1385.867432
846.558594	1427.898193
850.253906	1400.411499
853.947266	1382.937134
857.638672	1405.60791
861.328125	1380.084839
865.017578	1397.413452
868.705078	1410.065063
872.390625	1416.692749
876.074219	1423.996338
879.755859	1374.268188
883.4375	1407.740356
887.117188	1381.468506
890.794922	1371.971191
894.470703	1383.974487
898.146484	1410.781128
901.818359	1426.173706
905.490234	1392.449341
909.160156	1368.122314
912.830078	1387.556641
916.496094	1392.182007
920.162109	1384.676514
923.826172	1373.117798
927.488281	1383.814209
931.148438	1370.219727
934.808594	1359.989746
938.466797	1359.208618
942.123047	1367.212158
945.777344	1379.278931
949.429688	1348.742065
953.082031	1310.059082
956.732422	1355.287231
960.380859	1376.171875
964.027344	1369.2948
967.673828	1372.578735
971.318359	1350.09729
974.960938	1366.942993
978.601563	1387.874268
982.240234	1377.591064
985.878906	1357.789551
989.515625	1354.958984
993.150391	1411.268555
996.783203	1375.133057
1000.416016	1432.858032
1004.044922	1469.53064
1007.673828	1413.625854
1011.302734	1363.123779
1014.927734	1358.240112
1018.552734	1326.762329
1022.175781	1388.019775
1025.796875	1405.657104
1029.416016	1426.039307
1033.035156	1383.608887
1036.650391	1384.868164
1040.265625	1356.737793
1043.880859	1385.337402
1047.492188	1396.858887
1051.103516	1398.808716
1054.712891	1409.659912
1058.320313	1425.999146
1061.925781	1427.2771
1065.53125	1401.821777
1069.134766	1408.576172
1072.736328	1414.64978
1076.335938	1421.414307
1079.935547	1475.561401
1083.533203	1451.445068
1087.128906	1423.872314
1090.722656	1417.588379
1094.316406	1455.315796
1097.90625	1425.64502
1101.496094	1426.236084
1105.085938	1433.713501
1108.671875	1430.174194
1112.257813	1411.46936
1115.841797	1430.670044
1119.423828	1440.22937
1123.003906	1458.766968
1126.583984	1486.293945
1130.162109	1440.637329
1133.738281	1405.997192
1137.314453	1347.827271
1140.886719	1390.564941
1144.458984	1417.42688
1148.029297	1369.569214
1151.599609	1408.213745
1155.166016	1437.193115
1158.732422	1410.070435
1162.296875	1420.357422
1165.861328	1442.441772
1169.421875	1418.755249
1172.982422	1463.760254
1176.541016	1442.8396
1180.097656	1458.021973
1183.654297	1434.996094
1187.208984	1432.807007
1190.761719	1444.525391
1194.3125	1468.776978
1197.863281	1477.734741
1201.412109	1459.542114
1204.958984	1482.435425
1208.503906	1506.044067
1212.048828	1538.735596
1215.591797	1530.301392
1219.132813	1562.331055
1222.671875	1588.104126
1226.210938	1589.455566
1229.748047	1594.999634
1233.283203	1583.773438
1236.816406	1594.912476
1240.349609	1631.242432
1243.880859	1606.020264
1247.410156	1608.079956
1250.939453	1625.54895
1254.464844	1578.571777
1257.990234	1549.780029
1261.513672	1612.124023
1265.037109	1563.679077
1268.558594	1586.076294
1272.078125	1604.278809
1275.595703	1595.103149
1279.111328	1597.162109
1282.626953	1595.707642
1286.140625	1604.800171
1289.652344	1623.749268
1293.164063	1642.009521
1296.673828	1662.396606
1300.181641	1674.34729
1303.6875	1687.011963
1307.193359	1691.931763
1310.697266	1706.728882
1314.199219	1732.120972
1317.699219	1711.653809
1321.199219	1674.222534
1324.697266	1706.69519
1328.193359	1686.898071
1331.689453	1775.960815
1335.181641	1764.662109
1338.673828	1744.863037
1342.166016	1722.923706
1345.654297	1721.502197
1349.142578	1684.657349
1352.628906	1637.859985
1356.115234	1600.950073
1359.597656	1686.718872
1363.080078	1627.800659
1366.5625	1643.371338
1370.041016	1650.432373
1373.519531	1628.369873
1376.996094	1594.206177
1380.470703	1623.296631
1383.945313	1644.585693
1387.417969	1643.831665
1390.888672	1643.076538
1394.357422	1620.95459
1397.826172	1626.601074
1401.292969	1643.656128
1404.757813	1603.679443
1408.222656	1604.331055
1411.683594	1607.837402
1415.144531	1650.612427
1418.605469	1659.853271
1422.0625	1644.093384
1425.519531	1689.078369
1428.976563	1656.154419
1432.429688	1673.280029
1435.882813	1730.496826
1439.333984	1756.973145
1442.783203	1769.145508
1446.232422	1800.67395
1449.679688	1782.049072
1453.125	1744.763306
1456.570313	1749.774536
1460.011719	1757.660156
1463.453125	1721.035889
1466.894531	1719.577637
1470.332031	1692.967529
1473.769531	1704.435425
1477.207031	1716.631348
1480.640625	1733.872803
1484.074219	1661.160278
1487.505859	1651.03125
1490.935547	1669.706421
1494.365234	1671.822266
1497.792969	1617.708862
1501.21875	1627.737671
1504.644531	1572.840332
1508.066406	1639.156982
1511.490234	1608.047363
1514.910156	1660.706055
1518.330078	1594.169312
1521.748047	1602.764526
1525.164063	1599.794556
1528.580078	1635.168701
1531.992188	1612.665405
1535.40625	1604.625854
1538.816406	1634.248291
1542.226563	1632.00769
1545.634766	1660.939087
1549.041016	1702.223145
1552.447266	1696.378052
1555.851563	1720.288086
1559.253906	1716.623169
1562.65625	1747.824219
1566.056641	1774.689453
1569.455078	1798.667725
1572.851563	1809.57312
1576.248047	1754.273926
1579.642578	1790.645996
1583.035156	1757.868042
1586.427734	1730.162842
1589.818359	1722.840698
1593.207031	1750.507935
1596.595703	1746.834106
1599.982422	1713.970459
1603.367188	1766.484497
1606.751953	1720.457153
1610.132813	1728.452271
1613.513672	1756.916504
1616.894531	1724.719971
1620.273438	1756.861816
1623.650391	1726.101929
1627.025391	1729.721191
1630.400391	1747.256348
1633.773438	1741.362427
1637.144531	1764.045654
1640.513672	1799.210571
1643.882813	1745.653564
1647.251953	1769.832031
1650.617188	1802.837891
1653.982422	1873.321533
1657.345703	1902.721191
1660.707031	1826.313232
1664.068359	1852.040405
1667.427734	1834.391968
1670.787109	1864.556885
1674.142578	1843.953979
1677.498047	1810.078857
1680.853516	1802.697388
1684.205078	1774.673828
1687.556641	1773.906982
1690.90625	1752.486816
1694.255859	1744.330933
1697.603516	1689.663574
1700.949219	1705.844482
1704.294922	1671.80249
1707.638672	1642.90625
1710.980469	1656.86853
1714.320313	1674.539795
1717.660156	1648.568604
1720.998047	1643.302734
1724.335938	1640.994385
1727.669922	1620.904175
1731.003906	1617.843018
1734.337891	1611.813599
1737.669922	1645.830566
1741	1588.609009
1744.328125	1648.623169
1747.65625	1611.406128
1750.982422	1629.132202
1754.306641	1600.795166
1757.630859	1640.09082
1760.953125	1651.154297
1764.273438	1642.880615
1767.59375	1583.984009
1770.912109	1633.758911
1774.228516	1648.560425
1777.544922	1627.601929
1780.859375	1637.193359
1784.171875	1626.654419
1787.484375	1631.029297
1790.792969	1638.392944
1794.103516	1609.172974
1797.410156	1649.401489
1800.716797	1650.801514
1804.023438	1640.988159
1807.326172	1623.687622
1810.628906	1619.092407
1813.929688	1653.414551
1817.230469	1657.812012
1820.529297	1668.954346
1823.826172	1651.62854
1827.123047	1615.546997
1830.417969	1621.434692
1833.710938	1637.0802
1837.001953	1651.987061
1840.292969	1660.898438
1843.583984	1633.761108
1846.871094	1653.191772
1850.158203	1661.361206
1853.443359	1672.5448
1856.728516	1641.605835
1860.011719	1634.72644
1863.292969	1683.558228
1866.574219	1634.508301
1869.853516	1656.250732
1873.130859	1642.5802
1876.408203	1627.390259
1879.683594	1629.539551
1882.957031	1633.954346
1886.230469	1598.356567
1889.501953	1647.324829
1892.771484	1595.835938
1896.041016	1654.667603
1899.308594	1639.437744
1902.574219	1661.263794
1905.839844	1636.942261
1909.103516	1667.868774
1912.365234	1637.470825
1915.626953	1673.724854
1918.886719	1631.934814
1922.146484	1633.333374
1925.402344	1618.802612
1928.658203	1640.686035
1931.914063	1619.313354
1935.167969	1648.808105
1938.419922	1625.901489
1941.669922	1663.021729
1944.919922	1649.986694
1948.167969	1649.111694
1951.416016	1652.040283
1954.662109	1593.309082
1957.90625	1648.764648
1961.150391	1685.97876
1964.392578	1643.195801
1967.632813	1685.010742
1970.873047	1682.618652
1974.111328	1654.280762
1977.347656	1679.35437
1980.583984	1639.537598
1983.818359	1663.096436
1987.050781	1653.046631
1990.283203	1687.331787
1993.513672	1590.091675
1996.744141	1649.627686
1999.970703	1631.901001
2003.199219	1675.418701
2006.423828	1677.604248
2009.648438	1641.474731
2012.871094	1639.048218
2016.09375	1621.280884
2019.314453	1659.506714
2022.533203	1697.761963
2025.751953	1648.514893
2028.96875	1617.663818
2032.183594	1685.914673
2035.398438	1646.597534
2038.611328	1648.776367
2041.824219	1635.57019
2045.035156	1677.765747
2048.244141	1648.391479
2051.451172	1672.138916
2054.658203	1682.035156
2057.865234	1640.293945
2061.068359	1673.318115
2064.271484	1654.682739
2067.474609	1659.955688
2070.673828	1649.02002
2073.875	1655.838745
2077.072266	1659.571777
2080.269531	1622.343018
2083.464844	1680.963257
2086.660156	1678.521118
2089.853516	1688.457764
2093.044922	1653.503174
2096.236328	1697.511108
2099.425781	1654.010254
2102.613281	1656.200928
2105.800781	1681.652466
2108.986328	1640.420532
2112.169922	1675.195679
2115.353516	1669.634399
2118.535156	1669.503906
2121.716797	1636.746704
2124.896484	1722.862305
2128.074219	1679.215942
2131.251953	1663.533081
2134.427734	1642.391602
2137.603516	1680.385376
2140.777344	1679.477295
2143.949219	1691.030884
2147.119141	1679.216309
2150.289063	1666.612793
2153.458984	1655.558716
2156.625	1678.040894
2159.791016	1664.640625
2162.957031	1667.624878
2166.121094	1679.983276
2169.283203	1650.159302
2172.445313	1665.646118
2175.603516	1663.942261
2178.763672	1650.503174
2181.921875	1691.047852
2185.078125	1625.941162
2188.232422	1647.711792
2191.386719	1661.664307
2194.539063	1623.900635
2197.691406	1679.407959
2200.841797	1705.152832
2203.990234	1672.06897
2207.138672	1671.141846
2210.285156	1657.64978
2213.429688	1712.48938
2216.574219	1698.216187
2219.71875	1673.71167
2222.859375	1676.713745
2226	1652.96814
2229.140625	1690.594116
2232.279297	1669.984253
2235.416016	1696.617676
2238.550781	1683.085083
2241.685547	1647.470337
2244.820313	1725.381348
2247.951172	1718.942871
2251.082031	1671.462158
2254.212891	1694.207764
2257.341797	1672.74292
2260.46875	1707.356812
2263.595703	1696.94519
2266.720703	1718.942993
2269.84375	1700.617188
2272.966797	1643.503784
2276.087891	1700.335327
2279.208984	1685.147583
2282.328125	1700.051392
2285.445313	1668.20874
2288.5625	1732.270264
2291.677734	1682.17334
2294.792969	1671.70813
2297.90625	1699.332642
2301.017578	1687.277222
2304.128906	1692.687012
2307.238281	1663.932007
2310.345703	1701.928101
2313.453125	1683.491821
2316.558594	1657.881348
2319.664063	1717.404907
2322.767578	1691.786987
2325.871094	1771.279053
2328.972656	1780.718018
2332.072266	1779.802124
2335.169922	1715.894531
2338.267578	1712.55957
2341.365234	1681.293091
2344.460938	1717.854492
2347.554688	1672.989868
2350.648438	1697.592163
2353.740234	1677.459229
2356.830078	1650.115356
2359.919922	1681.933838
2363.007813	1696.974365
2366.095703	1660.80127
2369.181641	1621.397461
2372.265625	1689.296631
2375.349609	1685.931396
2378.431641	1692.984009
2381.513672	1696.032104
2384.59375	1703.895386
2387.673828	1688.491333
2390.75	1653.807495
2393.828125	1692.984253
2396.902344	1719.335571
2399.976563	1688.641479
2403.050781	1677.220581
2406.123047	1740.59436
2409.193359	1705.848877
2412.262695	1710.519409
2415.331055	1696.672119
2418.398438	1742.425415
2421.464844	1766.45459
2424.530273	1676.831665
2427.59375	1655.690796
2430.65625	1706.336914
2433.717773	1698.10376
2436.77832	1693.093628
2439.837891	1654.963867
2442.895508	1733.9646
2445.953125	1706.328613
2449.008789	1682.714478
2452.063477	1679.30481
2455.117188	1693.695068
2458.168945	1691.095825
2461.220703	1722.506958
2464.270508	1723.156372
2467.319336	1686.525635
2470.367188	1689.593384
2473.413086	1678.064087
2476.458984	1655.978149
2479.50293	1745.072754
2482.545898	1684.832153
2485.587891	1739.076294
2488.628906	1750.294189
2491.668945	1723.314453
2494.707031	1723.149414
2497.745117	1717.289307
2500.78125	1710.610718
2503.816406	1745.446045
2506.850586	1743.658569
2509.882813	1706.836548
2512.915039	1748.22876
2515.945313	1687.735229
2518.974609	1731.597534
2522.00293	1686.554565
2525.030273	1727.999756
2528.056641	1702.518188
2531.081055	1743.999634
2534.105469	1735.664673
2537.12793	1698.711426
2540.149414	1729.605835
2543.169922	1695.07605
2546.188477	1715.352417
2549.207031	1699.620728
2552.223633	1725.646118
2555.239258	1681.229736
2558.254883	1722.020264
2561.267578	1697.246704
2564.280273	1717.567017
2567.291992	1722.31189
2570.301758	1750.864502
2573.311523	1749.05542
2576.319336	1739.029907
2579.326172	1728.996582
2582.332031	1718.955322
2585.335938	1726.998535
2588.339844	1775.359009
2591.341797	1804.826294
2594.34375	1722.346191
2597.34375	1731.224731
2600.342773	1751.644165
2603.34082	1738.285522
2606.336914	1759.546631
2609.333008	1788.246704
2612.327148	1725.376709
2615.320313	1783.801025
2618.313477	1755.563599
2621.304688	1738.043701
2624.293945	1717.204834
2627.283203	1755.044312
2630.271484	1759.005127
2633.257813	1767.932251
2636.243164	1740.45105
2639.227539	1744.409668
2642.210938	1719.383057
2645.193359	1753.162964
2648.174805	1774.535034
2651.155273	1727.932861
2654.133789	1741.016113
2657.112305	1771.533569
2660.088867	1767.210449
2663.064453	1737.972656
2666.039063	1801.749023
2669.012695	1781.642334
2671.984375	1779.808838
2674.956055	1753.857056
2677.925781	1742.860107
2680.895508	1801.76123
2683.863281	1749.146484
2686.830078	1771.447876
2689.795898	1781.268188
2692.760742	1807.764404
2695.723633	1771.747681
2698.686523	1767.39856
2701.647461	1802.261597
2704.608398	1811.27478
2707.567383	1775.204346
2710.525391	1859.390869
2713.482422	1824.981812
2716.438477	1813.116943
2719.392578	1838.873413
2722.34668	1839.552124
2725.299805	1800.899048
2728.250977	1819.980957
2731.201172	1815.627441
2734.150391	1830.539185
2737.098633	1812.776123
2740.045898	1802.545166
2742.992188	1855.208862
2745.9375	1821.492798
2748.881836	1766.768433
2751.824219	1833.749634
2754.765625	1836.944458
2757.707031	1821.655762
2760.646484	1862.672729
2763.584961	1814.587646
2766.522461	1773.196167
2769.458984	1815.922241
2772.393555	1810.697144
2775.328125	1833.25708
2778.261719	1807.815796
2781.193359	1827.862305
2784.124023	1847.923096
2787.054688	1812.337769
2789.983398	1856.029053
2792.911133	1811.136108
2795.837891	1847.259766
2798.762695	1847.092529
2801.6875	1874.806152
2804.611328	1840.840088
2807.533203	1808.539795
2810.455078	1820.197998
2813.375	1815.787842
2816.293945	1813.066895
2819.211914	1800.182617
2822.129883	1814.394287
2825.045898	1846.410522
2827.959961	1844.542847
2830.874023	1863.025024
2833.787109	1856.071411
2836.698242	1905.968994
2839.609375	1893.931641
2842.518555	2009.268921
2845.427734	2091.558105
2848.334961	2150.111328
2851.241211	2236.761963
2854.146484	2244.381836
2857.050781	2260.514648
2859.954102	2290.276123
2862.856445	2360.074463
2865.757813	2435.033203
2868.657227	2470.001465
2871.556641	2602.159912
2874.454102	2635.508057
2877.351563	2680.821045
2880.24707	2711.661133
2883.141602	2695.57666
2886.036133	2654.717285
2888.928711	2717.184814
2891.820313	2719.027588
2894.710938	2734.547852
2897.599609	2759.485352
2900.488281	2791.283691
2903.375977	2894.987305
2906.262695	2914.87207
2909.147461	2939.052246
2912.032227	2957.252686
2914.915039	3086.874268
2917.797852	3115.427734
2920.678711	3194.600342
2923.558594	3262.676758
2926.4375	3326.510498
2929.31543	3292.515869
2932.192383	3334.934082
2935.068359	3377.38208
2937.943359	3381.183594
2940.817383	3329.10083
2943.69043	3267.518555
2946.561523	3102.641602
2949.432617	3017.69165
2952.301758	2935.262939
2955.170898	2893.25708
2958.038086	2783.14917
2960.905273	2886.729004
2963.770508	2782.573975
2966.634766	2781.85376
2969.499023	2722.455078
2972.361328	2728.617188
2975.222656	2712.331543
2978.083008	2569.049316
2980.942383	2585.530762
2983.800781	2532.002197
2986.657227	2410.117432
2989.513672	2409.255859
2992.369141	2332.238525
2995.223633	2336.541504
2998.076172	2185.82959
3000.928711	2204.80957
3003.779297	2151.871338
3006.629883	2016.533936
3009.478516	2104.853271
3012.327148	2066.569092
3015.173828	1995.277344
3018.019531	1969.948486
3020.865234	1929.836304
3023.708984	1932.267212
3026.551758	1870.383301
3029.393555	1948.435913
3032.234375	1890.861206
3035.074219	1893.279907
3037.913086	1889.6073
3040.750977	1895.509155
3043.587891	1916.222046
3046.423828	1910.809692
3049.258789	1946.359863
3052.091797	1916.539063
3054.924805	1911.119751
3057.756836	1936.236084
3060.586914	1944.785156
3063.416992	1940.241943
3066.246094	1980.244019
3069.073242	1997.554932
3071.900391	1945.821167
3074.725586	1915.036743
3077.550781	1927.093018
3080.374023	1908.530029
3083.196289	1873.321045
3086.018555	1880.995483
3088.838867	1886.923096
3091.658203	1855.172607
3094.477539	1812.879517
3097.294922	1841.588379
3100.111328	1845.75415
3102.926758	1858.698242
3105.741211	1894.476074
3108.554688	1892.516479
3111.367188	1829.937866
3114.178711	1878.924805
3116.990234	1876.956299
3119.799805	1868.829834
3122.607422	1879.172119
3125.415039	1865.759399
3128.22168	1864.662109
3131.027344	1875.012695
3133.832031	1831.628418
3136.635742	1898.378784
3139.438477	1862.905884
3142.240234	1848.574219
3145.041016	1849.230469
3147.839844	1829.587402
3150.638672	1831.119507
3153.436523	1829.119385
3156.233398	1924.304565
3159.02832	1837.487427
3161.823242	1837.254517
3164.617188	1867.092651
3167.410156	1863.330078
3170.201172	1880.806519
3172.992188	1870.847656
3175.782227	1833.424072
3178.570313	1841.161011
3181.358398	1822.312744
3184.144531	1806.11084
3186.930664	1832.471313
3189.71582	1810.93689
3192.499023	1831.10376
3195.282227	1825.535278
3198.063477	1818.185913
3200.844727	1831.509155
