399.333984	1379.239868
403.220703	1387.469116
407.103516	1339.724121
410.986328	1353.033813
414.867188	1340.25
418.748047	1328.091675
422.625	1298.079468
426.501953	1340.081299
430.375	1308.771729
434.248047	1299.129517
438.119141	1315.012695
441.988281	1321.968384
445.855469	1273.983521
449.722656	1307.772461
453.585938	1318.56958
457.449219	1305.705444
461.310547	1296.6698
465.169922	1315.158569
469.027344	1300.993896
472.882813	1331.034912
476.736328	1300.83606
480.589844	1306.529053
484.441406	1312.868164
488.289063	1282.621216
492.136719	1295.377075
495.984375	1306.216064
499.828125	1321.563477
503.669922	1315.702637
507.511719	1290.536377
511.351563	1299.459595
515.189453	1327.062988
519.025391	1336.008911
522.859375	1330.139771
526.691406	1352.633057
530.523438	1320.96521
534.351563	1311.854492
538.179688	1302.089966
542.005859	1350.441772
545.830078	1315.486328
549.654297	1305.709595
553.474609	1321.790771
557.294922	1314.595337
561.113281	1300.921143
564.927734	1302.127441
568.744141	1307.868652
572.556641	1323.983521
576.367188	1324.551758
580.177734	1273.230835
583.986328	1310.11499
587.792969	1308.080078
591.597656	1250.839844
595.400391	1288.4104
599.201172	1275.312378
603.001953	1290.815308
606.800781	1286.814209
610.597656	1261.9823
614.392578	1309.403198
618.185547	1306.055176
621.976563	1324.860962
625.767578	1303.261108
629.556641	1322.733276
633.34375	1296.545776
637.128906	1325.822876
640.912109	1339.450806
644.693359	1357.010254
648.474609	1316.411133
652.253906	1324.820068
656.03125	1312.956055
659.806641	1314.825439
663.580078	1380.861084
667.353516	1363.764404
671.123047	1363.690796
674.892578	1372.139282
678.660156	1395.02356
682.425781	1357.561646
686.191406	1345.667969
689.953125	1365.942261
693.714844	1396.088135
697.474609	1383.537354
701.232422	1381.495972
704.988281	1436.683105
708.744141	1410.970215
712.498047	1430.005005
716.248047	1439.175659
719.998047	1402.227783
723.748047	1429.851929
727.494141	1433.097412
731.240234	1424.469238
734.982422	1423.093994
738.724609	1439.546509
742.464844	1477.812988
746.205078	1478.440186
749.941406	1445.347046
753.677734	1471.757202
757.412109	1512.08606
761.144531	1467.709351
764.875	1485.551514
768.605469	1496.119751
772.332031	1470.238892
776.058594	1529.218628
779.783203	1521.241577
783.505859	1519.230713
787.228516	1578.968872
790.947266	1523.838257
794.666016	1495.907104
798.382813	1554.380249
802.097656	1527.767822
805.8125	1543.717773
809.523438	1565.671753
813.234375	1534.36731
816.943359	1545.009033
820.650391	1550.327148
824.357422	1577.653809
828.060547	1534.292236
831.763672	1558.964844
835.464844	1522.234375
839.164063	1558.94458
842.861328	1533.54187
846.558594	1521.487061
850.253906	1570.94873
853.947266	1544.848511
857.638672	1594.360962
861.328125	1493.250366
865.017578	1529.383911
868.705078	1569.568604
872.390625	1508.546387
876.074219	1549.426025
879.755859	1573.563843
883.4375	1544.687988
887.117188	1535.26355
890.794922	1574.877808
894.470703	1596.376587
898.146484	1560.735474
901.818359	1538.518555
905.490234	1533.107666
909.160156	1510.859497
912.830078	1555.949463
916.496094	1532.343628
920.162109	1530.964233
923.826172	1513.397095
927.488281	1554.513794
931.148438	1563.265381
934.808594	1548.389526
938.466797	1544.30957
942.123047	1534.819092
945.777344	1559.802124
949.429688	1582.776489
953.082031	1564.492065
956.732422	1568.531738
960.380859	1580.024048
964.027344	1601.688721
967.673828	1559.656128
971.318359	1592.179077
974.960938	1560.960693
978.601563	1558.898438
982.240234	1569.734131
985.878906	1575.82373
989.515625	1562.891602
993.150391	1607.731323
996.783203	1629.485107
1000.416016	1677.791016
1004.044922	1706.397949
1007.673828	1619.949829
1011.302734	1635.612305
1014.927734	1596.085571
1018.552734	1589.251221
1022.175781	1588.549438
1025.796875	1600.129028
1029.416016	1665.646606
1033.035156	1613.072144
1036.650391	1604.862061
1040.265625	1613.732056
1043.880859	1571.325562
1047.492188	1619.86377
1051.103516	1586.32019
1054.712891	1596.564819
1058.320313	1645.172852
1061.925781	1619.819092
1065.53125	1612.266479
1069.134766	1626.651733
1072.736328	1601.943359
1076.335938	1651.338867
1079.935547	1676.056519
1083.533203	1646.528076
1087.128906	1642.401001
1090.722656	1679.519043
1094.316406	1641.012939
1097.90625	1654.766479
1101.496094	1665.77771
1105.085938	1645.12085
1108.671875	1678.181396
1112.257813	1663.714355
1115.841797	1656.819214
1119.423828	1692.683472
1123.003906	1715.46582
1126.583984	1694.085205
1130.162109	1700.311279
1133.738281	1657.487549
1137.314453	1658.173096
1140.886719	1638.80603
1144.458984	1640.175293
1148.029297	1646.389648
1151.599609	1632.531006
1155.166016	1660.217773
1158.732422	1647.738281
1162.296875	1634.55481
1165.861328	1710.819214
1169.421875	1676.836914
1172.982422	1711.537598
1176.541016	1642.809692
1180.097656	1646.960449
1183.654297	1723.385254
1187.208984	1693.506958
1190.761719	1674.731323
1194.3125	1666.376465
1197.863281	1731.796631
1201.412109	1757.578369
1204.958984	1761.785278
1208.503906	1724.876953
1212.048828	1752.778076
1215.591797	1768.844238
1219.132813	1782.13208
1222.671875	1807.995483
1226.210938	1865.305786
1229.748047	1850.702515
1233.283203	1862.646118
1236.816406	1859.915527
1240.349609	1877.467773
1243.880859	1857.944946
1247.410156	1874.809814
1250.939453	1900.092285
1254.464844	1846.921997
1257.990234	1880.624023
1261.513672	1919.963257
1265.037109	1850.599121
1268.558594	1874.517578
1272.078125	1875.286133
1275.595703	1887.995239
1279.111328	1932.334351
1282.626953	1879.701416
1286.140625	1925.479004
1289.652344	1907.272095
1293.164063	1927.76001
1296.673828	1958.825684
1300.181641	1979.350342
1303.6875	1959.724365
1307.193359	2009.169067
1310.697266	2008.5802
1314.199219	2006.579224
1317.699219	2030.692017
1321.199219	2025.872925
1324.697266	2026.700562
1328.193359	2041.662476
1331.689453	2036.840332
1335.181641	2085.059814
1338.673828	2042.041626
1342.166016	1987.662109
1345.654297	2011.841919
1349.142578	2004.161377
1352.628906	2002.143799
1356.115234	2027.066528
1359.597656	1963.346436
1363.080078	1947.82605
1366.5625	1999.021118
1370.041016	1987.762573
1373.519531	1977.915161
1376.996094	1948.158447
1380.470703	1951.084595
1383.945313	1965.393799
1387.417969	2008.890381
1390.888672	1971.264771
1394.357422	1944.290894
1397.826172	1953.631226
1401.292969	1944.446533
1404.757813	1971.620117
1408.222656	1963.861084
1411.683594	1925.408447
1415.144531	1929.760132
1418.605469	1941.971191
1422.0625	1967.052979
1425.519531	1941.403687
1428.976563	1946.481934
1432.429688	2026.679077
1435.882813	2069.01001
1439.333984	2109.227051
1442.783203	2128.70459
1446.232422	2084.425049
1449.679688	2174.157227
1453.125	2116.233643
1456.570313	2122.830078
1460.011719	2148.091797
1463.453125	2124.549561
1466.894531	2099.551025
1470.332031	2029.261597
1473.769531	2077.527832
1477.207031	2099.942871
1480.640625	2036.760986
1484.074219	2012.393555
1487.505859	2028.327515
1490.935547	1988.088867
1494.365234	1956.464355
1497.792969	1917.60498
1501.21875	1952.275513
1504.644531	1950.177734
1508.066406	1908.380005
1511.490234	1919.259033
1514.910156	1977.822144
1518.330078	1961.998901
1521.748047	1917.244751
1525.164063	1954.90271
1528.580078	1970.161133
1531.992188	2009.317505
1535.40625	1965.2323
1538.816406	1951.535889
1542.226563	1992.17981
1545.634766	2042.280884
1549.041016	2063.410645
1552.447266	2096.166016
1555.851563	2089.750732
1559.253906	2088.413086
1562.65625	2067.459473
1566.056641	2120.615723
1569.455078	2135.281738
1572.851563	2138.321777
1576.248047	2126.811523
1579.642578	2091.270752
1583.035156	2094.295166
1586.427734	2087.851074
1589.818359	2066.097168
1593.207031	2101.921875
1596.595703	2075.778564
1599.982422	2112.364746
1603.367188	2130.730713
1606.751953	2114.059082
1610.132813	2109.792969
1613.513672	2064.596191
1616.894531	2096.130615
1620.273438	2116.718506
1623.650391	2095.61499
1627.025391	2057.658203
1630.400391	2141.963623
1633.773438	2103.993652
1637.144531	2118.760254
1640.513672	2140.869873
1643.882813	2107.986816
1647.251953	2143.316406
1650.617188	2180.875977
1653.982422	2222.136963
1657.345703	2269.307129
1660.707031	2246.696045
1664.068359	2231.418213
1667.427734	2248.490967
1670.787109	2164.769775
1674.142578	2164.161621
1677.498047	2221.728271
1680.853516	2109.899902
1684.205078	2146.854248
1687.556641	2141.812012
1690.90625	2056.369141
1694.255859	2086.703857
1697.603516	2068.343018
1700.949219	2089.105469
1704.294922	2007.935913
1707.638672	2003.562256
1710.980469	1994.009155
1714.320313	1991.84436
1717.660156	2049.611816
1720.998047	2034.882568
1724.335938	1954.97522
1727.669922	1992.052612
1731.003906	2009.890259
1734.337891	1972.877563
1737.669922	1986.270508
1741	1976.671875
1744.328125	2017.540649
1747.65625	1973.044312
1750.982422	1984.228027
1754.306641	1956.775146
1757.630859	1976.881958
1760.953125	2025.267212
1764.273438	2026.814697
1767.59375	1986.679199
1770.912109	1990.445557
1774.228516	2029.97168
1777.544922	2003.202393
1780.859375	1958.518555
1784.171875	2009.265015
1787.484375	2009.314697
1790.792969	1981.74646
1794.103516	1955.64917
1797.410156	2001.244019
1800.716797	2021.46582
1804.023438	1961.709717
1807.326172	1968.468872
1810.628906	1961.765381
1813.929688	1994.726074
1817.230469	2029.209839
1820.529297	1979.074219
1823.826172	2003.836182
1827.123047	1976.889771
1830.417969	1997.169556
1833.710938	2033.970947
1837.001953	1963.470337
1840.292969	1991.276123
1843.583984	2027.365967
1846.871094	2037.183105
1850.158203	2009.420166
1853.443359	1980.88269
1856.728516	1959.093384
1860.011719	1959.865356
1863.292969	2063.789307
1866.574219	2014.889282
1869.853516	2044.316772
1873.130859	2030.799072
1876.408203	2023.303101
1879.683594	1997.694824
1882.957031	1984.141357
1886.230469	1960.00647
1889.501953	1976.638794
1892.771484	2011.418213
1896.041016	2029.594604
1899.308594	1988.801392
1902.574219	1997.904297
1905.839844	1990.36438
1909.103516	2016.130127
1912.365234	1996.47229
1915.626953	1982.102417
1918.886719	1948.013184
1922.146484	1977.592163
1925.402344	2028.434082
1928.658203	1972.314087
1931.914063	1947.275635
1935.167969	2015.631714
1938.419922	1986.790894
1941.669922	2036.973633
1944.919922	2016.481445
1948.167969	2014.228638
1951.416016	1987.622925
1954.662109	1988.401001
1957.90625	1997.556396
1961.150391	2030.335938
1964.392578	1999.88208
1967.632813	1967.116577
1970.873047	2012.887817
1974.111328	1993.835693
1977.347656	2016.751953
1980.583984	2006.085449
1983.818359	2007.633179
1987.050781	1980.904785
1990.283203	2048.192871
1993.513672	2023.753052
1996.744141	1970.218506
1999.970703	1986.296021
2003.199219	2014.637329
2006.423828	2006.230835
2009.648438	2016.975464
2012.871094	1980.197144
2016.09375	2014.713745
2019.314453	1989.41333
2022.533203	2028.564575
2025.751953	1975.607178
2028.96875	1949.49231
2032.183594	2022.48291
2035.398438	1977.915771
2038.611328	2008.677246
2041.824219	2002.534912
2045.035156	2032.559326
2048.244141	2005.632813
2051.451172	1994.859375
2054.658203	2058.046631
2057.865234	1983.306641
2061.068359	1965.570435
2064.271484	1965.562622
2067.474609	2013.400513
2070.673828	2018.814331
2073.875	1959.357666
2077.072266	1996.430908
2080.269531	1988.703491
2083.464844	2015.76416
2086.660156	2009.584351
2089.853516	2015.780151
2093.044922	2035.140381
2096.236328	2023.538452
2099.425781	2031.294922
2102.613281	2011.931519
2105.800781	1984.799561
2108.986328	2014.265747
2112.169922	1955.300171
2115.353516	1968.47644
2118.535156	1988.650879
2121.716797	2029.814575
2124.896484	2012.725952
2128.074219	2001.065674
2131.251953	1976.174561
2134.427734	2013.505127
2137.603516	1994.825317
2140.777344	2010.389648
2143.949219	2037.649292
2147.119141	2023.630981
2150.289063	2029.089355
2153.458984	1987.762207
2156.625	2018.953857
2159.791016	1980.71167
2162.957031	2036.126221
2166.121094	2039.254517
2169.283203	2000.192993
2172.445313	1979.859985
2175.603516	2018.937378
2178.763672	1978.25708
2181.921875	1919.546753
2185.078125	2023.619629
2188.232422	2013.434814
2191.386719	1963.286499
2194.539063	1970.31189
2197.691406	2006.351563
2200.841797	1974.965332
2203.990234	2018.095459
2207.138672	1989.043457
2210.285156	1987.452271
2213.429688	2029.849854
2216.574219	2018.056152
2219.71875	1992.888306
2222.859375	2051.064453
2226	2035.330078
2229.140625	2030.601929
2232.279297	1991.22583
2235.416016	2036.098755
2238.550781	2062.094482
2241.685547	2021.107178
2244.820313	2019.516357
2247.951172	2043.956421
2251.082031	2039.215454
2254.212891	2041.575562
2257.341797	2010.766602
2260.46875	1995.734985
2263.595703	1999.660522
2266.720703	1963.263794
2269.84375	1998.818481
2272.966797	1956.062256
2276.087891	1973.433838
2279.208984	2002.696533
2282.328125	2022.474854
2285.445313	1991.547974
2288.5625	1951.083374
2291.677734	2021.621826
2294.792969	2023.187378
2297.90625	2039.834106
2301.017578	1967.563721
2304.128906	1985.789551
2307.238281	2005.618164
2310.345703	1992.074707
2313.453125	1966.592041
2316.558594	1984.843628
2319.664063	2030.962646
2322.767578	1996.706787
2325.871094	2086.668701
2328.972656	2124.11377
2332.072266	2098.620361
2335.169922	2084.269775
2338.267578	2013.274414
2341.365234	2005.263184
2344.460938	2056.31665
2347.554688	1978.8396
2350.648438	1965.212646
2353.740234	1966.759033
2356.830078	1973.902466
2359.919922	2001.845093
2363.007813	2027.408325
2366.095703	2025.777344
2369.181641	2029.74939
2372.265625	2025.714111
2375.349609	2011.258423
2378.431641	2030.458618
2381.513672	2002.360352
2384.59375	2027.186279
2387.673828	1983.014282
2390.75	2016.681763
2393.828125	2053.58667
2396.902344	1991.697632
2399.976563	2039.872437
2403.050781	2031.800781
2406.123047	2026.135498
2409.193359	1993.107422
2412.262695	1980.177734
2415.331055	2031.658203
2418.398438	2009.871216
2421.464844	2014.660767
2424.530273	2026.708984
2427.59375	2047.637085
2430.65625	2025.821289
2433.717773	1998.338867
2436.77832	2037.041138
2439.837891	2017.618164
2442.895508	2053.124023
2445.953125	2039.349609
2449.008789	2027.181641
2452.063477	2024.710938
2455.117188	2090.212402
2458.168945	2027.04834
2461.220703	2055.346924
2464.270508	2008.32373
2467.319336	2090.124756
2470.367188	2016.32373
2473.413086	2010.594849
2476.458984	1994.313599
2479.50293	2022.661133
2482.545898	2016.926758
2485.587891	2028.245361
2488.628906	1994.067749
2491.668945	2054.158447
2494.707031	2019.963745
2497.745117	2067.906006
2500.78125	2076.821289
2503.816406	2055.62085
2506.850586	2036.032959
2509.882813	2053.092041
2512.915039	2045.712891
2515.945313	2040.773682
2518.974609	2026.042603
2522.00293	2048.017334
2525.030273	2060.213135
2528.056641	2049.554199
2531.081055	2013.563965
2534.105469	2053.542969
2537.12793	2042.050537
2540.149414	2054.264648
2543.169922	2033.764038
2546.188477	2074.626953
2549.207031	2068.854248
2552.223633	2031.135498
2555.239258	2021.244629
2558.254883	2034.295166
2561.267578	2054.734375
2564.280273	2110.458496
2567.291992	2093.195557
2570.301758	2052.935791
2573.311523	2073.410645
2576.319336	2075.828369
2579.326172	2078.247314
2582.332031	2116.016602
2585.335938	2052.661133
2588.339844	2030.391968
2591.341797	2076.414307
2594.34375	2112.591064
2597.34375	2048.313965
2600.342773	2027.655884
2603.34082	2078.689453
2606.336914	2042.360352
2609.333008	2074.465088
2612.327148	2084.314453
2615.320313	2048.770996
2618.313477	2132.935547
2621.304688	2134.55542
2624.293945	2082.461914
2627.283203	2070.01001
2630.271484	2091.45459
2633.257813	2141.042969
2636.243164	2076.458252
2639.227539	2118.625732
2642.210938	2115.271973
2645.193359	2071.317383
2648.174805	2090.321045
2651.155273	2096.901123
2654.133789	2089.385254
2657.112305	2080.203613
2660.088867	2139.910156
2663.064453	2109.980225
2666.039063	2099.963867
2669.012695	2100.742432
2671.984375	2177.169189
2674.956055	2157.186035
2677.925781	2177.951172
2680.895508	2149.630127
2683.863281	2160.416504
2686.830078	2160.383545
2689.795898	2152.018555
2692.760742	2121.977051
2695.723633	2162.782715
2698.686523	2146.901367
2701.647461	2123.498047
2704.608398	2103.415771
2707.567383	2184.353027
2710.525391	2127.523926
2713.482422	2160.063232
2716.438477	2174.23584
2719.392578	2185.073242
2722.34668	2212.64917
2725.299805	2174.970459
2728.250977	2221.81665
2731.201172	2231.010742
2734.150391	2226.806885
2737.098633	2184.047363
2740.045898	2170.599609
2742.992188	2150.431885
2745.9375	2176.394531
2748.881836	2204.054199
2751.824219	2145.251953
2754.765625	2154.441162
2757.707031	2146.831543
2760.646484	2139.21582
2763.584961	2163.546875
2766.522461	2124.807129
2769.458984	2202.16333
2772.393555	2168.459229
2775.328125	2126.308838
2778.261719	2154.889404
2781.193359	2149.781738
2784.124023	2138.768555
2787.054688	2167.384033
2789.983398	2224.703857
2792.911133	2206.108887
2795.837891	2195.098389
2798.762695	2246.578125
2801.6875	2190.794189
2804.611328	2208.500977
2807.533203	2194.091064
2810.455078	2171.211914
2813.375	2214.313477
2816.293945	2237.978027
2819.211914	2187.145752
2822.129883	2193.02832
2825.045898	2192.135986
2827.959961	2151.401611
2830.874023	2233.594971
2833.787109	2244.591064
2836.698242	2277.658447
2839.609375	2377.813721
2842.518555	2421.99292
2845.427734	2546.909668
2848.334961	2586.08252
2851.241211	2679.693604
2854.146484	2715.540527
2857.050781	2750.562256
2859.954102	2780.502441
2862.856445	2771.299316
2865.757813	2856.628662
2868.657227	2977.804443
2871.556641	3010.425537
2874.454102	3156.470703
2877.351563	3121.796143
2880.24707	3151.943604
2883.141602	3150.530029
2886.036133	3203.763184
2888.928711	3185.282227
2891.820313	3153.969482
2894.710938	3217.517578
2897.599609	3301.634033
2900.488281	3339.617432
2903.375977	3305.745117
2906.262695	3359.165283
2909.147461	3382.650391
2912.032227	3536.367188
2914.915039	3574.500977
2917.797852	3622.092041
2920.678711	3723.746338
2923.558594	3799.73584
2926.4375	3833.726318
2929.31543	3926.121338
2932.192383	3906.931396
2935.068359	3902.33252
2937.943359	3849.598633
2940.817383	3843.25415
2943.69043	3743.153564
2946.561523	3614.585938
2949.432617	3478.178223
2952.301758	3440.689453
2955.170898	3385.946289
2958.038086	3337.194092
2960.905273	3266.856689
2963.770508	3229.234375
2966.634766	3190.72168
2969.499023	3141.825439
2972.361328	3132.601074
2975.222656	3045.6521
2978.083008	3044.159424
2980.942383	3015.012207
2983.800781	3003.132568
2986.657227	2910.820068
2989.513672	2814.979736
2992.369141	2708.685059
2995.223633	2606.641846
2998.076172	2676.861816
3000.928711	2592.059082
3003.779297	2503.727783
3006.629883	2481.220947
3009.478516	2437.883057
3012.327148	2414.467773
3015.173828	2384.091797
3018.019531	2319.833496
3020.865234	2321.535645
3023.708984	2249.388428
3026.551758	2304.951904
3029.393555	2300.562744
3032.234375	2255.29126
3035.074219	2272.63208
3037.913086	2321.318604
3040.750977	2224.633057
3043.587891	2249.818848
3046.423828	2291.577637
3049.258789	2294.14209
3052.091797	2273.165283
3054.924805	2316.720215
3057.756836	2325.402832
3060.586914	2288.701416
3063.416992	2379.459717
3066.246094	2340.129639
3069.073242	2326.111572
3071.900391	2271.873047
3074.725586	2249.075195
3077.550781	2281.370361
3080.374023	2225.305664
3083.196289	2156.069824
3086.018555	2218.138672
3088.838867	2203.162354
3091.658203	2182.916748
3094.477539	2226.650879
3097.294922	2179.212891
3100.111328	2184.376465
3102.926758	2157.072754
3105.741211	2157.841553
3108.554688	2169.148926
3111.367188	2234.931396
3114.178711	2187.391846
3116.990234	2188.170654
3119.799805	2154.650879
3122.607422	2140.461426
3125.415039	2146.503418
3128.22168	2155.190186
3131.027344	2200.87207
3133.832031	2166.413818
3136.635742	2198.911377
3139.438477	2166.190186
3142.240234	2201.355469
3145.041016	2191.549805
3147.839844	2172.02832
3150.638672	2158.672607
3153.436523	2101.146729
3156.233398	2160.204102
3159.02832	2164.505371
3161.823242	2159.083496
3164.617188	2208.493652
3167.410156	2204.852051
3170.201172	2177.310303
3172.992188	2151.519043
3175.782227	2114.194824
3178.570313	2206.203613
3181.358398	2152.030762
3184.144531	2186.484619
3186.930664	2184.59668
3189.71582	2141.004883
3192.499023	2163.063477
3195.282227	2129.199219
3198.063477	2162.815186
3200.844727	2186.797119
