399.333984	1373.519531
403.220703	1347.40918
407.103516	1353.719238
410.986328	1375.944946
414.867188	1319.87561
418.748047	1311.530396
422.625	1348.422241
426.501953	1334.343506
430.375	1352.142334
434.248047	1311.891113
438.119141	1357.782471
441.988281	1332.186401
445.855469	1321.901611
449.722656	1300.102173
453.585938	1370.365967
457.449219	1313.382324
461.310547	1346.590942
465.169922	1310.676514
469.027344	1326.616577
472.882813	1336.161621
476.736328	1332.89209
480.589844	1307.811768
484.441406	1352.6521
488.289063	1338.471069
492.136719	1290.88147
495.984375	1337.056274
499.828125	1342.132568
503.669922	1367.790649
507.511719	1344.576782
511.351563	1370.900879
515.189453	1363.764893
519.025391	1375.947388
522.859375	1374.606689
526.691406	1337.804443
530.523438	1373.210449
534.351563	1366.703247
538.179688	1342.114502
542.005859	1374.983521
545.830078	1376.220947
549.654297	1358.713623
553.474609	1339.250854
557.294922	1387.053467
561.113281	1374.057495
564.927734	1362.345093
568.744141	1364.225586
572.556641	1383.604858
576.367188	1345.946777
580.177734	1319.93103
583.986328	1320.497192
587.792969	1331.450195
591.597656	1322.928711
595.400391	1358.581055
599.201172	1355.913208
603.001953	1321.378662
606.800781	1311.535522
610.597656	1338.130859
614.392578	1334.796875
618.185547	1362.075562
621.976563	1332.029419
625.767578	1348.898071
629.556641	1372.955444
633.34375	1333.739014
637.128906	1334.309204
640.912109	1374.716675
644.693359	1390.984497
648.474609	1391.578613
652.253906	1404.597046
656.03125	1374.449829
659.806641	1399.90625
663.580078	1397.884521
667.353516	1418.131592
671.123047	1390.55835
674.892578	1417.374634
678.660156	1427.816772
682.425781	1402.835571
686.191406	1402.120483
689.953125	1408.62793
693.714844	1428.937378
697.474609	1399.968872
701.232422	1406.482666
704.988281	1420.237549
708.744141	1478.09668
712.498047	1456.340332
716.248047	1476.060791
719.998047	1503.045898
723.748047	1489.841064
727.494141	1466.732056
731.240234	1524.756104
734.982422	1527.383789
738.724609	1448.79126
742.464844	1498.292358
746.205078	1551.800415
749.941406	1516.09375
753.677734	1490.278198
757.412109	1545.834961
761.144531	1518.023315
764.875	1558.405029
768.605469	1540.513062
772.332031	1525.256836
776.058594	1631.343384
779.783203	1624.072998
783.505859	1658.609741
787.228516	1652.007813
790.947266	1594.915283
794.666016	1568.343262
798.382813	1545.737427
802.097656	1590.953735
805.8125	1596.283936
809.523438	1599.621338
813.234375	1600.963135
816.943359	1630.28772
820.650391	1620.978394
824.357422	1633.665161
828.060547	1631.019409
831.763672	1619.695068
835.464844	1633.063721
839.164063	1631.748779
842.861328	1637.11438
846.558594	1641.146973
850.253906	1655.214233
853.947266	1674.645264
857.638672	1637.198608
861.328125	1630.522339
865.017578	1565.558594
868.705078	1614.470825
872.390625	1634.593872
876.074219	1605.768799
879.755859	1584.300293
883.4375	1624.574097
887.117188	1615.854858
890.794922	1629.971558
894.470703	1611.164063
898.146484	1654.204834
901.818359	1605.118164
905.490234	1603.10022
909.160156	1616.565796
912.830078	1605.120117
916.496094	1611.18457
920.162109	1652.308716
923.826172	1603.769287
927.488281	1611.863525
931.148438	1608.48938
934.808594	1642.927002
938.466797	1676.041992
942.123047	1592.264893
945.777344	1628.766113
949.429688	1606.450562
953.082031	1650.430908
956.732422	1621.335083
960.380859	1610.500366
964.027344	1674.184692
967.673828	1624.726563
971.318359	1641.002197
974.960938	1645.758545
978.601563	1653.911865
982.240234	1657.997681
985.878906	1621.332397
989.515625	1638.997559
993.150391	1666.874023
996.783203	1697.493652
1000.416016	1754.672852
1004.044922	1788.076416
1007.673828	1673.743896
1011.302734	1668.310913
1014.927734	1653.332031
1018.552734	1647.885132
1022.175781	1675.854858
1025.796875	1641.75293
1029.416016	1715.479492
1033.035156	1674.535522
1036.650391	1731.255981
1040.265625	1698.485474
1043.880859	1693.722046
1047.492188	1665.012085
1051.103516	1670.495117
1054.712891	1733.491455
1058.320313	1737.636841
1061.925781	1669.153687
1065.53125	1689.72644
1069.134766	1715.802124
1072.736328	1763.852783
1076.335938	1774.194092
1079.935547	1724.120361
1083.533203	1742.008911
1087.128906	1759.224609
1090.722656	1731.0802
1094.316406	1770.313232
1097.90625	1777.239868
1101.496094	1761.456665
1105.085938	1775.27063
1108.671875	1765.672729
1112.257813	1760.201538
1115.841797	1752.65686
1119.423828	1752.692993
1123.003906	1787.921143
1126.583984	1763.809204
1130.162109	1765.229736
1133.738281	1751.450928
1137.314453	1706.556641
1140.886719	1697.581665
1144.458984	1724.570679
1148.029297	1738.432495
1151.599609	1716.996094
1155.166016	1774.50061
1158.732422	1759.989624
1162.296875	1750.318481
1165.861328	1735.091064
1169.421875	1771.883179
1172.982422	1842.713867
1176.541016	1820.560913
1180.097656	1754.627686
1183.654297	1791.486694
1187.208984	1755.379761
1190.761719	1808.960205
1194.3125	1835.449341
1197.863281	1795.138062
1201.412109	1839.050903
1204.958984	1880.213013
1208.503906	1903.288574
1212.048828	1933.354614
1215.591797	1947.402588
1219.132813	1890.98584
1222.671875	1965.758789
1226.210938	1991.708008
1229.748047	1999.513306
1233.283203	1996.141602
1236.816406	2020.036011
1240.349609	2025.062988
1243.880859	1991.605103
1247.410156	2037.927979
1250.939453	2054.172852
1254.464844	2051.512695
1257.990234	2060.765869
1261.513672	2021.641357
1265.037109	2058.247803
1268.558594	2046.459473
1272.078125	2017.108643
1275.595703	2053.054443
1279.111328	2061.625
1282.626953	2045.598877
1286.140625	2066.830811
1289.652344	2116.220703
1293.164063	2079.784912
1296.673828	2084.86084
1300.181641	2176.581055
1303.6875	2162.673096
1307.193359	2181.886963
1310.697266	2251.189453
1314.199219	2197.077148
1317.699219	2212.092041
1321.199219	2220.057373
1324.697266	2243.56958
1328.193359	2288.301514
1331.689453	2258.835449
1335.181641	2279.561523
1338.673828	2241.575928
1342.166016	2238.951416
1345.654297	2257.568604
1349.142578	2154.349609
1352.628906	2156.645508
1356.115234	2132.000488
1359.597656	2198.834473
1363.080078	2155.736084
1366.5625	2153.774902
1370.041016	2156.782715
1373.519531	2077.379395
1376.996094	2093.861572
1380.470703	2113.911865
1383.945313	2093.432373
1387.417969	2082.898438
1390.888672	2130.731445
1394.357422	2142.281006
1397.826172	2156.689209
1401.292969	2119.076172
1404.757813	2132.059326
1408.222656	2135.065674
1411.683594	2133.078613
1415.144531	2161.074219
1418.605469	2121.955322
1422.0625	2150.682617
1425.519531	2185.866211
1428.976563	2136.696533
1432.429688	2193.363281
1435.882813	2216.438721
1439.333984	2240.964111
1442.783203	2305.619141
1446.232422	2368.892822
1449.679688	2357.666504
1453.125	2319.896973
1456.570313	2317.249512
1460.011719	2323.211914
1463.453125	2324.152344
1466.894531	2229.561035
1470.332031	2236.21167
1473.769531	2278.810791
1477.207031	2232.987061
1480.640625	2224.537354
1484.074219	2244.149902
1487.505859	2175.933838
1490.935547	2201.304199
1494.365234	2191.384277
1497.792969	2152.619629
1501.21875	2149.883057
1504.644531	2085.817139
1508.066406	2107.590576
1511.490234	2100.498291
1514.910156	2107.124756
1518.330078	2107.251953
1521.748047	2083.521729
1525.164063	2114.737549
1528.580078	2064.943115
1531.992188	2122.956787
1535.40625	2145.5354
1538.816406	2142.777588
1542.226563	2147.98877
1545.634766	2120.579102
1549.041016	2204.8396
1552.447266	2275.381348
1555.851563	2209.517822
1559.253906	2216.21582
1562.65625	2240.353271
1566.056641	2308.11377
1569.455078	2385.379395
1572.851563	2322.333984
1576.248047	2346.550537
1579.642578	2367.874512
1583.035156	2277.072754
1586.427734	2333.352295
1589.818359	2298.578613
1593.207031	2297.313721
1596.595703	2263.955322
1599.982422	2259.755859
1603.367188	2302.269531
1606.751953	2344.086426
1610.132813	2274.894531
1613.513672	2334.272705
1616.894531	2360.066162
1620.273438	2333.949219
1623.650391	2330.493652
1627.025391	2270.670654
1630.400391	2254.737061
1633.773438	2298.862061
1637.144531	2283.658691
1640.513672	2308.033691
1643.882813	2328.0271
1647.251953	2376.652588
1650.617188	2377.602539
1653.982422	2387.365234
1657.345703	2405.950439
1660.707031	2409.116455
1664.068359	2403.46167
1667.427734	2346.315186
1670.787109	2384.042725
1674.142578	2424.744385
1677.498047	2343.234863
1680.853516	2333.855957
1684.205078	2317.835938
1687.556641	2281.158691
1690.90625	2290.919189
1694.255859	2252.725098
1697.603516	2193.831299
1700.949219	2190.274658
1704.294922	2208.138428
1707.638672	2169.848389
1710.980469	2150.75
1714.320313	2163.440186
1717.660156	2139.143555
1720.998047	2161.461182
1724.335938	2131.219238
1727.669922	2108.360596
1731.003906	2106.234619
1734.337891	2091.502197
1737.669922	2070.08252
1741	2089.454834
1744.328125	2063.5625
1747.65625	2135.670166
1750.982422	2110.517334
1754.306641	2118.043701
1757.630859	2105.501953
1760.953125	2107.824951
1764.273438	2089.315674
1767.59375	2105.775635
1770.912109	2110.333984
1774.228516	2126.814453
1777.544922	2112.752441
1780.859375	2097.933594
1784.171875	2144.260254
1787.484375	2136.156006
1790.792969	2107.891602
1794.103516	2108.726074
1797.410156	2118.524658
1800.716797	2138.045898
1804.023438	2120.949219
1807.326172	2070.183105
1810.628906	2060.5271
1813.929688	2104.005615
1817.230469	2099.595703
1820.529297	2157.355713
1823.826172	2114.744141
1827.123047	2161.30957
1830.417969	2148.663574
1833.710938	2132.255615
1837.001953	2159.366943
1840.292969	2117.42041
1843.583984	2134.781006
1846.871094	2196.490723
1850.158203	2137.968994
1853.443359	2123.770996
1856.728516	2141.911865
1860.011719	2092.329346
1863.292969	2127.035889
1866.574219	2161.015869
1869.853516	2145.289307
1873.130859	2134.82666
1876.408203	2107.010498
1879.683594	2082.189453
1882.957031	2140.366943
1886.230469	2124.598633
1889.501953	2137.519287
1892.771484	2173.873047
1896.041016	2151.294678
1899.308594	2174.070068
1902.574219	2177.193604
1905.839844	2137.182129
1909.103516	2175.118896
1912.365234	2144.920166
1915.626953	2198.800049
1918.886719	2199.663086
1922.146484	2143.655273
1925.402344	2143.737793
1928.658203	2163.550293
1931.914063	2161.362061
1935.167969	2156.133545
1938.419922	2146.342041
1941.669922	2164.664551
1944.919922	2183.000977
1948.167969	2124.524414
1951.416016	2181.667236
1954.662109	2184.043945
1957.90625	2116.358887
1961.150391	2146.137451
1964.392578	2160.695801
1967.632813	2188.989014
1970.873047	2173.827393
1974.111328	2216.644775
1977.347656	2141.940186
1980.583984	2156.522705
1983.818359	2152.781738
1987.050781	2140.630371
1990.283203	2161.344482
1993.513672	2177.484863
1996.744141	2175.274414
1999.970703	2191.431885
2003.199219	2170.080566
2006.423828	2192.375977
2009.648438	2144.186035
2012.871094	2174.153809
2016.09375	2212.580566
2019.314453	2149.763184
2022.533203	2209.700195
2025.751953	2158.348877
2028.96875	2145.363281
2032.183594	2163.872314
2035.398438	2172.401855
2038.611328	2195.548828
2041.824219	2162.552979
2045.035156	2195.718262
2048.244141	2202.731445
2051.451172	2179.711182
2054.658203	2185.952148
2057.865234	2180.635254
2061.068359	2159.891357
2064.271484	2160.730225
2067.474609	2208.644043
2070.673828	2157.776611
2073.875	2177.149902
2077.072266	2189.583984
2080.269531	2205.118896
2083.464844	2204.427979
2086.660156	2217.658936
2089.853516	2166.673584
2093.044922	2156.676025
2096.236328	2200.104492
2099.425781	2165.320068
2102.613281	2157.633789
2105.800781	2204.212891
2108.986328	2144.568604
2112.169922	2195.057373
2115.353516	2199.787842
2118.535156	2229.370117
2121.716797	2177.40918
2124.896484	2207.781738
2128.074219	2200.861328
2131.251953	2168.270264
2134.427734	2215.789307
2137.603516	2188.625977
2140.777344	2167.67041
2143.949219	2173.180908
2147.119141	2197.396729
2150.289063	2184.993164
2153.458984	2213.130371
2156.625	2146.893799
2159.791016	2170.354248
2162.957031	2207.885254
2166.121094	2196.240234
2169.283203	2182.241943
2172.445313	2161.979004
2175.603516	2217.547119
2178.763672	2236.392578
2181.921875	2170.739014
2185.078125	2205.236572
2188.232422	2162.22998
2191.386719	2211.635254
2194.539063	2181.920654
2197.691406	2207.065186
2200.841797	2201.639404
2203.990234	2185.223877
2207.138672	2184.494141
2210.285156	2184.54834
2213.429688	2189.315674
2216.574219	2181.512451
2219.71875	2198.859375
2222.859375	2223.297363
2226	2200.548096
2229.140625	2190.374023
2232.279297	2226.645752
2235.416016	2160.548828
2238.550781	2189.744141
2241.685547	2170.088867
2244.820313	2210.349121
2247.951172	2204.096436
2251.082031	2222.302979
2254.212891	2167.101807
2257.341797	2206.630615
2260.46875	2191.674072
2263.595703	2220.176514
2266.720703	2229.723633
2269.84375	2225.831055
2272.966797	2203.735352
2276.087891	2208.536133
2279.208984	2233.137451
2282.328125	2256.964844
2285.445313	2204.72998
2288.5625	2219.050049
2291.677734	2210.380615
2294.792969	2199.32373
2297.90625	2228.737061
2301.017578	2261.348389
2304.128906	2247.119385
2307.238281	2180.434326
2310.345703	2193.984863
2313.453125	2217.088135
2316.558594	2215.546875
2319.664063	2241.062256
2322.767578	2200.517334
2325.871094	2337.546875
2328.972656	2289.835938
2332.072266	2289.114014
2335.169922	2272.444092
2338.267578	2235.021729
2341.365234	2191.984863
2344.460938	2184.836426
2347.554688	2192.055908
2350.648438	2204.872803
2353.740234	2264.849609
2356.830078	2252.119629
2359.919922	2239.379395
2363.007813	2292.235596
2366.095703	2205.864258
2369.181641	2206.701904
2372.265625	2242.783447
2375.349609	2234.820557
2378.431641	2242.883301
2381.513672	2237.319092
2384.59375	2263.838379
2387.673828	2225.373779
2390.75	2275.189453
2393.828125	2215.817627
2396.902344	2258.435547
2399.976563	2288.225586
2403.050781	2232.809814
2406.123047	2227.220703
2409.193359	2232.087158
2412.262695	2257.080566
2415.331055	2190.293457
2418.398438	2262.01123
2421.464844	2230.632324
2424.530273	2262.916504
2427.59375	2270.223877
2430.65625	2268.661621
2433.717773	2276.782715
2436.77832	2302.671875
2439.837891	2263.9646
2442.895508	2189.675781
2445.953125	2251.933594
2449.008789	2325.55835
2452.063477	2310.257568
2455.117188	2248.819336
2458.168945	2285.286377
2461.220703	2252.945313
2464.270508	2299.162109
2467.319336	2302.459961
2470.367188	2253.87207
2473.413086	2264.453857
2476.458984	2277.477051
2479.50293	2309.177734
2482.545898	2287.311768
2485.587891	2288.985107
2488.628906	2293.90918
2491.668945	2302.900879
2494.707031	2294.822021
2497.745117	2295.684814
2500.78125	2333.982666
2503.816406	2272.987549
2506.850586	2253.481201
2509.882813	2310.543457
2512.915039	2304.075928
2515.945313	2298.418213
2518.974609	2302.543457
2522.00293	2297.696045
2525.030273	2341.819336
2528.056641	2305.135986
2531.081055	2317.436523
2534.105469	2334.648682
2537.12793	2310.182129
2540.149414	2275.06543
2543.169922	2286.552979
2546.188477	2352.062256
2549.207031	2304.639893
2552.223633	2303.864502
2555.239258	2384.200195
2558.254883	2317.883545
2561.267578	2328.5896
2564.280273	2326.179688
2567.291992	2369.717529
2570.301758	2333.665283
2573.311523	2313.187256
2576.319336	2372.375244
2579.326172	2372.439697
2582.332031	2382.368408
2585.335938	2380.790771
2588.339844	2328.204834
2591.341797	2365.2854
2594.34375	2330.765869
2597.34375	2357.166992
2600.342773	2395.946045
2603.34082	2342.440674
2606.336914	2358.979736
2609.333008	2359.858887
2612.327148	2345.885254
2615.320313	2383.078857
2618.313477	2355.890381
2621.304688	2331.985352
2624.293945	2396.484131
2627.283203	2361.001709
2630.271484	2349.475098
2633.257813	2369.376709
2636.243164	2353.705566
2639.227539	2403.427246
2642.210938	2407.633301
2645.193359	2386.986084
2648.174805	2364.665283
2651.155273	2406.171387
2654.133789	2397.111328
2657.112305	2404.638916
2660.088867	2430.433105
2663.064453	2475.344727
2666.039063	2404.823975
2669.012695	2413.19458
2671.984375	2419.908203
2674.956055	2396.688477
2677.925781	2398.408447
2680.895508	2415.109131
2683.863281	2435.151611
2686.830078	2407.736572
2689.795898	2455.28418
2692.760742	2403.685059
2695.723633	2444.594971
2698.686523	2404.629395
2701.647461	2432.21875
2704.608398	2453.150391
2707.567383	2430.677246
2710.525391	2424.892822
2713.482422	2447.514648
2716.438477	2528.666992
2719.392578	2499.496338
2722.34668	2487.87085
2725.299805	2480.42041
2728.250977	2472.126953
2731.201172	2509.887207
2734.150391	2514.163818
2737.098633	2472.348389
2740.045898	2478.290039
2742.992188	2470.816162
2745.9375	2543.042236
2748.881836	2508.727295
2751.824219	2528.122803
2754.765625	2515.614502
2757.707031	2501.415771
2760.646484	2467.032715
2763.584961	2529.323242
2766.522461	2493.241699
2769.458984	2540.439941
2772.393555	2465.612061
2775.328125	2478.307617
2778.261719	2509.544922
2781.193359	2506.25293
2784.124023	2484.411133
2787.054688	2507.25
2789.983398	2476.111328
2792.911133	2475.332031
2795.837891	2433.182129
2798.762695	2484.749023
2801.6875	2467.917236
2804.611328	2484.880615
2807.533203	2522.993408
2810.455078	2524.763428
2813.375	2583.224609
2816.293945	2521.53418
2819.211914	2578.342529
2822.129883	2500.509766
2825.045898	2495.49292
2827.959961	2565.067383
2830.874023	2581.269043
2833.787109	2610.206543
2836.698242	2612.857666
2839.609375	2659.653809
2842.518555	2799.049316
2845.427734	2843.397705
2848.334961	2931.969971
2851.241211	2931.339844
2854.146484	2991.091797
2857.050781	3012.601563
2859.954102	3096.255859
2862.856445	3195.29541
2865.757813	3285.889648
2868.657227	3396.997314
2871.556641	3520.118164
2874.454102	3581.937744
2877.351563	3680.478271
2880.24707	3629.769287
2883.141602	3632.797607
2886.036133	3675.105713
2888.928711	3734.527588
2891.820313	3781.174316
2894.710938	3815.886719
2897.599609	3823.259766
2900.488281	3852.022949
2903.375977	3890.219482
2906.262695	3892.488281
2909.147461	4030.92041
2912.032227	4062.367432
2914.915039	4275.518066
2917.797852	4365.371094
2920.678711	4436.420898
2923.558594	4465.483398
2926.4375	4533.186035
2929.31543	4608.663574
2932.192383	4677.324219
2935.068359	4698.779297
2937.943359	4705.638184
2940.817383	4644.577148
2943.69043	4459.616699
2946.561523	4327.006348
2949.432617	4260.574707
2952.301758	4165.679688
2955.170898	4044.013672
2958.038086	3951.554932
2960.905273	3955.568848
2963.770508	3918.195313
2966.634766	3801.435547
2969.499023	3794.179199
2972.361328	3723.9021
2975.222656	3700.203857
2978.083008	3639.342773
2980.942383	3549.055664
2983.800781	3454.380615
2986.657227	3412.387207
2989.513672	3339.219971
2992.369141	3250.422119
2995.223633	3190.12793
2998.076172	3186.946533
3000.928711	3002.699463
3003.779297	2911.049561
3006.629883	2906.02832
3009.478516	2809.072754
3012.327148	2821.361328
3015.173828	2765.095215
3018.019531	2689.687256
3020.865234	2702.812988
3023.708984	2636.884521
3026.551758	2649.130371
3029.393555	2624.867432
3032.234375	2668.427979
3035.074219	2603.26001
3037.913086	2687.750977
3040.750977	2623.412598
3043.587891	2653.967529
3046.423828	2658.404297
3049.258789	2626.234863
3052.091797	2652.462158
3054.924805	2672.601807
3057.756836	2711.07959
3060.586914	2703.321045
3063.416992	2730.484619
3066.246094	2720.105713
3069.073242	2727.195557
3071.900391	2645.12793
3074.725586	2641.701416
3077.550781	2613.778564
3080.374023	2607.711914
3083.196289	2587.634033
3086.018555	2583.303955
3088.838867	2575.466064
3091.658203	2590.40625
3094.477539	2533.472656
3097.294922	2577.346924
3100.111328	2537.912109
3102.926758	2587.083252
3105.741211	2566.058105
3108.554688	2545.895752
3111.367188	2563.494385
3114.178711	2593.408447
3116.990234	2564.440918
3119.799805	2527.537354
3122.607422	2619.052246
3125.415039	2566.299316
3128.22168	2604.188232
3131.027344	2551.391113
3133.832031	2542.606934
3136.635742	2533.815674
3139.438477	2616.708252
3142.240234	2515.330811
3145.041016	2521.517578
3147.839844	2493.287354
3150.638672	2516.244385
3153.436523	2502.122314
3156.233398	2533.932861
3159.02832	2502.129395
3161.823242	2520.698975
3164.617188	2533.090088
3167.410156	2526.90918
3170.201172	2495.055908
3172.992188	2496.824463
3175.782227	2547.308105
3178.570313	2561.499756
3181.358398	2539.361084
3184.144531	2534.938965
3186.930664	2529.626465
3189.71582	2526.083984
3192.499023	2527.864014
3195.282227	2526.093262
3198.063477	2533.202881
3200.844727	2504.779785
