399.333984	1224.790405
403.220703	1232.952515
407.103516	1229.034668
410.986328	1188.836792
414.867188	1196.99292
418.748047	1173.306885
422.625	1158.521606
426.501953	1202.375488
430.375	1186.313599
434.248047	1195.122559
438.119141	1179.042847
441.988281	1177.637451
445.855469	1194.758911
449.722656	1192.719116
453.585938	1158.704224
457.449219	1199.508911
461.310547	1191.707397
465.169922	1165.330322
469.027344	1176.08313
472.882813	1178.513794
476.736328	1182.228516
480.589844	1159.648682
484.441406	1197.366577
488.289063	1182.476563
492.136719	1195.831421
495.984375	1204.057495
499.828125	1184.00769
503.669922	1177.44458
507.511719	1204.329102
511.351563	1177.172607
515.189453	1157.075317
519.025391	1232.297485
522.859375	1214.783691
526.691406	1229.490601
530.523438	1193.899658
534.351563	1195.058716
538.179688	1198.800659
542.005859	1188.337158
545.830078	1201.770386
549.654297	1199.055054
553.474609	1186.637085
557.294922	1195.557251
561.113281	1191.540283
564.927734	1164.856812
568.744141	1151.753662
572.556641	1184.650879
576.367188	1159.22583
580.177734	1166.858032
583.986328	1168.007324
587.792969	1146.436401
591.597656	1157.968506
595.400391	1155.216187
599.201172	1151.811157
603.001953	1158.157227
606.800781	1122.872192
610.597656	1141.576538
614.392578	1162.25
618.185547	1171.866943
621.976563	1197.783813
625.767578	1157.2229
629.556641	1182.502686
633.34375	1183.660767
637.128906	1183.513916
640.912109	1203.611816
644.693359	1202.819336
648.474609	1158.88623
652.253906	1234.580688
656.03125	1197.164795
659.806641	1174.114868
663.580078	1218.483887
667.353516	1196.732788
671.123047	1209.038696
674.892578	1199.720337
678.660156	1224.498779
682.425781	1223.052124
686.191406	1239.327393
689.953125	1241.168701
693.714844	1226.58667
697.474609	1241.568604
701.232422	1239.466919
704.988281	1217.628418
708.744141	1255.000122
712.498047	1249.608398
716.248047	1256.067749
719.998047	1289.548828
723.748047	1294.711426
727.494141	1306.473022
731.240234	1272.71936
734.982422	1289.761475
738.724609	1262.574707
742.464844	1327.19104
746.205078	1301.979004
749.941406	1313.771606
753.677734	1328.880981
757.412109	1299.666016
761.144531	1303.527222
764.875	1337.194946
768.605469	1356.314087
772.332031	1329.048218
776.058594	1374.7052
779.783203	1354.721069
783.505859	1365.91394
787.228516	1343.252319
790.947266	1369.062988
794.666016	1339.072754
798.382813	1374.210449
802.097656	1359.493896
805.8125	1364.726318
809.523438	1365.303101
813.234375	1362.550171
816.943359	1404.432617
820.650391	1402.359619
824.357422	1388.948853
828.060547	1398.207153
831.763672	1384.115234
835.464844	1372.013916
839.164063	1381.943604
842.861328	1365.152954
846.558594	1393.805054
850.253906	1414.455811
853.947266	1434.454468
857.638672	1412.970581
861.328125	1397.494873
865.017578	1394.733887
868.705078	1389.959595
872.390625	1348.975708
876.074219	1375.031738
879.755859	1337.361572
883.4375	1386.258423
887.117188	1368.036743
890.794922	1371.299316
894.470703	1361.793213
898.146484	1369.762207
901.818359	1381.773926
905.490234	1394.468384
909.160156	1370.142212
912.830078	1374.758789
916.496094	1365.227905
920.162109	1381.305908
923.826172	1357.606201
927.488281	1355.476685
931.148438	1364.819824
934.808594	1398.47998
938.466797	1379.475098
942.123047	1396.273071
945.777344	1338.035767
949.429688	1338.596069
953.082031	1338.479736
956.732422	1345.13269
960.380859	1349.081909
964.027344	1376.747559
967.673828	1373.256592
971.318359	1360.946899
974.960938	1379.153809
978.601563	1381.087646
982.240234	1387.096313
985.878906	1390.3927
989.515625	1393.012085
993.150391	1384.076538
996.783203	1376.493286
1000.416016	1470.95874
1004.044922	1467.488647
1007.673828	1391.154907
1011.302734	1416.259033
1014.927734	1415.486572
1018.552734	1368.35144
1022.175781	1360.05481
1025.796875	1370.174438
1029.416016	1415.116943
1033.035156	1386.340576
1036.650391	1371.887085
1040.265625	1376.559204
1043.880859	1376.448364
1047.492188	1411.908325
1051.103516	1403.599121
1054.712891	1384.328491
1058.320313	1390.383423
1061.925781	1416.999146
1065.53125	1436.781616
1069.134766	1413.376587
1072.736328	1433.859375
1076.335938	1435.141235
1079.935547	1442.603271
1083.533203	1441.141357
1087.128906	1443.801147
1090.722656	1472.586914
1094.316406	1444.311523
1097.90625	1471.056519
1101.496094	1433.119507
1105.085938	1444.042847
1108.671875	1439.81897
1112.257813	1472.118408
1115.841797	1453.422852
1119.423828	1427.123901
1123.003906	1456.006836
1126.583984	1475.248535
1130.162109	1428.896851
1133.738281	1397.015381
1137.314453	1450.815063
1140.886719	1389.181885
1144.458984	1386.297485
1148.029297	1395.175171
1151.599609	1425.522217
1155.166016	1440.65625
1158.732422	1430.164795
1162.296875	1437.687378
1165.861328	1414.702515
1169.421875	1477.725586
1172.982422	1531.083496
1176.541016	1451.866089
1180.097656	1469.830566
1183.654297	1453.063843
1187.208984	1425.85498
1190.761719	1463.303467
1194.3125	1458.340332
1197.863281	1483.303223
1201.412109	1516.642578
1204.958984	1515.873779
1208.503906	1546.465454
1212.048828	1552.679688
1215.591797	1576.335938
1219.132813	1528.837646
1222.671875	1595.084839
1226.210938	1611.802979
1229.748047	1625.739868
1233.283203	1613.827393
1236.816406	1627.775635
1240.349609	1629.143921
1243.880859	1641.709595
1247.410156	1631.882568
1250.939453	1673.173828
1254.464844	1666.153442
1257.990234	1611.462769
1261.513672	1644.380493
1265.037109	1601.561035
1268.558594	1625.377319
1272.078125	1616.916504
1275.595703	1619.686401
1279.111328	1650.564819
1282.626953	1626.637695
1286.140625	1652.620728
1289.652344	1648.372803
1293.164063	1750.397583
1296.673828	1695.489624
1300.181641	1681.391235
1303.6875	1714.494507
1307.193359	1735.640015
1310.697266	1769.49707
1314.199219	1761.753906
1317.699219	1756.121582
1321.199219	1760.369873
1324.697266	1795.703369
1328.193359	1746.260986
1331.689453	1773.839844
1335.181641	1821.244507
1338.673828	1761.844604
1342.166016	1800.787964
1345.654297	1739.205811
1349.142578	1754.083984
1352.628906	1715.81958
1356.115234	1756.932861
1359.597656	1737.079224
1363.080078	1671.085693
1366.5625	1725.007568
1370.041016	1694.462769
1373.519531	1688.758789
1376.996094	1717.876221
1380.470703	1688.712036
1383.945313	1717.140991
1387.417969	1702.184082
1390.888672	1719.96228
1394.357422	1722.086182
1397.826172	1707.824219
1401.292969	1702.103516
1404.757813	1666.429077
1408.222656	1701.347046
1411.683594	1710.601929
1415.144531	1700.587646
1418.605469	1674.137695
1422.0625	1722.689697
1425.519531	1764.132568
1428.976563	1751.976807
1432.429688	1716.918335
1435.882813	1781.30957
1439.333984	1773.440308
1442.783203	1810.688232
1446.232422	1873.761353
1449.679688	1892.441406
1453.125	1905.39917
1456.570313	1850.930054
1460.011719	1885.411621
1463.453125	1869.661011
1466.894531	1843.841187
1470.332031	1777.041016
1473.769531	1820.173096
1477.207031	1782.074707
1480.640625	1759.053589
1484.074219	1805.828125
1487.505859	1741.035156
1490.935547	1696.358398
1494.365234	1739.559937
1497.792969	1681.869263
1501.21875	1657.306641
1504.644531	1727.238403
1508.066406	1694.733765
1511.490234	1699.750122
1514.910156	1652.760132
1518.330078	1695.340576
1521.748047	1687.348877
1525.164063	1682.243286
1528.580078	1711.138916
1531.992188	1718.342773
1535.40625	1751.619995
1538.816406	1696.546753
1542.226563	1723.318848
1545.634766	1735.612427
1549.041016	1738.486938
1552.447266	1791.42749
1555.851563	1795.777588
1559.253906	1822.641357
1562.65625	1860.422974
1566.056641	1813.206421
1569.455078	1832.110962
1572.851563	1839.393188
1576.248047	1843.770264
1579.642578	1851.062134
1583.035156	1856.174683
1586.427734	1837.250732
1589.818359	1821.955078
1593.207031	1783.316284
1596.595703	1872.285278
1599.982422	1838.74231
1603.367188	1830.720337
1606.751953	1856.282715
1610.132813	1816.116699
1613.513672	1857.771118
1616.894531	1821.959351
1620.273438	1834.391968
1623.650391	1857.077881
1627.025391	1844.645508
1630.400391	1857.833008
1633.773438	1807.29541
1637.144531	1871.046387
1640.513672	1862.996826
1643.882813	1868.876221
1647.251953	1877.694946
1650.617188	1864.498535
1653.982422	1902.695557
1657.345703	1963.696411
1660.707031	1946.842529
1664.068359	1974.823608
1667.427734	1919.712524
1670.787109	1915.328247
1674.142578	1874.134521
1677.498047	1885.928467
1680.853516	1876.367065
1684.205078	1865.32373
1687.556641	1840.262573
1690.90625	1829.932617
1694.255859	1823.283325
1697.603516	1788.577881
1700.949219	1802.582764
1704.294922	1784.831909
1707.638672	1787.759888
1710.980469	1785.514282
1714.320313	1740.367554
1717.660156	1724.041748
1720.998047	1701.78064
1724.335938	1721.711182
1727.669922	1744.620361
1731.003906	1764.582886
1734.337891	1745.266357
1737.669922	1697.007813
1741	1718.458008
1744.328125	1694.645142
1747.65625	1753.982178
1750.982422	1732.392334
1754.306641	1730.850464
1757.630859	1718.155029
1760.953125	1737.430908
1764.273438	1694.220703
1767.59375	1754.440918
1770.912109	1727.584595
1774.228516	1693.25708
1777.544922	1727.463989
1780.859375	1726.657471
1784.171875	1717.64563
1787.484375	1707.134155
1790.792969	1733.188354
1794.103516	1734.621216
1797.410156	1725.59668
1800.716797	1721.795654
1804.023438	1770.323486
1807.326172	1740.359863
1810.628906	1741.796265
1813.929688	1737.245483
1817.230469	1761.144531
1820.529297	1764.087646
1823.826172	1736.308228
1827.123047	1745.240479
1830.417969	1748.929565
1833.710938	1699.352295
1837.001953	1748.059082
1840.292969	1753.254028
1843.583984	1757.701538
1846.871094	1753.134766
1850.158203	1756.081299
1853.443359	1742.484863
1856.728516	1747.685791
1860.011719	1761.169312
1863.292969	1739.275269
1866.574219	1773.855713
1869.853516	1763.251465
1873.130859	1736.808105
1876.408203	1772.181274
1879.683594	1781.177246
1882.957031	1697.35022
1886.230469	1734.258423
1889.501953	1751.557251
1892.771484	1770.380493
1896.041016	1749.155273
1899.308594	1732.450195
1902.574219	1745.991333
1905.839844	1738.352539
1909.103516	1767.804688
1912.365234	1770.01355
1915.626953	1740.401001
1918.886719	1779.741211
1922.146484	1753.89978
1925.402344	1780.379517
1928.658203	1763.623657
1931.914063	1724.079102
1935.167969	1783.234131
1938.419922	1767.977905
1941.669922	1735.987915
1944.919922	1765.56189
1948.167969	1755.604126
1951.416016	1748.682007
1954.662109	1760.7854
1957.90625	1780.51355
1961.150391	1797.209106
1964.392578	1783.431396
1967.632813	1796.328125
1970.873047	1775.673706
1974.111328	1791.628784
1977.347656	1824.389526
1980.583984	1815.175171
1983.818359	1789.9104
1987.050781	1796.723389
1990.283203	1802.012207
1993.513672	1781.300415
1996.744141	1788.116821
1999.970703	1768.147949
2003.199219	1761.946289
2006.423828	1810.127319
2009.648438	1780.180176
2012.871094	1799.273193
2016.09375	1809.94458
2019.314453	1792.236572
2022.533203	1782.189575
2025.751953	1813.59668
2028.96875	1767.44751
2032.183594	1787.346191
2035.398438	1784.967041
2038.611328	1772.588501
2041.824219	1801.74292
2045.035156	1813.988037
2048.244141	1783.126953
2051.451172	1773.037231
2054.658203	1780.661133
2057.865234	1752.062134
2061.068359	1761.22522
2064.271484	1788.137451
2067.474609	1772.625854
2070.673828	1728.537354
2073.875	1760.873169
2077.072266	1766.964966
2080.269531	1803.204468
2083.464844	1814.729004
2086.660156	1782.171753
2089.853516	1744.946045
2093.044922	1815.29248
2096.236328	1774.952271
2099.425781	1801.205444
2102.613281	1777.87793
2105.800781	1817.332031
2108.986328	1774.60144
2112.169922	1786.151245
2115.353516	1825.653198
2118.535156	1806.946777
2121.716797	1794.439941
2124.896484	1793.579712
2128.074219	1813.708618
2131.251953	1795.744629
2134.427734	1796.438721
2137.603516	1772.226685
2140.777344	1800.162964
2143.949219	1756.459961
2147.119141	1772.722534
2150.289063	1767.950317
2153.458984	1794.366699
2156.625	1831.724854
2159.791016	1780.923584
2162.957031	1762.092407
2166.121094	1820.567627
2169.283203	1807.986938
2172.445313	1771.947388
2175.603516	1778.88562
2178.763672	1800.69104
2181.921875	1773.213501
2185.078125	1784.855957
2188.232422	1771.446777
2191.386719	1776.829224
2194.539063	1776.729126
2197.691406	1765.6521
2200.841797	1823.588013
2203.990234	1803.88855
2207.138672	1780.248779
2210.285156	1839.041138
2213.429688	1778.47522
2216.574219	1794.0896
2219.71875	1816.790894
2222.859375	1765.582764
2226	1773.341309
2229.140625	1792.911255
2232.279297	1829.030396
2235.416016	1821.855469
2238.550781	1738.24231
2241.685547	1768.862915
2244.820313	1779.003784
2247.951172	1836.484131
2251.082031	1816.669434
2254.212891	1779.470825
2257.341797	1839.385498
2260.46875	1780.043945
2263.595703	1799.694458
2266.720703	1793.267212
2269.84375	1763.10498
2272.966797	1820.752197
2276.087891	1853.112183
2279.208984	1798.388306
2282.328125	1806.997803
2285.445313	1806.895874
2288.5625	1851.19043
2291.677734	1809.069946
2294.792969	1789.925781
2297.90625	1749.336304
2301.017578	1831.787476
2304.128906	1815.011719
2307.238281	1762.464844
2310.345703	1767.906738
2313.453125	1818.680176
2316.558594	1758.11792
2319.664063	1809.721436
2322.767578	1800.857544
2325.871094	1862.07312
2328.972656	1886.684692
2332.072266	1923.270264
2335.169922	1841.875732
2338.267578	1786.741211
2341.365234	1777.047852
2344.460938	1814.44397
2347.554688	1798.36438
2350.648438	1816.623413
2353.740234	1802.929077
2356.830078	1840.390259
2359.919922	1817.896118
2363.007813	1793.784302
2366.095703	1831.283447
2369.181641	1813.56311
2372.265625	1809.445679
2375.349609	1747.631348
2378.431641	1830.057983
2381.513672	1871.649658
2384.59375	1817.809326
2387.673828	1779.175415
2390.75	1852.906616
2393.828125	1809.437134
2396.902344	1818.157227
2399.976563	1798.752808
2403.050781	1862.953003
2406.123047	1821.832764
2409.193359	1841.029419
2412.262695	1827.237183
2415.331055	1823.902344
2418.398438	1883.398315
2421.464844	1863.158203
2424.530273	1833.228394
2427.59375	1827.469727
2430.65625	1796.696045
2433.717773	1815.130859
2436.77832	1882.829956
2439.837891	1797.925537
2442.895508	1813.956421
2445.953125	1838.890381
2449.008789	1838.775879
2452.063477	1864.546021
2455.117188	1831.262329
2458.168945	1865.953003
2461.220703	1866.656616
2464.270508	1851.157593
2467.319336	1861.580566
2470.367188	1859.039063
2473.413086	1823.242188
2476.458984	1793.908691
2479.50293	1824.615601
2482.545898	1864.276978
2485.587891	1804.870361
2488.628906	1855.929321
2491.668945	1854.188843
2494.707031	1790.644165
2497.745117	1833.619263
2500.78125	1808.266846
2503.816406	1834.183716
2506.850586	1825.914307
2509.882813	1881.186401
2512.915039	1914.493896
2515.945313	1841.017578
2518.974609	1878.412231
2522.00293	1877.485229
2525.030273	1844.723389
2528.056641	1798.871704
2531.081055	1837.938721
2534.105469	1863.142822
2537.12793	1864.658691
2540.149414	1846.548462
2543.169922	1915.959473
2546.188477	1887.214966
2549.207031	1878.097168
2552.223633	1833.755005
2555.239258	1869.671753
2558.254883	1854.798584
2561.267578	1900.588379
2564.280273	1888.995605
2567.291992	1821.597168
2570.301758	1851.00769
2573.311523	1859.911011
2576.319336	1924.67981
2579.326172	1935.259888
2582.332031	1893.234863
2585.335938	1878.316406
2588.339844	1889.712524
2591.341797	1863.258911
2594.34375	1891.122925
2597.34375	1859.707642
2600.342773	1872.759766
2603.34082	1910.547974
2606.336914	1849.420288
2609.333008	1862.482056
2612.327148	1889.580444
2615.320313	1901.840576
2618.313477	1911.63208
2621.304688	1918.126099
2624.293945	1960.158691
2627.283203	1868.299683
2630.271484	1891.323364
2633.257813	1901.954346
2636.243164	1928.317139
2639.227539	1955.5271
2642.210938	1909.873535
2645.193359	1927.982178
2648.174805	1899.688965
2651.155273	1897.077881
2654.133789	1952.525879
2657.112305	1923.379272
2660.088867	1900.851074
2663.064453	1923.145996
2666.039063	1952.102417
2669.012695	1897.149902
2671.984375	1916.141724
2674.956055	1916.851807
2677.925781	1940.855591
2680.895508	1954.890137
2683.863281	1932.303223
2686.830078	1918.027466
2689.795898	1960.394775
2692.760742	1928.615479
2695.723633	1978.520996
2698.686523	1985.091309
2701.647461	1953.284546
2704.608398	1951.502563
2707.567383	1939.69873
2710.525391	1967.145264
2713.482422	1957.844604
2716.438477	1956.895752
2719.392578	2046.258789
2722.34668	1973.39856
2725.299805	2039.401001
2728.250977	1973.180786
2731.201172	1995.682739
2734.150391	1985.527588
2737.098633	2015.592529
2740.045898	1992.860352
2742.992188	1986.046387
2745.9375	1995.168091
2748.881836	2034.511597
2751.824219	2039.45874
2754.765625	2016.691284
2757.707031	2009.871216
2760.646484	2021.537842
2763.584961	2014.713623
2766.522461	2032.277954
2769.458984	2005.256104
2772.393555	2021.987183
2775.328125	1993.256592
2778.261719	1998.200806
2781.193359	2032.643555
2784.124023	1995.453491
2787.054688	1957.392334
2789.983398	2005.35498
2792.911133	2047.444702
2795.837891	2002.605225
2798.762695	2031.210571
2801.6875	2026.885864
2804.611328	2039.461548
2807.533203	1964.958618
2810.455078	1977.519897
2813.375	2013.781494
2816.293945	1978.121948
2819.211914	2019.489868
2822.129883	2042.252319
2825.045898	1941.315552
2827.959961	2023.402466
2830.874023	2030.92627
2833.787109	2102.925537
2836.698242	2096.056641
2839.609375	2167.282471
2842.518555	2251.29834
2845.427734	2243.625244
2848.334961	2402.515625
2851.241211	2468.004639
2854.146484	2529.28833
2857.050781	2497.881348
2859.954102	2547.304443
2862.856445	2589.95166
2865.757813	2648.812012
2868.657227	2733.275146
2871.556641	2874.052734
2874.454102	2881.920898
2877.351563	2914.529297
2880.24707	2975.318604
2883.141602	2949.087158
2886.036133	2908.320068
2888.928711	2926.461914
2891.820313	3030.920898
2894.710938	3023.474854
2897.599609	3043.386475
2900.488281	3103.517578
2903.375977	3077.260986
2906.262695	3131.454346
2909.147461	3231.073486
2912.032227	3341.044434
2914.915039	3286.552734
2917.797852	3426.627686
2920.678711	3493.906738
2923.558594	3576.67627
2926.4375	3627.750244
2929.31543	3707.192627
2932.192383	3695.653076
2935.068359	3684.963379
2937.943359	3640.745605
2940.817383	3569.841553
2943.69043	3489.424316
2946.561523	3413.25
2949.432617	3306.033691
2952.301758	3234.902588
2955.170898	3098.25708
2958.038086	3145.906494
2960.905273	3080.671631
2963.770508	3061.952393
2966.634766	3003.539551
2969.499023	2979.599854
2972.361328	2899.533447
2975.222656	2924.758545
2978.083008	2857.570801
2980.942383	2817.122314
2983.800781	2709.216309
2986.657227	2632.363525
2989.513672	2656.669678
2992.369141	2565.89502
2995.223633	2514.01123
2998.076172	2438.707031
3000.928711	2420.525635
3003.779297	2348.598877
3006.629883	2291.358154
3009.478516	2265.297363
3012.327148	2231.408936
3015.173828	2246.097412
3018.019531	2178.316895
3020.865234	2133.068359
3023.708984	2135.572266
3026.551758	2077.238037
3029.393555	2091.025635
3032.234375	2127.436279
3035.074219	2108.188232
3037.913086	2100.240479
3040.750977	2060.071045
3043.587891	2100.005127
3046.423828	2123.412354
3049.258789	2121.55835
3052.091797	2116.214844
3054.924805	2137.034912
3057.756836	2143.907959
3060.586914	2169.989258
3063.416992	2203.947266
3066.246094	2153.19873
3069.073242	2165.328613
3071.900391	2128.515137
3074.725586	2103.916992
3077.550781	2072.302979
3080.374023	2094.920166
3083.196289	2044.89624
3086.018555	2026.361084
3088.838867	2090.157227
3091.658203	2062.86084
3094.477539	2012.752075
3097.294922	2033.639771
3100.111328	2032.610474
3102.926758	2029.824829
3105.741211	2080.587646
3108.554688	2072.547119
3111.367188	2036.387817
3114.178711	2063.477783
3116.990234	2036.079956
3119.799805	2021.854004
3122.607422	2060.403076
3125.415039	2045.294678
3128.22168	2058.347412
3131.027344	2081.09668
3133.832031	2050.119873
3136.635742	2052.611084
3139.438477	2018.074585
3142.240234	2049.659668
3145.041016	2017.743408
3147.839844	2022.872437
3150.638672	2003.283569
3153.436523	2008.410278
3156.233398	2025.025757
3159.02832	2050.490967
3161.823242	2035.303101
3164.617188	2012.143799
3167.410156	2070.366699
3170.201172	2009.143921
3172.992188	2032.87561
3175.782227	2044.223633
3178.570313	2068.869629
3181.358398	2023.511719
3184.144531	2075.653076
3186.930664	2016.073242
3189.71582	1991.941895
3192.499023	2005.072021
3195.282227	2026.202026
3198.063477	1999.38269
3200.844727	1981.618286
