399.333984	1152.968262
403.220703	1100.691528
407.103516	1125.978882
410.986328	1116.921143
414.867188	1126.319336
418.748047	1133.814453
422.625	1140.04126
426.501953	1082.520508
430.375	1119.982056
434.248047	1112.810303
438.119141	1074.990967
441.988281	1074.817749
445.855469	1109.784058
449.722656	1101.954834
453.585938	1110.744629
457.449219	1126.578735
461.310547	1100.185303
465.169922	1108.344482
469.027344	1103.698853
472.882813	1091.999756
476.736328	1100.164917
480.589844	1073.059937
484.441406	1081.86499
488.289063	1111.861816
492.136719	1102.70813
495.984375	1080.696167
499.828125	1081.162354
503.669922	1092.560547
507.511719	1112.331665
511.351563	1081.273926
515.189453	1081.739868
519.025391	1104.107666
522.859375	1131.005493
526.691406	1109.571777
530.523438	1133.269409
534.351563	1145.372192
538.179688	1153.611694
542.005859	1094.69104
545.830078	1107.437866
549.654297	1098.21814
553.474609	1087.050049
557.294922	1095.92749
561.113281	1124.228882
564.927734	1118.884155
568.744141	1078.554443
572.556641	1115.308716
576.367188	1081.425415
580.177734	1065.025513
583.986328	1070.024536
587.792969	1049.060669
591.597656	1031.975342
595.400391	1044.112793
599.201172	1067.310425
603.001953	1036.553955
606.800781	1066.273193
610.597656	1077.143188
614.392578	1056.768433
618.185547	1075.459961
621.976563	1080.481812
625.767578	1082.899902
629.556641	1082.710693
633.34375	1091.003784
637.128906	1115.623413
640.912109	1120.018677
644.693359	1117.230347
648.474609	1116.400269
652.253906	1089.412842
656.03125	1112.120239
659.806641	1100.160034
663.580078	1121.581421
667.353516	1124.024902
671.123047	1155.958862
674.892578	1115.149902
678.660156	1128.08667
682.425781	1136.441162
686.191406	1125.109741
689.953125	1109.828125
693.714844	1118.18457
697.474609	1152.180908
701.232422	1141.493164
704.988281	1136.058472
708.744141	1174.71167
712.498047	1150.851196
716.248047	1202.057495
719.998047	1194.002319
723.748047	1174.073853
727.494141	1211.504761
731.240234	1169.793457
734.982422	1170.950317
738.724609	1178.050903
742.464844	1206.297119
746.205078	1211.435303
749.941406	1217.23877
753.677734	1231.645874
757.412109	1232.829834
761.144531	1206.871582
764.875	1198.773193
768.605469	1263.552002
772.332031	1236.246826
776.058594	1299.106323
779.783203	1275.773071
783.505859	1275.649414
787.228516	1297.437012
790.947266	1263.443848
794.666016	1250.687378
798.382813	1268.501953
802.097656	1288.991699
805.8125	1274.897949
809.523438	1258.7948
813.234375	1285.299072
816.943359	1305.162842
820.650391	1283.718872
824.357422	1292.262573
828.060547	1284.135864
831.763672	1307.368286
835.464844	1271.199219
839.164063	1253.701416
842.861328	1270.26709
846.558594	1284.840942
850.253906	1237.899658
853.947266	1303.31958
857.638672	1291.820557
861.328125	1290.355835
865.017578	1282.190552
868.705078	1307.5271
872.390625	1310.759277
876.074219	1314.664551
879.755859	1312.533447
883.4375	1266.765015
887.117188	1233.046265
890.794922	1276.564697
894.470703	1232.06665
898.146484	1268.896118
901.818359	1276.156372
905.490234	1267.270264
909.160156	1233.4646
912.830078	1218.490234
916.496094	1276.953003
920.162109	1249.175049
923.826172	1272.629272
927.488281	1273.837769
931.148438	1292.596436
934.808594	1251.946899
938.466797	1264.63147
942.123047	1260.43042
945.777344	1244.731567
949.429688	1257.427979
953.082031	1252.541016
956.732422	1293.683228
960.380859	1284.065918
964.027344	1282.570435
967.673828	1290.562988
971.318359	1241.601318
974.960938	1262.471924
978.601563	1236.531494
982.240234	1275.748413
985.878906	1267.451294
989.515625	1284.289185
993.150391	1297.741699
996.783203	1317.325806
1000.416016	1398.15918
1004.044922	1377.642334
1007.673828	1300.59021
1011.302734	1305.901245
1014.927734	1251.925293
1018.552734	1268.128418
1022.175781	1243.420166
1025.796875	1284.197388
1029.416016	1271.762207
1033.035156	1292.779663
1036.650391	1279.653687
1040.265625	1286.337891
1043.880859	1320.378418
1047.492188	1277.147705
1051.103516	1305.052856
1054.712891	1316.549805
1058.320313	1302.029053
1061.925781	1278.588135
1065.53125	1290.772827
1069.134766	1299.538452
1072.736328	1324.776245
1076.335938	1325.326416
1079.935547	1343.729004
1083.533203	1285.212402
1087.128906	1308.423218
1090.722656	1311.716064
1094.316406	1358.340576
1097.90625	1349.271118
1101.496094	1354.648926
1105.085938	1332.485962
1108.671875	1326.149048
1112.257813	1308.09021
1115.841797	1325.179565
1119.423828	1311.243286
1123.003906	1354.569336
1126.583984	1323.374634
1130.162109	1318.397339
1133.738281	1312.033691
1137.314453	1267.648804
1140.886719	1282.694092
1144.458984	1262.471558
1148.029297	1287.907227
1151.599609	1278.746704
1155.166016	1311.828369
1158.732422	1294.354492
1162.296875	1302.51416
1165.861328	1343.273926
1169.421875	1328.56543
1172.982422	1345.770996
1176.541016	1344.243286
1180.097656	1284.365234
1183.654297	1315.471069
1187.208984	1310.451782
1190.761719	1338.811401
1194.3125	1301.791382
1197.863281	1362.188843
1201.412109	1336.985107
1204.958984	1386.996704
1208.503906	1411.959961
1212.048828	1363.736572
1215.591797	1400.567505
1219.132813	1424.868286
1222.671875	1451.980957
1226.210938	1493.082642
1229.748047	1491.600586
1233.283203	1435.600464
1236.816406	1454.369995
1240.349609	1505.331787
1243.880859	1498.952271
1247.410156	1442.86145
1250.939453	1477.771729
1254.464844	1467.167847
1257.990234	1443.937988
1261.513672	1476.085693
1265.037109	1520.185181
1268.558594	1478.700317
1272.078125	1478.604492
1275.595703	1440.579712
1279.111328	1488.248779
1282.626953	1502.214722
1286.140625	1519.004639
1289.652344	1497.817139
1293.164063	1525.879395
1296.673828	1494.819092
1300.181641	1539.103394
1303.6875	1609.496704
1307.193359	1560.102173
1310.697266	1582.603149
1314.199219	1628.405273
1317.699219	1579.662354
1321.199219	1597.96106
1324.697266	1563.999756
1328.193359	1605.627319
1331.689453	1631.02771
1335.181641	1609.060669
1338.673828	1610.425049
1342.166016	1598.34082
1345.654297	1573.499756
1349.142578	1569.182617
1352.628906	1536.512451
1356.115234	1504.524414
1359.597656	1520.74231
1363.080078	1522.071655
1366.5625	1493.586792
1370.041016	1531.124023
1373.519531	1488.409546
1376.996094	1492.569336
1380.470703	1507.397705
1383.945313	1495.207275
1387.417969	1502.931763
1390.888672	1492.864624
1394.357422	1490.623047
1397.826172	1469.854614
1401.292969	1468.313721
1404.757813	1465.345215
1408.222656	1475.92749
1411.683594	1484.377197
1415.144531	1455.70874
1418.605469	1515.580322
1422.0625	1484.75708
1425.519531	1497.51123
1428.976563	1494.543457
1432.429688	1555.957275
1435.882813	1592.371948
1439.333984	1601.609253
1442.783203	1666.005005
1446.232422	1650.199707
1449.679688	1639.399048
1453.125	1661.576904
1456.570313	1647.901611
1460.011719	1619.142944
1463.453125	1635.59436
1466.894531	1641.284424
1470.332031	1561.467896
1473.769531	1563.537354
1477.207031	1535.403442
1480.640625	1548.974365
1484.074219	1554.638794
1487.505859	1520.705566
1490.935547	1495.38855
1494.365234	1473.653687
1497.792969	1469.923462
1501.21875	1461.862671
1504.644531	1439.365356
1508.066406	1410.353394
1511.490234	1421.75354
1514.910156	1437.496704
1518.330078	1448.193726
1521.748047	1449.50061
1525.164063	1438.513306
1528.580078	1441.987183
1531.992188	1457.044678
1535.40625	1412.012817
1538.816406	1424.896484
1542.226563	1471.850586
1545.634766	1528.266968
1549.041016	1535.409668
1552.447266	1575.208252
1555.851563	1537.371338
1559.253906	1539.442139
1562.65625	1588.00647
1566.056641	1588.64502
1569.455078	1614.002563
1572.851563	1645.926025
1576.248047	1598.564819
1579.642578	1610.12561
1583.035156	1623.151611
1586.427734	1551.682861
1589.818359	1579.27063
1593.207031	1550.012451
1596.595703	1551.36377
1599.982422	1557.823364
1603.367188	1608.084839
1606.751953	1616.032104
1610.132813	1564.811768
1613.513672	1569.823975
1616.894531	1616.513672
1620.273438	1580.590454
1623.650391	1581.9552
1627.025391	1543.060547
1630.400391	1560.521118
1633.773438	1582.390747
1637.144531	1597.681519
1640.513672	1608.585205
1643.882813	1612.895874
1647.251953	1637.755005
1650.617188	1721.35791
1653.982422	1651.548462
1657.345703	1684.532715
1660.707031	1668.302124
1664.068359	1669.703735
1667.427734	1693.907227
1670.787109	1694.583496
1674.142578	1711.454346
1677.498047	1697.40918
1680.853516	1633.993774
1684.205078	1602.954956
1687.556641	1597.695923
1690.90625	1591.694702
1694.255859	1555.435547
1697.603516	1504.383667
1700.949219	1543.383057
1704.294922	1506.321289
1707.638672	1454.44873
1710.980469	1429.150757
1714.320313	1463.003418
1717.660156	1485.043701
1720.998047	1478.2323
1724.335938	1401.065552
1727.669922	1403.10437
1731.003906	1408.850098
1734.337891	1442.773315
1737.669922	1429.996094
1741	1433.532227
1744.328125	1427.421143
1747.65625	1442.097168
1750.982422	1435.240967
1754.306641	1443.985596
1757.630859	1457.197632
1760.953125	1400.506104
1764.273438	1436.032471
1767.59375	1400.873047
1770.912109	1428.980469
1774.228516	1463.069458
1777.544922	1452.470825
1780.859375	1469.44812
1784.171875	1420.059692
1787.484375	1422.860474
1790.792969	1457.012817
1794.103516	1453.109375
1797.410156	1473.85376
1800.716797	1449.775879
1804.023438	1459.320679
1807.326172	1430.729858
1810.628906	1464.216187
1813.929688	1452.070679
1817.230469	1435.422607
1820.529297	1460.709595
1823.826172	1433.559692
1827.123047	1459.614868
1830.417969	1425.692627
1833.710938	1439.01001
1837.001953	1411.807251
1840.292969	1443.900391
1843.583984	1440.714355
1846.871094	1420.242065
1850.158203	1462.148193
1853.443359	1464.980835
1856.728516	1497.908936
1860.011719	1461.619995
1863.292969	1468.97229
1866.574219	1466.538086
1869.853516	1436.974609
1873.130859	1460.908813
1876.408203	1462.992188
1879.683594	1496.007935
1882.957031	1430.181763
1886.230469	1463.209717
1889.501953	1438.104736
1892.771484	1462.093994
1896.041016	1460.401001
1899.308594	1432.995728
1902.574219	1473.652954
1905.839844	1487.854126
1909.103516	1471.782593
1912.365234	1478.419556
1915.626953	1444.904175
1918.886719	1472.758545
1922.146484	1421.015259
1925.402344	1464.811523
1928.658203	1463.109497
1931.914063	1457.609741
1935.167969	1414.891479
1938.419922	1435.199951
1941.669922	1434.242188
1944.919922	1447.730347
1948.167969	1461.989258
1951.416016	1470.171265
1954.662109	1484.449463
1957.90625	1485.792114
1961.150391	1485.611572
1964.392578	1454.182495
1967.632813	1475.337402
1970.873047	1459.896729
1974.111328	1484.884888
1977.347656	1484.701904
1980.583984	1476.88208
1983.818359	1474.40332
1987.050781	1466.572632
1990.283203	1471.732544
1993.513672	1442.478638
1996.744141	1478.237793
1999.970703	1467.33313
2003.199219	1438.807861
2006.423828	1430.942749
2009.648438	1457.55603
2012.871094	1457.357666
2016.09375	1477.865845
2019.314453	1456.959473
2022.533203	1422.988525
2025.751953	1491.111206
2028.96875	1449.445313
2032.183594	1481.514893
2035.398438	1479.016724
2038.611328	1461.135864
2041.824219	1464.781616
2045.035156	1445.341309
2048.244141	1461.301758
2051.451172	1478.044434
2054.658203	1486.324219
2057.865234	1432.17395
2061.068359	1445.839355
2064.271484	1512.742676
2067.474609	1475.516235
2070.673828	1473.773071
2073.875	1457.354248
2077.072266	1461.782959
2080.269531	1501.768677
2083.464844	1479.928101
2086.660156	1501.386841
2089.853516	1503.516724
2093.044922	1466.168091
2096.236328	1479.901245
2099.425781	1463.43103
2102.613281	1481.048218
2105.800781	1469.992188
2108.986328	1469.010132
2112.169922	1471.130615
2115.353516	1479.462158
2118.535156	1507.989136
2121.716797	1465.847656
2124.896484	1489.728027
2128.074219	1501.965332
2131.251953	1507.98999
2134.427734	1525.689209
2137.603516	1467.126709
2140.777344	1453.678345
2143.949219	1455.797607
2147.119141	1450.905273
2150.289063	1485.76416
2153.458984	1508.172607
2156.625	1497.052734
2159.791016	1491.386963
2162.957031	1459.952515
2166.121094	1459.734375
2169.283203	1503.27002
2172.445313	1486.653687
2175.603516	1470.80603
2178.763672	1465.897095
2181.921875	1491.502686
2185.078125	1528.870117
2188.232422	1461.32605
2191.386719	1461.105103
2194.539063	1471.855957
2197.691406	1493.591187
2200.841797	1484.75354
2203.990234	1504.940552
2207.138672	1514.153442
2210.285156	1466.050293
2213.429688	1474.469116
2216.574219	1497.039307
2219.71875	1481.105103
2222.859375	1525.715088
2226	1494.830811
2229.140625	1511.932617
2232.279297	1509.363403
2235.416016	1468.196533
2238.550781	1485.306763
2241.685547	1481.935059
2244.820313	1521.931519
2247.951172	1460.194214
2251.082031	1487.585571
2254.212891	1465.260742
2257.341797	1527.424438
2260.46875	1526.429199
2263.595703	1511.205933
2266.720703	1529.179321
2269.84375	1479.932495
2272.966797	1505.819824
2276.087891	1494.521851
2279.208984	1507.763672
2282.328125	1496.457153
2285.445313	1481.179199
2288.5625	1501.565186
2291.677734	1502.931885
2294.792969	1516.200439
2297.90625	1465.981934
2301.017578	1521.328491
2304.128906	1514.760254
2307.238281	1491.499756
2310.345703	1487.299194
2313.453125	1518.880249
2316.558594	1564.009033
2319.664063	1531.976196
2322.767578	1558.036377
2325.871094	1580.930298
2328.972656	1569.581421
2332.072266	1614.813721
2335.169922	1526.922974
2338.267578	1516.337036
2341.365234	1478.612305
2344.460938	1536.649658
2347.554688	1514.075806
2350.648438	1496.27771
2353.740234	1543.198608
2356.830078	1532.592529
2359.919922	1510.78125
2363.007813	1543.358521
2366.095703	1483.915894
2369.181641	1514.90564
2372.265625	1524.29187
2375.349609	1489.613281
2378.431641	1511.821899
2381.513672	1516.405029
2384.59375	1564.310791
2387.673828	1520.765625
2390.75	1498.863403
2393.828125	1487.384644
2396.902344	1528.923218
2399.976563	1506.194214
2403.050781	1516.413208
2406.123047	1509.748413
2409.193359	1526.412964
2412.262695	1533.430298
2415.331055	1534.815918
2418.398438	1510.424194
2421.464844	1535.171509
2424.530273	1542.201416
2427.59375	1550.042725
2430.65625	1564.343872
2433.717773	1546.37207
2436.77832	1504.972046
2439.837891	1523.309814
2442.895508	1519.037109
2445.953125	1569.725342
2449.008789	1509.672241
2452.063477	1551.49646
2455.117188	1565.838501
2458.168945	1531.619507
2461.220703	1524.098755
2464.270508	1539.255859
2467.319336	1592.514526
2470.367188	1559.063354
2473.413086	1506.121338
2476.458984	1511.556641
2479.50293	1555.955566
2482.545898	1539.48999
2485.587891	1555.502563
2488.628906	1566.651367
2491.668945	1564.802124
2494.707031	1526.357422
2497.745117	1552.14978
2500.78125	1538.084717
2503.816406	1521.566528
2506.850586	1549.828247
2509.882813	1568.334229
2512.915039	1520.836792
2515.945313	1557.282349
2518.974609	1519.53186
2522.00293	1582.11377
2525.030273	1586.788696
2528.056641	1553.905029
2531.081055	1542.234863
2534.105469	1554.253418
2537.12793	1563.01062
2540.149414	1575.863037
2543.169922	1532.276733
2546.188477	1557.402466
2549.207031	1561.260376
2552.223633	1570.034912
2555.239258	1553.416992
2558.254883	1554.817871
2561.267578	1604.595093
2564.280273	1592.071411
2567.291992	1605.79541
2570.301758	1566.994995
2573.311523	1571.686401
2576.319336	1589.524292
2579.326172	1625.453979
2582.332031	1629.349243
2585.335938	1600.351929
2588.339844	1575.445923
2591.341797	1631.997437
2594.34375	1544.513062
2597.34375	1594.505737
2600.342773	1579.445923
2603.34082	1599.81604
2606.336914	1578.150024
2609.333008	1595.234863
2612.327148	1579.326172
2615.320313	1606.328857
2618.313477	1601.146729
2621.304688	1584.395264
2624.293945	1588.290527
2627.283203	1591.36145
2630.271484	1572.105713
2633.257813	1620.673584
2636.243164	1595.620361
2639.227539	1588.762207
2642.210938	1578.585815
2645.193359	1623.084229
2648.174805	1571.470459
2651.155273	1636.727173
2654.133789	1590.056152
2657.112305	1623.006836
2660.088867	1615.308472
2663.064453	1607.603882
2666.039063	1617.337646
2669.012695	1627.078247
2671.984375	1581.959961
2674.956055	1631.610962
2677.925781	1632.215454
2680.895508	1635.316772
2683.863281	1609.281372
2686.830078	1649.853394
2689.795898	1628.802246
2692.760742	1630.238525
2695.723633	1638.345459
2698.686523	1609.758911
2701.647461	1650.404419
2704.608398	1691.914307
2707.567383	1635.759766
2710.525391	1659.752686
2713.482422	1679.584961
2716.438477	1676.861572
2719.392578	1710.09375
2722.34668	1696.503784
2725.299805	1685.41394
2728.250977	1697.755981
2731.201172	1701.731934
2734.150391	1699.846191
2737.098633	1677.844604
2740.045898	1709.483521
2742.992188	1655.597778
2745.9375	1674.665894
2748.881836	1683.675781
2751.824219	1698.569458
2754.765625	1696.674805
2757.707031	1630.919678
2760.646484	1644.128052
2763.584961	1696.866455
2766.522461	1717.678589
2769.458984	1629.954346
2772.393555	1638.971313
2775.328125	1710.310181
2778.261719	1648.599976
2781.193359	1641.62085
2784.124023	1670.886719
2787.054688	1655.476563
2789.983398	1702.484741
2792.911133	1693.825806
2795.837891	1679.250244
2798.762695	1684.088989
2801.6875	1636.547729
2804.611328	1662.503418
2807.533203	1644.511475
2810.455078	1701.783569
2813.375	1715.944824
2816.293945	1692.026489
2819.211914	1741.75708
2822.129883	1710.206299
2825.045898	1733.710938
2827.959961	1747.060181
2830.874023	1712.931519
2833.787109	1746.641235
2836.698242	1722.670044
2839.609375	1818.378052
2842.518555	1906.512573
2845.427734	1940.340698
2848.334961	2029.433105
2851.241211	2120.290527
2854.146484	2149.129639
2857.050781	2205.214111
2859.954102	2207.720459
2862.856445	2264.717773
2865.757813	2342.197021
2868.657227	2412.064209
2871.556641	2543.349365
2874.454102	2596.286621
2877.351563	2592.967285
2880.24707	2662.172119
2883.141602	2634.973145
2886.036133	2664.110107
2888.928711	2711.205566
2891.820313	2726.718018
2894.710938	2729.418945
2897.599609	2745.803467
2900.488281	2749.367432
2903.375977	2806.845459
2906.262695	2872.925293
2909.147461	2885.95752
2912.032227	2928.982422
2914.915039	3098.015137
2917.797852	3170.295166
2920.678711	3257.206055
2923.558594	3350.184814
2926.4375	3351.399414
2929.31543	3390.389893
2932.192383	3456.891357
2935.068359	3413.467041
2937.943359	3473.147705
2940.817383	3375.529297
2943.69043	3296.761963
2946.561523	3160.289063
2949.432617	3059.867188
2952.301758	2993.813232
2955.170898	2897.563721
2958.038086	2864.144775
2960.905273	2820.357666
2963.770508	2789.472168
2966.634766	2755.113525
2969.499023	2712.963135
2972.361328	2678.550781
2975.222656	2596.619141
2978.083008	2544.862061
2980.942383	2494.795166
2983.800781	2453.336182
2986.657227	2451.626465
2989.513672	2397.144775
2992.369141	2315.795898
2995.223633	2223.999512
2998.076172	2176.303467
3000.928711	2060.132568
3003.779297	2030.541504
3006.629883	2033.873047
3009.478516	1947.878174
3012.327148	1923.418945
3015.173828	1897.205933
3018.019531	1893.546753
3020.865234	1862.960815
3023.708984	1856.679443
3026.551758	1803.459717
3029.393555	1804.1073
3032.234375	1857.810303
3035.074219	1788.871094
3037.913086	1824.328369
3040.750977	1839.784546
3043.587891	1817.797974
3046.423828	1808.86499
3049.258789	1801.668579
3052.091797	1840.679688
3054.924805	1851.806152
3057.756836	1848.106323
3060.586914	1880.191772
3063.416992	1924.524414
3066.246094	1886.778564
3069.073242	1828.907471
3071.900391	1843.547607
3074.725586	1784.744263
3077.550781	1804.626831
3080.374023	1797.395996
3083.196289	1771.776489
3086.018555	1743.51123
3088.838867	1789.686157
3091.658203	1751.766724
3094.477539	1762.034668
3097.294922	1771.432739
3100.111328	1712.410767
3102.926758	1775.328857
3105.741211	1739.968262
3108.554688	1791.523682
3111.367188	1735.058716
3114.178711	1733.040039
3116.990234	1767.943359
3119.799805	1757.139771
3122.607422	1690.023315
3125.415039	1748.709351
3128.22168	1744.929321
3131.027344	1755.237427
3133.832031	1796.387817
3136.635742	1760.010376
3139.438477	1735.067993
3142.240234	1757.733032
3145.041016	1762.768311
3147.839844	1777.515259
3150.638672	1687.208008
3153.436523	1752.280518
3156.233398	1684.870972
3159.02832	1746.452637
3161.823242	1767.406982
3164.617188	1734.423828
3167.410156	1750.079224
3170.201172	1745.388428
3172.992188	1768.141357
3175.782227	1783.824219
3178.570313	1742.812134
3181.358398	1732.792603
3184.144531	1697.939209
3186.930664	1726.922363
3189.71582	1728.419922
3192.499023	1713.053955
3195.282227	1758.942261
3198.063477	1684.064697
3200.844727	1742.687256
