399.333984	941.315369
403.220703	969.066406
407.103516	944.677246
410.986328	957.815552
414.867188	944.860352
418.748047	947.180969
422.625	889.601807
426.501953	916.125977
430.375	901.215637
434.248047	921.386536
438.119141	883.484192
441.988281	894.723511
445.855469	888.082764
449.722656	912.116943
453.585938	899.082886
457.449219	911.62677
461.310547	899.220703
465.169922	875.278381
469.027344	892.311401
472.882813	884.366028
476.736328	865.514343
480.589844	899.882263
484.441406	906.687561
488.289063	934.040955
492.136719	899.763611
495.984375	887.944214
499.828125	912.75293
503.669922	927.293884
507.511719	909.036804
511.351563	904.92334
515.189453	882.776978
519.025391	919.874939
522.859375	899.004333
526.691406	903.90448
530.523438	907.518555
534.351563	920.814697
538.179688	917.337524
542.005859	909.982056
545.830078	890.343872
549.654297	932.742004
553.474609	929.909546
557.294922	902.490417
561.113281	923.589294
564.927734	916.863464
568.744141	903.653687
572.556641	888.48822
576.367188	879.14447
580.177734	873.684082
583.986328	876.005554
587.792969	910.787231
591.597656	876.107422
595.400391	886.878601
599.201172	885.308594
603.001953	862.277588
606.800781	884.766052
610.597656	878.636475
614.392578	895.290588
618.185547	904.141968
621.976563	896.057007
625.767578	893.832458
629.556641	908.563843
633.34375	881.546692
637.128906	904.118469
640.912109	914.953979
644.693359	910.118042
648.474609	934.037476
652.253906	918.088562
656.03125	934.18103
659.806641	930.652954
663.580078	950.037659
667.353516	957.648254
671.123047	946.916443
674.892578	947.32019
678.660156	966.088196
682.425781	927.131287
686.191406	912.428528
689.953125	945.652344
693.714844	950.653931
697.474609	965.518433
701.232422	979.737793
704.988281	990.67981
708.744141	944.376038
712.498047	1000.081787
716.248047	976.136536
719.998047	1019.382751
723.748047	1007.950012
727.494141	987.933716
731.240234	991.652283
734.982422	978.872192
738.724609	1001.739441
742.464844	1021.322754
746.205078	1036.296021
749.941406	1024.173218
753.677734	1044.451538
757.412109	1031.659546
761.144531	1041.365356
764.875	1044.455933
768.605469	1049.536621
772.332031	1067.878662
776.058594	1128.677368
779.783203	1132.472534
783.505859	1159.500244
787.228516	1125.463501
790.947266	1109.997192
794.666016	1097.175781
798.382813	1104.953003
802.097656	1086.131836
805.8125	1085.925537
809.523438	1120.333984
813.234375	1100.16272
816.943359	1107.956055
820.650391	1127.086548
824.357422	1127.562378
828.060547	1114.029541
831.763672	1101.819824
835.464844	1105.622925
839.164063	1090.05896
842.861328	1083.836548
846.558594	1069.58667
850.253906	1120.195435
853.947266	1100.595825
857.638672	1089.011475
861.328125	1100.184082
865.017578	1089.259033
868.705078	1072.292847
872.390625	1068.050903
876.074219	1079.902954
879.755859	1105.856445
883.4375	1066.042847
887.117188	1075.221802
890.794922	1091.126953
894.470703	1073.437256
898.146484	1088.681885
901.818359	1070.302979
905.490234	1055.273315
909.160156	1058.409546
912.830078	1052.791748
916.496094	1080.187744
920.162109	1077.944336
923.826172	1057.489502
927.488281	1051.186035
931.148438	1042.177002
934.808594	1066.248169
938.466797	1061.966187
942.123047	1062.411011
945.777344	1056.094849
949.429688	1061.948364
953.082031	1052.919434
956.732422	1055.390991
960.380859	1070.054932
964.027344	1048.821533
967.673828	1085.184448
971.318359	1100.556519
974.960938	1092.875977
978.601563	1062.792725
982.240234	1068.668457
985.878906	1099.001221
989.515625	1052.573486
993.150391	1072.047485
996.783203	1073.175049
1000.416016	1126.011475
1004.044922	1161.875244
1007.673828	1110.608765
1011.302734	1089.272827
1014.927734	1065.87439
1018.552734	1043.819702
1022.175781	1051.075439
1025.796875	1076.76062
1029.416016	1090.179321
1033.035156	1085.852905
1036.650391	1117.049561
1040.265625	1114.780518
1043.880859	1103.620239
1047.492188	1093.818481
1051.103516	1097.695313
1054.712891	1091.30542
1058.320313	1076.69104
1061.925781	1106.602295
1065.53125	1109.118652
1069.134766	1120.55188
1072.736328	1087.400513
1076.335938	1094.715576
1079.935547	1133.621216
1083.533203	1147.143066
1087.128906	1152.429565
1090.722656	1151.532715
1094.316406	1125.1875
1097.90625	1161.432861
1101.496094	1147.459229
1105.085938	1116.946899
1108.671875	1109.831787
1112.257813	1121.318726
1115.841797	1090.756592
1119.423828	1110.521729
1123.003906	1105.46106
1126.583984	1139.05481
1130.162109	1131.929321
1133.738281	1108.215942
1137.314453	1103.835938
1140.886719	1089.079956
1144.458984	1085.379639
1148.029297	1076.139526
1151.599609	1129.201904
1155.166016	1138.672485
1158.732422	1119.048462
1162.296875	1100.101196
1165.861328	1112.344482
1169.421875	1135.004272
1172.982422	1136.860718
1176.541016	1132.46936
1180.097656	1143.355957
1183.654297	1087.539429
1187.208984	1135.956665
1190.761719	1139.902344
1194.3125	1127.848145
1197.863281	1119.264038
1201.412109	1142.704468
1204.958984	1180.793213
1208.503906	1163.856445
1212.048828	1190.13208
1215.591797	1211.546753
1219.132813	1221.814087
1222.671875	1222.31665
1226.210938	1277.98938
1229.748047	1232.404419
1233.283203	1289.524292
1236.816406	1290.753418
1240.349609	1262.604004
1243.880859	1283.416626
1247.410156	1309.846558
1250.939453	1287.972656
1254.464844	1290.603271
1257.990234	1296.039429
1261.513672	1237.668091
1265.037109	1247.996948
1268.558594	1247.105103
1272.078125	1246.21228
1275.595703	1248.8302
1279.111328	1245.125977
1282.626953	1235.7948
1286.140625	1293.263672
1289.652344	1290.979126
1293.164063	1325.291016
1296.673828	1289.219849
1300.181641	1330.602417
1303.6875	1338.193604
1307.193359	1388.794067
1310.697266	1373.846313
1314.199219	1372.996826
1317.699219	1377.08728
1321.199219	1352.229492
1324.697266	1364.791016
1328.193359	1351.921265
1331.689453	1335.505493
1335.181641	1342.416382
1338.673828	1386.125977
1342.166016	1328.647339
1345.654297	1299.447388
1349.142578	1287.934082
1352.628906	1286.33313
1356.115234	1306.709961
1359.597656	1329.940186
1363.080078	1302.808228
1366.5625	1312.567505
1370.041016	1279.014038
1373.519531	1261.062988
1376.996094	1282.898926
1380.470703	1252.135498
1383.945313	1298.881348
1387.417969	1275.214844
1390.888672	1267.90271
1394.357422	1313.286621
1397.826172	1261.09668
1401.292969	1302.237427
1404.757813	1252.852295
1408.222656	1276.901978
1411.683594	1272.425171
1415.144531	1307.924683
1418.605469	1292.74292
1422.0625	1284.693481
1425.519531	1282.355713
1428.976563	1336.507935
1432.429688	1356.365479
1435.882813	1371.944702
1439.333984	1399.707642
1442.783203	1383.084961
1446.232422	1406.574951
1449.679688	1427.216309
1453.125	1449.308105
1456.570313	1434.829468
1460.011719	1405.266846
1463.453125	1423.785645
1466.894531	1390.602417
1470.332031	1331.523193
1473.769531	1344.282715
1477.207031	1352.737183
1480.640625	1329.542358
1484.074219	1390.537964
1487.505859	1320.536987
1490.935547	1286.495117
1494.365234	1281.970581
1497.792969	1273.116699
1501.21875	1258.485718
1504.644531	1237.349121
1508.066406	1225.578369
1511.490234	1278.783936
1514.910156	1254.739624
1518.330078	1253.800415
1521.748047	1252.137207
1525.164063	1224.435913
1528.580078	1257.488159
1531.992188	1282.604614
1535.40625	1216.503418
1538.816406	1253.213379
1542.226563	1260.965088
1545.634766	1304.246826
1549.041016	1284.464111
1552.447266	1305.296875
1555.851563	1329.049561
1559.253906	1343.381104
1562.65625	1337.383301
1566.056641	1369.170776
1569.455078	1410.434692
1572.851563	1399.36438
1576.248047	1379.553467
1579.642578	1389.570435
1583.035156	1414.887207
1586.427734	1403.799438
1589.818359	1330.755981
1593.207031	1338.580811
1596.595703	1368.292603
1599.982422	1326.52124
1603.367188	1311.724243
1606.751953	1352.413696
1610.132813	1347.111572
1613.513672	1316.225708
1616.894531	1337.955688
1620.273438	1335.56604
1623.650391	1318.539917
1627.025391	1335.171997
1630.400391	1367.19519
1633.773438	1377.265991
1637.144531	1330.91272
1640.513672	1353.44043
1643.882813	1353.248291
1647.251953	1391.944946
1650.617188	1418.927368
1653.982422	1451.071533
1657.345703	1466.344238
1660.707031	1418.424316
1664.068359	1371.20105
1667.427734	1397.491821
1670.787109	1423.067505
1674.142578	1444.982666
1677.498047	1412.421265
1680.853516	1410.774658
1684.205078	1359.748047
1687.556641	1343.332642
1690.90625	1355.669556
1694.255859	1388.67627
1697.603516	1336.081665
1700.949219	1317.414063
1704.294922	1297.992432
1707.638672	1276.337891
1710.980469	1285.71814
1714.320313	1272.916504
1717.660156	1266.023804
1720.998047	1253.203369
1724.335938	1243.334595
1727.669922	1247.533203
1731.003906	1257.663574
1734.337891	1255.939331
1737.669922	1251.988281
1741	1280.681519
1744.328125	1253.725586
1747.65625	1231.946045
1750.982422	1225.006348
1754.306641	1254.47644
1757.630859	1262.409058
1760.953125	1239.853271
1764.273438	1232.904541
1767.59375	1238.604004
1770.912109	1245.052368
1774.228516	1250.015625
1777.544922	1234.115723
1780.859375	1238.332397
1784.171875	1243.297974
1787.484375	1239.313721
1790.792969	1210.694092
1794.103516	1209.679932
1797.410156	1260.955566
1800.716797	1222.594482
1804.023438	1216.349731
1807.326172	1257.217407
1810.628906	1236.016968
1813.929688	1258.960327
1817.230469	1244.482178
1820.529297	1207.519897
1823.826172	1254.458374
1827.123047	1269.947388
1830.417969	1239.700073
1833.710938	1260.446777
1837.001953	1209.155518
1840.292969	1233.660156
1843.583984	1258.183838
1846.871094	1259.431519
1850.158203	1232.113525
1853.443359	1215.302368
1856.728516	1257.912476
1860.011719	1218.518433
1863.292969	1243.092407
1866.574219	1228.517456
1869.853516	1250.100098
1873.130859	1284.514282
1876.408203	1226.952759
1879.683594	1256.103394
1882.957031	1194.711182
1886.230469	1236.706665
1889.501953	1258.341675
1892.771484	1237.679565
1896.041016	1288.811523
1899.308594	1213.69812
1902.574219	1270.912231
1905.839844	1275.952271
1909.103516	1272.667969
1912.365234	1267.108521
1915.626953	1272.1521
1918.886719	1277.957275
1922.146484	1264.051392
1925.402344	1225.859863
1928.658203	1245.3125
1931.914063	1291.351196
1935.167969	1254.643433
1938.419922	1258.174316
1941.669922	1275.388672
1944.919922	1265.243286
1948.167969	1227.705811
1951.416016	1277.648926
1954.662109	1241.608765
1957.90625	1224.578979
1961.150391	1237.247803
1964.392578	1267.455688
1967.632813	1197.806274
1970.873047	1212.004028
1974.111328	1248.341064
1977.347656	1246.53894
1980.583984	1251.60791
1983.818359	1258.972412
1987.050781	1237.30127
1990.283203	1241.607056
1993.513672	1211.498413
1996.744141	1237.98584
1999.970703	1255.308472
2003.199219	1225.934814
2006.423828	1247.861816
2009.648438	1288.963867
2012.871094	1254.201538
2016.09375	1245.487305
2019.314453	1252.877686
2022.533203	1280.996704
2025.751953	1248.47937
2028.96875	1248.197388
2032.183594	1236.388672
2035.398438	1220.726807
2038.611328	1251.962646
2041.824219	1262.450928
2045.035156	1229.848511
2048.244141	1268.052734
2051.451172	1263.924438
2054.658203	1242.070801
2057.865234	1276.46936
2061.068359	1267.712036
2064.271484	1253.547607
2067.474609	1216.992188
2070.673828	1250.661255
2073.875	1276.633057
2077.072266	1266.312012
2080.269531	1263.71167
2083.464844	1267.2948
2086.660156	1262.371704
2089.853516	1199.408569
2093.044922	1243.997925
2096.236328	1259.968262
2099.425781	1272.077148
2102.613281	1271.019897
2105.800781	1262.208496
2108.986328	1242.53125
2112.169922	1237.580933
2115.353516	1243.493408
2118.535156	1253.292725
2121.716797	1236.687622
2124.896484	1241.051514
2128.074219	1193.331665
2131.251953	1237.345093
2134.427734	1250.271484
2137.603516	1273.325806
2140.777344	1252.795044
2143.949219	1229.911377
2147.119141	1254.542114
2150.289063	1269.057739
2153.458984	1248.492432
2156.625	1286.420044
2159.791016	1257.260254
2162.957031	1271.798218
2166.121094	1269.164551
2169.283203	1229.806152
2172.445313	1269.361572
2175.603516	1237.791626
2178.763672	1248.4375
2181.921875	1274.741821
2185.078125	1258.010376
2188.232422	1277.289795
2191.386719	1284.832397
2194.539063	1253.193604
2197.691406	1248.1875
2200.841797	1287.884521
2203.990234	1247.578369
2207.138672	1287.305176
2210.285156	1242.255737
2213.429688	1245.875366
2216.574219	1292.718994
2219.71875	1289.284668
2222.859375	1232.368896
2226	1222.614258
2229.140625	1249.056274
2232.279297	1269.219482
2235.416016	1272.069458
2238.550781	1269.405518
2241.685547	1258.856567
2244.820313	1222.276611
2247.951172	1227.478271
2251.082031	1228.737793
2254.212891	1276.576904
2257.341797	1262.060059
2260.46875	1256.222778
2263.595703	1263.817139
2266.720703	1260.347412
2269.84375	1269.530518
2272.966797	1246.277588
2276.087891	1245.962646
2279.208984	1241.687744
2282.328125	1271.473633
2285.445313	1264.827148
2288.5625	1289.887329
2291.677734	1276.897339
2294.792969	1242.475098
2297.90625	1213.582275
2301.017578	1239.453979
2304.128906	1280.437134
2307.238281	1286.488037
2310.345703	1259.951538
2313.453125	1242.937134
2316.558594	1257.730591
2319.664063	1244.680908
2322.767578	1272.223877
2325.871094	1371.467041
2328.972656	1352.867676
2332.072266	1357.368164
2335.169922	1305.26001
2338.267578	1288.208496
2341.365234	1270.345825
2344.460938	1275.618774
2347.554688	1275.30542
2350.648438	1259.014282
2353.740234	1211.542725
2356.830078	1271.164429
2359.919922	1289.242676
2363.007813	1272.930786
2366.095703	1301.427856
2369.181641	1255.482056
2372.265625	1275.983643
2375.349609	1284.480957
2378.431641	1245.689941
2381.513672	1237.341675
2384.59375	1296.372437
2387.673828	1262.355835
2390.75	1266.848633
2393.828125	1260.100708
2396.902344	1318.425049
2399.976563	1305.261108
2403.050781	1284.046631
2406.123047	1282.924194
2409.193359	1270.535645
2412.262695	1263.771973
2415.331055	1232.040039
2418.398438	1284.867554
2421.464844	1261.983521
2424.530273	1304.38147
2427.59375	1271.809204
2430.65625	1299.720459
2433.717773	1288.105347
2436.77832	1277.288574
2439.837891	1306.040283
2442.895508	1306.533447
2445.953125	1271.461426
2449.008789	1296.199585
2452.063477	1323.382813
2455.117188	1314.171387
2458.168945	1279.048096
2461.220703	1297.346558
2464.270508	1263.810059
2467.319336	1279.684692
2470.367188	1274.491699
2473.413086	1292.814941
2476.458984	1287.622314
2479.50293	1287.295532
2482.545898	1282.096313
2485.587891	1300.448853
2488.628906	1314.752075
2491.668945	1256.718994
2494.707031	1275.89502
2497.745117	1293.45813
2500.78125	1263.833618
2503.816406	1277.334351
2506.850586	1312.833984
2509.882813	1297.032837
2512.915039	1326.045776
2515.945313	1322.466919
2518.974609	1303.388062
2522.00293	1339.778687
2525.030273	1277.430176
2528.056641	1277.909302
2531.081055	1280.022217
2534.105469	1284.588013
2537.12793	1312.046143
2540.149414	1336.253418
2543.169922	1280.30603
2546.188477	1323.341919
2549.207031	1299.276489
2552.223633	1262.088623
2555.239258	1294.51416
2558.254883	1313.849731
2561.267578	1271.705078
2564.280273	1267.259399
2567.291992	1305.478027
2570.301758	1268.207031
2573.311523	1311.380981
2576.319336	1322.549927
2579.326172	1284.420898
2582.332031	1302.986206
2585.335938	1328.144043
2588.339844	1297.377686
2591.341797	1301.153809
2594.34375	1290.113037
2597.34375	1322.714966
2600.342773	1302.610352
2603.34082	1303.095947
2606.336914	1309.353271
2609.333008	1324.688232
2612.327148	1304.553223
2615.320313	1279.450073
2618.313477	1286.532471
2621.304688	1304.358765
2624.293945	1338.725586
2627.283203	1315.249878
2630.271484	1328.970947
2633.257813	1332.774414
2636.243164	1291.062134
2639.227539	1307.272339
2642.210938	1317.696777
2645.193359	1314.872192
2648.174805	1322.820068
2651.155273	1316.678223
2654.133789	1327.120361
2657.112305	1328.442749
2660.088867	1304.033691
2663.064453	1318.633789
2666.039063	1341.55127
2669.012695	1294.682251
2671.984375	1343.377441
2674.956055	1314.769043
2677.925781	1322.743408
2680.895508	1349.032349
2683.863281	1354.5271
2686.830078	1334.207642
2689.795898	1296.376709
2692.760742	1296.022949
2695.723633	1286.497192
2698.686523	1332.012939
2701.647461	1362.543213
2704.608398	1360.542847
2707.567383	1325.140747
2710.525391	1365.725098
2713.482422	1356.202148
2716.438477	1380.944824
2719.392578	1373.092407
2722.34668	1351.849121
2725.299805	1362.390137
2728.250977	1349.498291
2731.201172	1314.82251
2734.150391	1375.627075
2737.098633	1333.391968
2740.045898	1378.318237
2742.992188	1374.632568
2745.9375	1358.358765
2748.881836	1373.127441
2751.824219	1357.680054
2754.765625	1357.339844
2757.707031	1359.519897
2760.646484	1372.628418
2763.584961	1373.133301
2766.522461	1334.103027
2769.458984	1362.362427
2772.393555	1362.863159
2775.328125	1376.837524
2778.261719	1379.870605
2781.193359	1299.476074
2784.124023	1342.947754
2787.054688	1327.417236
2789.983398	1370.930542
2792.911133	1368.901611
2795.837891	1349.985474
2798.762695	1345.413086
2801.6875	1305.351685
2804.611328	1343.864014
2807.533203	1294.471436
2810.455078	1349.078003
2813.375	1367.340698
2816.293945	1367.841309
2819.211914	1349.713623
2822.129883	1392.560303
2825.045898	1365.106689
2827.959961	1405.446777
2830.874023	1416.136475
2833.787109	1456.524048
2836.698242	1423.112183
2839.609375	1483.905151
2842.518555	1533.702271
2845.427734	1665.940552
2848.334961	1731.986938
2851.241211	1733.469238
2854.146484	1804.690552
2857.050781	1770.467041
2859.954102	1806.007324
2862.856445	1822.842407
2865.757813	1894.198608
2868.657227	1987.758911
2871.556641	2014.053101
2874.454102	2117.956055
2877.351563	2070.109131
2880.24707	2107.552979
2883.141602	2101.491455
2886.036133	2133.849609
2888.928711	2167.939453
2891.820313	2174.709229
2894.710938	2201.144287
2897.599609	2257.527588
2900.488281	2192.479492
2903.375977	2293.398193
2906.262695	2300.223389
2909.147461	2286.500488
2912.032227	2337.874512
2914.915039	2435.562744
2917.797852	2535.035889
2920.678711	2493.932373
2923.558594	2584.060547
2926.4375	2623.61792
2929.31543	2667.49585
2932.192383	2651.2854
2935.068359	2687.47168
2937.943359	2708.212891
2940.817383	2638.690674
2943.69043	2596.640869
2946.561523	2465.9375
2949.432617	2428.097168
2952.301758	2344.593994
2955.170898	2289.454346
2958.038086	2273.9104
2960.905273	2236.805664
2963.770508	2225.541748
2966.634766	2174.590088
2969.499023	2128.778809
2972.361328	2063.079834
2975.222656	2087.139404
2978.083008	2057.658203
2980.942383	1986.676147
2983.800781	1932.067139
2986.657227	1905.091064
2989.513672	1802.832764
2992.369141	1829.444214
2995.223633	1714.964233
2998.076172	1691.333374
3000.928711	1683.278931
3003.779297	1607.620361
3006.629883	1607.331909
3009.478516	1556.741455
3012.327148	1548.625488
3015.173828	1496.241089
3018.019531	1505.460815
3020.865234	1462.576172
3023.708984	1413.578613
3026.551758	1440.1604
3029.393555	1391.988281
3032.234375	1402.05542
3035.074219	1422.57019
3037.913086	1390.876343
3040.750977	1452.323975
3043.587891	1420.61731
3046.423828	1414.156006
3049.258789	1427.737305
3052.091797	1418.657471
3054.924805	1432.249512
3057.756836	1472.028076
3060.586914	1464.698975
3063.416992	1447.759277
3066.246094	1458.759399
3069.073242	1443.552368
3071.900391	1439.697876
3074.725586	1379.001343
3077.550781	1424.106934
3080.374023	1406.239258
3083.196289	1419.872314
3086.018555	1380.973022
3088.838867	1401.614136
3091.658203	1366.185181
3094.477539	1376.315674
3097.294922	1350.498169
3100.111328	1394.842773
3102.926758	1384.809204
3105.741211	1372.134399
3108.554688	1345.39917
3111.367188	1395.953491
3114.178711	1397.329468
3116.990234	1372.332031
3119.799805	1356.11084
3122.607422	1395.302979
3125.415039	1345.63501
3128.22168	1324.984131
3131.027344	1362.444702
3133.832031	1359.404785
3136.635742	1369.582397
3139.438477	1370.06897
3142.240234	1322.930054
3145.041016	1320.752808
3147.839844	1350.346802
3150.638672	1374.66394
3153.436523	1383.983643
3156.233398	1358.852417
3159.02832	1335.470703
3161.823242	1354.510986
3164.617188	1345.261841
3167.410156	1326.273438
3170.201172	1350.640381
3172.992188	1405.127808
3175.782227	1374.625244
3178.570313	1347.644775
3181.358398	1356.098511
3184.144531	1324.658569
3186.930664	1393.423218
3189.71582	1366.410034
3192.499023	1316.300049
3195.282227	1346.953735
3198.063477	1331.441406
3200.844727	1331.441406
