399.333984	898.73053
403.220703	889.582581
407.103516	882.971008
410.986328	897.991821
414.867188	872.276733
418.748047	859.278503
422.625	873.033264
426.501953	849.823181
430.375	847.00238
434.248047	860.768982
438.119141	859.865051
441.988281	839.801147
445.855469	865.721008
449.722656	835.414734
453.585938	853.041626
457.449219	850.851685
461.310547	831.37915
465.169922	827.89679
469.027344	837.863159
472.882813	815.795593
476.736328	838.58728
480.589844	832.535461
484.441406	836.103271
488.289063	851.871033
492.136719	858.018677
495.984375	844.253723
499.828125	827.905518
503.669922	822.474976
507.511719	838.912964
511.351563	846.354309
515.189453	855.733459
519.025391	854.169617
522.859375	833.915161
526.691406	822.669128
530.523438	841.728333
534.351563	880.162048
538.179688	866.33844
542.005859	833.127686
545.830078	863.85321
549.654297	845.479248
553.474609	860.716003
557.294922	852.028625
561.113281	863.397461
564.927734	840.45813
568.744141	813.612244
572.556641	828.866821
576.367188	809.124084
580.177734	830.875549
583.986328	837.07196
587.792969	800.428162
591.597656	817.007507
595.400391	823.85498
599.201172	819.007935
603.001953	790.746277
606.800781	796.289429
610.597656	827.870789
614.392578	811.947205
618.185547	807.083496
621.976563	817.855652
625.767578	822.117249
629.556641	846.601501
633.34375	835.870728
637.128906	845.367126
640.912109	851.606018
644.693359	835.636047
648.474609	837.300232
652.253906	840.927307
656.03125	855.678406
659.806641	857.352539
663.580078	878.670288
667.353516	865.289551
671.123047	872.211609
674.892578	862.749756
678.660156	848.032654
682.425781	873.327515
686.191406	865.82251
689.953125	849.773743
693.714844	877.728882
697.474609	869.558105
701.232422	841.653931
704.988281	898.584778
708.744141	871.326782
712.498047	905.274841
716.248047	902.366455
719.998047	913.293152
723.748047	948.620056
727.494141	926.600037
731.240234	900.602356
734.982422	888.443665
738.724609	903.34845
742.464844	932.799255
746.205078	944.430481
749.941406	964.005493
753.677734	928.695374
757.412109	978.058289
761.144531	955.964111
764.875	966.966187
768.605469	962.737854
772.332031	974.414429
776.058594	984.111206
779.783203	1043.57312
783.505859	998.882629
787.228516	1044.456665
790.947266	991.756958
794.666016	1010.783997
798.382813	1014.535645
802.097656	999.001831
805.8125	982.123901
809.523438	986.53302
813.234375	1024.909424
816.943359	1016.681274
820.650391	1008.445862
824.357422	1028.875732
828.060547	999.958313
831.763672	984.363525
835.464844	1016.825867
839.164063	1004.564148
842.861328	1017.015564
846.558594	971.986877
850.253906	1004.497681
853.947266	1013.618713
857.638672	990.618896
861.328125	995.723511
865.017578	964.65741
868.705078	989.860291
872.390625	962.787842
876.074219	994.718079
879.755859	966.953308
883.4375	973.401794
887.117188	972.467896
890.794922	991.017334
894.470703	998.827637
898.146484	971.004761
901.818359	962.667236
905.490234	975.858643
909.160156	947.990295
912.830078	965.227478
916.496094	958.894043
920.162109	939.746399
923.826172	970.489441
927.488281	947.956604
931.148438	937.55426
934.808594	942.674133
938.466797	945.771362
942.123047	948.195129
945.777344	967.52356
949.429688	940.872742
953.082031	950.063538
956.732422	967.385376
960.380859	948.149902
964.027344	907.894592
967.673828	944.198608
971.318359	944.593445
974.960938	966.01825
978.601563	955.563354
982.240234	934.236206
985.878906	954.32428
989.515625	975.108398
993.150391	999.988464
996.783203	949.399536
1000.416016	1015.791565
1004.044922	1051.609375
1007.673828	976.464111
1011.302734	943.491516
1014.927734	951.38147
1018.552734	939.505859
1022.175781	914.660706
1025.796875	945.747925
1029.416016	981.639282
1033.035156	984.096924
1036.650391	962.643921
1040.265625	960.310669
1043.880859	973.018372
1047.492188	984.368225
1051.103516	938.926392
1054.712891	963.963684
1058.320313	954.090698
1061.925781	966.135742
1065.53125	967.222778
1069.134766	1013.57135
1072.736328	1000.957336
1076.335938	1013.040833
1079.935547	1002.475403
1083.533203	964.4245
1087.128906	998.497375
1090.722656	1026.410889
1094.316406	1015.144653
1097.90625	1001.116577
1101.496094	1000.843323
1105.085938	1037.755249
1108.671875	1002.362
1112.257813	971.074402
1115.841797	949.413269
1119.423828	989.812866
1123.003906	986.7724
1126.583984	1000.297241
1130.162109	1009.68927
1133.738281	990.761597
1137.314453	957.302979
1140.886719	968.071045
1144.458984	924.198303
1148.029297	955.722656
1151.599609	984.503418
1155.166016	979.369202
1158.732422	966.608459
1162.296875	993.34906
1165.861328	1004.161377
1169.421875	992.088074
1172.982422	1035.528809
1176.541016	1008.87677
1180.097656	995.400391
1183.654297	995.115967
1187.208984	979.536621
1190.761719	1000.804993
1194.3125	988.693542
1197.863281	1014.855042
1201.412109	1028.503662
1204.958984	1043.556519
1208.503906	1059.318359
1212.048828	1046.507446
1215.591797	1060.888062
1219.132813	1071.79126
1222.671875	1064.553345
1226.210938	1120.859497
1229.748047	1095.470581
1233.283203	1105.006958
1236.816406	1130.632813
1240.349609	1131.097412
1243.880859	1132.261719
1247.410156	1128.526245
1250.939453	1157.70459
1254.464844	1134.357544
1257.990234	1112.392944
1261.513672	1166.1427
1265.037109	1101.380127
1268.558594	1089.901123
1272.078125	1121.942017
1275.595703	1125.913818
1279.111328	1108.808594
1282.626953	1126.133789
1286.140625	1149.802124
1289.652344	1124.945801
1293.164063	1158.485962
1296.673828	1187.12439
1300.181641	1165.773926
1303.6875	1200.780396
1307.193359	1199.861694
1310.697266	1225.741699
1314.199219	1237.531616
1317.699219	1258.506714
1321.199219	1222.30249
1324.697266	1221.38916
1328.193359	1228.955078
1331.689453	1210.368164
1335.181641	1242.689941
1338.673828	1206.403687
1342.166016	1208.311768
1345.654297	1184.727783
1349.142578	1181.668823
1352.628906	1198.451416
1356.115234	1185.46875
1359.597656	1195.882324
1363.080078	1163.018921
1366.5625	1200.406494
1370.041016	1176.749756
1373.519531	1161.598877
1376.996094	1178.419067
1380.470703	1163.967041
1383.945313	1154.482178
1387.417969	1196.225586
1390.888672	1154.709839
1394.357422	1186.515991
1397.826172	1140.68689
1401.292969	1149.703979
1404.757813	1180.832886
1408.222656	1167.045654
1411.683594	1173.942505
1415.144531	1140.864502
1418.605469	1146.327271
1422.0625	1173.944092
1425.519531	1176.564941
1428.976563	1190.62915
1432.429688	1189.681396
1435.882813	1225.231812
1439.333984	1259.378906
1442.783203	1282.80957
1446.232422	1301.959595
1449.679688	1291.734619
1453.125	1277.915405
1456.570313	1282.020142
1460.011719	1305.505859
1463.453125	1270.852539
1466.894531	1279.268066
1470.332031	1249.605469
1473.769531	1233.577026
1477.207031	1312.464233
1480.640625	1297.886597
1484.074219	1232.19519
1487.505859	1232.693237
1490.935547	1211.581665
1494.365234	1193.335205
1497.792969	1161.376465
1501.21875	1140.930786
1504.644531	1176.744263
1508.066406	1157.009521
1511.490234	1171.917725
1514.910156	1168.056396
1518.330078	1116.496704
1521.748047	1162.49231
1525.164063	1143.433594
1528.580078	1159.088623
1531.992188	1180.546387
1535.40625	1193.331909
1538.816406	1148.175293
1542.226563	1160.95752
1545.634766	1195.499146
1549.041016	1182.925415
1552.447266	1237.819092
1555.851563	1239.768799
1559.253906	1231.553711
1562.65625	1285.805786
1566.056641	1253.619629
1569.455078	1272.299316
1572.851563	1261.900879
1576.248047	1281.325806
1579.642578	1275.289307
1583.035156	1219.002075
1586.427734	1207.835693
1589.818359	1189.372314
1593.207031	1222.657959
1596.595703	1235.547852
1599.982422	1201.019775
1603.367188	1229.239624
1606.751953	1191.029541
1610.132813	1216.345337
1613.513672	1221.948608
1616.894531	1244.371948
1620.273438	1247.064697
1623.650391	1255.612915
1627.025391	1232.69165
1630.400391	1226.594482
1633.773438	1224.155029
1637.144531	1233.439453
1640.513672	1253.728638
1643.882813	1264.498657
1647.251953	1256.932983
1650.617188	1264.04187
1653.982422	1301.998901
1657.345703	1315.742676
1660.707031	1324.352661
1664.068359	1321.205444
1667.427734	1312.171265
1670.787109	1325.203979
1674.142578	1333.8302
1677.498047	1287.969116
1680.853516	1278.905884
1684.205078	1230.037598
1687.556641	1243.062012
1690.90625	1201.515625
1694.255859	1182.072021
1697.603516	1207.640747
1700.949219	1209.598755
1704.294922	1184.224121
1707.638672	1182.478638
1710.980469	1142.285522
1714.320313	1156.053711
1717.660156	1166.872803
1720.998047	1088.873169
1724.335938	1147.066895
1727.669922	1133.447632
1731.003906	1168.730469
1734.337891	1149.177124
1737.669922	1153.342285
1741	1149.348633
1744.328125	1114.917603
1747.65625	1134.667603
1750.982422	1113.574707
1754.306641	1189.077148
1757.630859	1129.328247
1760.953125	1114.157349
1764.273438	1130.968628
1767.59375	1141.09375
1770.912109	1095.37793
1774.228516	1162.112183
1777.544922	1070.908447
1780.859375	1086.989014
1784.171875	1123.965332
1787.484375	1124.4104
1790.792969	1103.209473
1794.103516	1090.952026
1797.410156	1097.359985
1800.716797	1121.708008
1804.023438	1108.694946
1807.326172	1100.158691
1810.628906	1101.341919
1813.929688	1090.550049
1817.230469	1095.473755
1820.529297	1113.13562
1823.826172	1102.334717
1827.123047	1112.515869
1830.417969	1117.455078
1833.710938	1113.394653
1837.001953	1112.333008
1840.292969	1108.266846
1843.583984	1089.925171
1846.871094	1109.141357
1850.158203	1117.848022
1853.443359	1104.751953
1856.728516	1129.262329
1860.011719	1125.191528
1863.292969	1066.153198
1866.574219	1115.533081
1869.853516	1120.49353
1873.130859	1104.350586
1876.408203	1086.686523
1879.683594	1127.852661
1882.957031	1110.937988
1886.230469	1077.399536
1889.501953	1111.812134
1892.771484	1097.137207
1896.041016	1083.206421
1899.308594	1080.6073
1902.574219	1101.457275
1905.839844	1092.808472
1909.103516	1106.865234
1912.365234	1118.660645
1915.626953	1108.49231
1918.886719	1109.685303
1922.146484	1114.67041
1925.402344	1075.661743
1928.658203	1114.027344
1931.914063	1116.741699
1935.167969	1108.065796
1938.419922	1084.947388
1941.669922	1084.612427
1944.919922	1104.806763
1948.167969	1113.606812
1951.416016	1067.62439
1954.662109	1111.43396
1957.90625	1137.761841
1961.150391	1113.065918
1964.392578	1092.161255
1967.632813	1130.710815
1970.873047	1109.033325
1974.111328	1116.334351
1977.347656	1135.854248
1980.583984	1114.152466
1983.818359	1117.643555
1987.050781	1080.632446
1990.283203	1101.696899
1993.513672	1073.063354
1996.744141	1104.087524
1999.970703	1075.432007
2003.199219	1102.6521
2006.423828	1106.912354
2009.648438	1159.454346
2012.871094	1080.943848
2016.09375	1068.327515
2019.314453	1117.078979
2022.533203	1080.673096
2025.751953	1117.949463
2028.96875	1113.008057
2032.183594	1077.325684
2035.398438	1075.438843
2038.611328	1092.006714
2041.824219	1088.585083
2045.035156	1099.01355
2048.244141	1118.688843
2051.451172	1139.919678
2054.658203	1060.999756
2057.865234	1119.223145
2061.068359	1105.006836
2064.271484	1087.693604
2067.474609	1078.855469
2070.673828	1103.206787
2073.875	1078.921021
2077.072266	1113.334717
2080.269531	1102.945923
2083.464844	1101.827393
2086.660156	1070.540649
2089.853516	1060.122437
2093.044922	1133.299927
2096.236328	1103.537109
2099.425781	1114.810669
2102.613281	1071.841797
2105.800781	1102.494141
2108.986328	1085.081909
2112.169922	1081.622437
2115.353516	1094.460449
2118.535156	1117.402832
2121.716797	1099.191528
2124.896484	1098.8396
2128.074219	1063.503418
2131.251953	1126.131714
2134.427734	1093.112305
2137.603516	1104.431152
2140.777344	1096.292969
2143.949219	1122.420776
2147.119141	1114.282715
2150.289063	1113.153931
2153.458984	1102.666016
2156.625	1105.431885
2159.791016	1092.591187
2162.957031	1095.354736
2166.121094	1112.178589
2169.283203	1084.479614
2172.445313	1102.875
2175.603516	1091.571167
2178.763672	1109.98291
2181.921875	1077.544189
2185.078125	1111.62085
2188.232422	1108.133179
2191.386719	1126.578613
2194.539063	1098.797607
2197.691406	1085.891724
2200.841797	1073.76001
2203.990234	1103.20459
2207.138672	1136.596313
2210.285156	1140.959351
2213.429688	1091.122803
2216.574219	1100.972168
2219.71875	1128.124146
2222.859375	1098.672241
2226	1095.947021
2229.140625	1121.553345
2232.279297	1128.282593
2235.416016	1105.085693
2238.550781	1103.933594
2241.685547	1109.874756
2244.820313	1097.683228
2247.951172	1112.303589
2251.082031	1115.09729
2254.212891	1125.787598
2257.341797	1123.059692
2260.46875	1085.56604
2263.595703	1105.741089
2266.720703	1141.745117
2269.84375	1093.931885
2272.966797	1069.029175
2276.087891	1084.478271
2279.208984	1122.111938
2282.328125	1128.878418
2285.445313	1105.535034
2288.5625	1147.183105
2291.677734	1084.966187
2294.792969	1099.661865
2297.90625	1086.588745
2301.017578	1091.767578
2304.128906	1144.609131
2307.238281	1107.698853
2310.345703	1089.838135
2313.453125	1069.578003
2316.558594	1126.468384
2319.664063	1087.901978
2322.767578	1131.307983
2325.871094	1206.604248
2328.972656	1237.340088
2332.072266	1223.464478
2335.169922	1168.91333
2338.267578	1083.211914
2341.365234	1076.442505
2344.460938	1100.001587
2347.554688	1161.11084
2350.648438	1094.447632
2353.740234	1080.47876
2356.830078	1105.673218
2359.919922	1129.286987
2363.007813	1122.515381
2366.095703	1118.939819
2369.181641	1104.952393
2372.265625	1078.138062
2375.349609	1132.234375
2378.431641	1122.243164
2381.513672	1121.065186
2384.59375	1131.919189
2387.673828	1109.878052
2390.75	1100.665039
2393.828125	1139.632202
2396.902344	1122.388672
2399.976563	1122.813965
2403.050781	1143.34021
2406.123047	1122.860352
2409.193359	1129.722534
2412.262695	1100.367065
2415.331055	1138.630493
2418.398438	1097.977661
2421.464844	1114.510376
2424.530273	1139.116821
2427.59375	1141.160522
2430.65625	1152.886719
2433.717773	1100.054932
2436.77832	1125.499512
2439.837891	1129.963135
2442.895508	1150.589722
2445.953125	1079.085083
2449.008789	1111.028198
2452.063477	1144.612915
2455.117188	1148.281616
2458.168945	1115.52417
2461.220703	1119.184204
2464.270508	1138.239136
2467.319336	1118.407227
2470.367188	1135.854248
2473.413086	1081.941772
2476.458984	1122.916992
2479.50293	1107.106689
2482.545898	1127.01062
2485.587891	1147.741577
2488.628906	1151.423706
2491.668945	1144.540894
2494.707031	1116.509766
2497.745117	1137.266968
2500.78125	1114.094238
2503.816406	1117.769287
2506.850586	1146.693726
2509.882813	1133.274292
2512.915039	1166.300903
2515.945313	1134.940796
2518.974609	1167.176636
2522.00293	1139.872559
2525.030273	1123.975342
2528.056641	1136.645264
2531.081055	1122.36792
2534.105469	1113.799927
2537.12793	1125.661987
2540.149414	1112.181519
2543.169922	1136.322754
2546.188477	1157.20813
2549.207031	1149.454468
2552.223633	1166.264893
2555.239258	1116.723267
2558.254883	1153.204346
2561.267578	1112.639526
2564.280273	1117.156738
2567.291992	1112.651245
2570.301758	1163.138794
2573.311523	1128.263916
2576.319336	1125.399658
2579.326172	1150.473022
2582.332031	1139.393555
2585.335938	1135.707031
2588.339844	1165.747803
2591.341797	1203.217529
2594.34375	1169.911011
2597.34375	1123.401733
2600.342773	1126.292358
2603.34082	1150.614746
2606.336914	1169.183228
2609.333008	1139.099976
2612.327148	1165.928955
2615.320313	1165.53772
2618.313477	1138.72168
2621.304688	1148.2323
2624.293945	1182.540894
2627.283203	1133.380005
2630.271484	1149.514404
2633.257813	1119.331909
2636.243164	1110.644409
2639.227539	1138.378418
2642.210938	1152.052979
2645.193359	1150.823853
2648.174805	1162.026123
2651.155273	1150.849731
2654.133789	1207.679565
2657.112305	1205.63855
2660.088867	1163.752563
2663.064453	1181.62207
2666.039063	1158.80127
2669.012695	1150.089966
2671.984375	1149.685059
2674.956055	1150.942749
2677.925781	1153.864868
2680.895508	1136.815674
2683.863281	1172.202881
2686.830078	1144.320313
2689.795898	1200.564819
2692.760742	1170.171143
2695.723633	1158.097656
2698.686523	1171.871094
2701.647461	1196.501465
2704.608398	1159.382813
2707.567383	1180.686279
2710.525391	1171.934082
2713.482422	1103.010986
2716.438477	1180.323242
2719.392578	1188.285156
2722.34668	1223.021973
2725.299805	1223.473267
2728.250977	1186.252563
2731.201172	1230.238281
2734.150391	1194.667603
2737.098633	1195.946167
2740.045898	1181.295898
2742.992188	1182.569824
2745.9375	1208.175781
2748.881836	1211.138672
2751.824219	1212.424194
2754.765625	1225.469604
2757.707031	1212.476563
2760.646484	1201.154907
2763.584961	1154.508301
2766.522461	1218.020874
2769.458984	1188.175293
2772.393555	1170.934326
2775.328125	1200.838135
2778.261719	1180.218994
2781.193359	1173.067871
2784.124023	1187.830078
2787.054688	1202.602905
2789.983398	1189.545898
2792.911133	1176.478882
2795.837891	1182.820313
2798.762695	1219.570923
2801.6875	1187.067383
2804.611328	1206.942017
2807.533203	1165.108887
2810.455078	1188.372803
2813.375	1188.807983
2816.293945	1207.018433
2819.211914	1177.824097
2822.129883	1196.043213
2825.045898	1247.322754
2827.959961	1208.785889
2830.874023	1222.795654
2833.787109	1237.663696
2836.698242	1232.175781
2839.609375	1318.366577
2842.518555	1339.229492
2845.427734	1446.760132
2848.334961	1468.534546
2851.241211	1509.878052
2854.146484	1502.77478
2857.050781	1518.637085
2859.954102	1566.000732
2862.856445	1595.519287
2865.757813	1602.062744
2868.657227	1694.664673
2871.556641	1778.810303
2874.454102	1776.900269
2877.351563	1803.135864
2880.24707	1850.721558
2883.141602	1833.470215
2886.036133	1834.991211
2888.928711	1815.158081
2891.820313	1867.942871
2894.710938	1878.879761
2897.599609	1900.940796
2900.488281	1940.126099
2903.375977	1884.351807
2906.262695	1944.104004
2909.147461	1955.942749
2912.032227	2074.874268
2914.915039	2046.489624
2917.797852	2124.38916
2920.678711	2160.321777
2923.558594	2151.667969
2926.4375	2273.458984
2929.31543	2295.746338
2932.192383	2262.224121
2935.068359	2306.861084
2937.943359	2351.529785
2940.817383	2303.373291
2943.69043	2192.394043
2946.561523	2150.166748
2949.432617	2123.401367
2952.301758	2040.64917
2955.170898	1982.815552
2958.038086	2004.212036
2960.905273	1980.80127
2963.770508	1929.780151
2966.634766	1881.309448
2969.499023	1846.609863
2972.361328	1820.516846
2975.222656	1856.578369
2978.083008	1814.056396
2980.942383	1772.367432
2983.800781	1723.732422
2986.657227	1647.38916
2989.513672	1595.212891
2992.369141	1582.806763
2995.223633	1544.420044
2998.076172	1474.828857
3000.928711	1436.375
3003.779297	1403.092896
3006.629883	1372.387451
3009.478516	1385.022827
3012.327148	1379.447876
3015.173828	1313.116455
3018.019531	1293.619751
3020.865234	1278.451416
3023.708984	1260.665405
3026.551758	1300.229248
3029.393555	1272.004272
3032.234375	1229.842651
3035.074219	1224.193481
3037.913086	1250.744141
3040.750977	1245.968628
3043.587891	1274.28772
3046.423828	1258.189331
3049.258789	1287.404175
3052.091797	1291.353271
3054.924805	1297.049316
3057.756836	1287.915405
3060.586914	1282.266357
3063.416992	1323.765381
3066.246094	1290.172241
3069.073242	1304.614868
3071.900391	1254.381592
3074.725586	1288.933472
3077.550781	1229.035767
3080.374023	1268.853027
3083.196289	1254.424805
3086.018555	1225.098999
3088.838867	1209.768188
3091.658203	1247.005493
3094.477539	1217.644897
3097.294922	1204.925049
3100.111328	1225.531616
3102.926758	1230.356445
3105.741211	1248.352661
3108.554688	1232.989868
3111.367188	1238.700073
3114.178711	1201.351807
3116.990234	1258.044189
3119.799805	1264.648193
3122.607422	1170.08374
3125.415039	1240.025879
3128.22168	1221.098389
3131.027344	1191.588623
3133.832031	1202.584351
3136.635742	1224.163452
3139.438477	1219.308472
3142.240234	1202.102417
3145.041016	1240.466675
3147.839844	1208.251465
3150.638672	1211.328857
3153.436523	1181.729492
3156.233398	1194.517822
3159.02832	1188.754517
3161.823242	1192.712402
3164.617188	1203.748535
3167.410156	1214.792114
3170.201172	1215.22229
3172.992188	1245.756104
3175.782227	1220.511353
3178.570313	1190.818237
3181.358398	1165.535645
3184.144531	1164.174561
3186.930664	1198.290771
3189.71582	1198.714233
3192.499023	1166.296875
3195.282227	1214.655762
3198.063477	1175.114746
3200.844727	1168.009033
