399.333984	1052.544312
403.220703	1056.816528
407.103516	1014.017151
410.986328	1013.820679
414.867188	1049.278809
418.748047	968.201111
422.625	987.738403
426.501953	971.59082
430.375	980.303223
434.248047	995.403748
438.119141	967.108826
441.988281	949.007202
445.855469	987.752502
449.722656	979.231384
453.585938	975.818237
457.449219	1022.941223
461.310547	988.182739
465.169922	1005.257507
469.027344	987.11554
472.882813	983.056091
476.736328	963.606018
480.589844	964.022156
484.441406	979.196899
488.289063	1003.371826
492.136719	989.675781
495.984375	1014.518005
499.828125	1000.814331
503.669922	1005.747314
507.511719	984.950745
511.351563	1002.109253
515.189453	1025.077271
519.025391	1011.347107
522.859375	1002.115967
526.691406	1014.152466
530.523438	1015.234009
534.351563	1045.35376
538.179688	1016.107849
542.005859	1023.003235
545.830078	985.968628
549.654297	1013.540894
553.474609	1033.376587
557.294922	1029.938965
561.113281	1029.734131
564.927734	994.563721
568.744141	1002.116333
572.556641	988.289185
576.367188	988.713318
580.177734	967.084595
583.986328	963.606079
587.792969	997.127014
591.597656	961.185364
595.400391	969.394043
599.201172	962.659363
603.001953	982.580322
606.800781	955.026917
610.597656	982.120361
614.392578	968.867249
618.185547	983.612671
621.976563	1004.887207
625.767578	1017.052246
629.556641	1007.703613
633.34375	983.338928
637.128906	1022.926819
640.912109	995.934937
644.693359	1012.694153
648.474609	993.517822
652.253906	1022.71405
656.03125	1012.02948
659.806641	1030.786499
663.580078	1031.226318
667.353516	1042.146606
671.123047	1006.549255
674.892578	1060.73645
678.660156	1037.577393
682.425781	1007.836975
686.191406	1056.841675
689.953125	1045.471191
693.714844	1024.892944
697.474609	1070.68042
701.232422	1057.985352
704.988281	1068.302856
708.744141	1066.124878
712.498047	1093.572021
716.248047	1081.522461
719.998047	1150.512085
723.748047	1134.520508
727.494141	1159.404175
731.240234	1134.824951
734.982422	1094.383057
738.724609	1100.790771
742.464844	1119.755493
746.205078	1126.839722
749.941406	1156.409912
753.677734	1131.764771
757.412109	1140.185669
761.144531	1180.390503
764.875	1121.945679
768.605469	1156.87561
772.332031	1152.725586
776.058594	1199.634277
779.783203	1275.773071
783.505859	1277.640503
787.228516	1260.917603
790.947266	1214.287842
794.666016	1186.22583
798.382813	1198.694458
802.097656	1255.070923
805.8125	1257.597656
809.523438	1244.149902
813.234375	1256.662842
816.943359	1279.179565
820.650391	1221.065918
824.357422	1239.585205
828.060547	1214.092163
831.763672	1208.598145
835.464844	1204.43457
839.164063	1200.935059
842.861328	1232.84729
846.558594	1218.660278
850.253906	1268.663208
853.947266	1269.197754
857.638672	1246.974976
861.328125	1225.402832
865.017578	1260.753662
868.705078	1224.424316
872.390625	1216.223633
876.074219	1186.551758
879.755859	1201.813599
883.4375	1200.305176
887.117188	1203.496216
890.794922	1224.830322
894.470703	1237.443848
898.146484	1232.584351
901.818359	1205.520386
905.490234	1199.296631
909.160156	1176.235107
912.830078	1186.832397
916.496094	1179.244263
920.162109	1177.716553
923.826172	1178.210571
927.488281	1202.319336
931.148438	1192.023682
934.808594	1211.430786
938.466797	1208.560669
942.123047	1180.006226
945.777344	1192.670532
949.429688	1170.172363
953.082031	1174.722412
956.732422	1124.44165
960.380859	1194.668945
964.027344	1182.295532
967.673828	1172.622803
971.318359	1204.305786
974.960938	1183.100952
978.601563	1181.559448
982.240234	1186.805908
985.878906	1188.660156
989.515625	1208.183105
993.150391	1212.08667
996.783203	1234.355347
1000.416016	1325.359741
1004.044922	1338.845093
1007.673828	1255.648438
1011.302734	1222.792236
1014.927734	1232.161621
1018.552734	1201.312988
1022.175781	1179.305298
1025.796875	1238.47937
1029.416016	1283.367065
1033.035156	1269.560181
1036.650391	1246.176392
1040.265625	1248.062134
1043.880859	1255.419312
1047.492188	1240.208252
1051.103516	1242.777222
1054.712891	1254.248169
1058.320313	1267.783081
1061.925781	1271.736084
1065.53125	1222.909546
1069.134766	1284.451416
1072.736328	1280.182617
1076.335938	1265.614746
1079.935547	1273.00647
1083.533203	1301.698242
1087.128906	1326.290405
1090.722656	1342.65271
1094.316406	1318.450073
1097.90625	1323.125122
1101.496094	1301.646973
1105.085938	1333.174561
1108.671875	1304.104004
1112.257813	1283.968506
1115.841797	1274.158081
1119.423828	1266.408569
1123.003906	1253.822021
1126.583984	1308.187256
1130.162109	1255.550659
1133.738281	1245.015625
1137.314453	1199.220703
1140.886719	1205.248413
1144.458984	1219.582031
1148.029297	1237.387451
1151.599609	1242.052856
1155.166016	1239.102905
1158.732422	1254.858765
1162.296875	1242.899414
1165.861328	1285.714966
1169.421875	1296.6521
1172.982422	1279.141846
1176.541016	1282.446899
1180.097656	1258.66394
1183.654297	1275.166016
1187.208984	1236.06543
1190.761719	1278.304077
1194.3125	1259.349243
1197.863281	1314.160767
1201.412109	1361.3573
1204.958984	1382.816895
1208.503906	1384.08313
1212.048828	1393.019287
1215.591797	1422.189819
1219.132813	1451.383911
1222.671875	1468.734619
1226.210938	1475.623779
1229.748047	1481.81958
1233.283203	1467.052246
1236.816406	1506.112061
1240.349609	1507.430298
1243.880859	1496.852905
1247.410156	1555.574097
1250.939453	1509.988525
1254.464844	1535.131226
1257.990234	1558.191284
1261.513672	1499.92749
1265.037109	1485.109375
1268.558594	1480.805786
1272.078125	1501.071411
1275.595703	1461.651123
1279.111328	1483.330078
1282.626953	1482.531982
1286.140625	1533.772705
1289.652344	1525.958374
1293.164063	1568.108521
1296.673828	1614.517334
1300.181641	1604.612183
1303.6875	1611.61084
1307.193359	1660.913086
1310.697266	1641.139771
1314.199219	1670.032715
1317.699219	1679.185303
1321.199219	1643.153076
1324.697266	1633.228271
1328.193359	1664.990234
1331.689453	1676.982056
1335.181641	1656.448364
1338.673828	1655.709473
1342.166016	1679.744385
1345.654297	1625.194336
1349.142578	1537.302979
1352.628906	1521.629272
1356.115234	1576.134644
1359.597656	1549.82373
1363.080078	1603.674561
1366.5625	1548.957397
1370.041016	1565.212036
1373.519531	1554.482178
1376.996094	1575.726807
1380.470703	1568.546875
1383.945313	1546.422729
1387.417969	1529.261597
1390.888672	1470.083618
1394.357422	1563.266846
1397.826172	1528.990723
1401.292969	1543.155029
1404.757813	1531.660034
1408.222656	1543.696045
1411.683594	1504.359131
1415.144531	1532.813477
1418.605469	1536.292847
1422.0625	1595.50647
1425.519531	1561.128662
1428.976563	1558.901733
1432.429688	1553.811157
1435.882813	1645.331787
1439.333984	1696.116333
1442.783203	1708.263916
1446.232422	1752.665527
1449.679688	1759.110352
1453.125	1778.468262
1456.570313	1723.947632
1460.011719	1737.564331
1463.453125	1700.932007
1466.894531	1711.676392
1470.332031	1649.852905
1473.769531	1696.527832
1477.207031	1702.248169
1480.640625	1701.497559
1484.074219	1702.905273
1487.505859	1637.350708
1490.935547	1608.479126
1494.365234	1527.699707
1497.792969	1528.31665
1501.21875	1520.279541
1504.644531	1488.426392
1508.066406	1534.499146
1511.490234	1507.67981
1514.910156	1538.627197
1518.330078	1526.240112
1521.748047	1536.253784
1525.164063	1509.390259
1528.580078	1543.280884
1531.992188	1526.531128
1535.40625	1548.869507
1538.816406	1503.856079
1542.226563	1497.939453
1545.634766	1536.966797
1549.041016	1534.684326
1552.447266	1586.091675
1555.851563	1661.493408
1559.253906	1632.389526
1562.65625	1631.59314
1566.056641	1643.150146
1569.455078	1668.529663
1572.851563	1728.113159
1576.248047	1751.363525
1579.642578	1724.406616
1583.035156	1655.192261
1586.427734	1686.453369
1589.818359	1670.368408
1593.207031	1646.250244
1596.595703	1660.768799
1599.982422	1631.518921
1603.367188	1644.58252
1606.751953	1631.36731
1610.132813	1651.015259
1613.513672	1632.675293
1616.894531	1671.348022
1620.273438	1653.000732
1623.650391	1661.711548
1627.025391	1636.024902
1630.400391	1667.436157
1633.773438	1680.557617
1637.144531	1686.360229
1640.513672	1681.902588
1643.882813	1713.380981
1647.251953	1736.812744
1650.617188	1800.635742
1653.982422	1803.558472
1657.345703	1810.156372
1660.707031	1843.95166
1664.068359	1854.981323
1667.427734	1829.97876
1670.787109	1805.69165
1674.142578	1791.690186
1677.498047	1771.785889
1680.853516	1756.285522
1684.205078	1743.720215
1687.556641	1717.135986
1690.90625	1703.069092
1694.255859	1677.184448
1697.603516	1640.94458
1700.949219	1625.352173
1704.294922	1624.522095
1707.638672	1584.521362
1710.980469	1575.540771
1714.320313	1566.552612
1717.660156	1542.758301
1720.998047	1559.657104
1724.335938	1554.353394
1727.669922	1493.483887
1731.003906	1540.026489
1734.337891	1548.794189
1737.669922	1567.952148
1741	1518.119629
1744.328125	1517.980347
1747.65625	1509.672241
1750.982422	1533.300903
1754.306641	1505.669067
1757.630859	1504.036133
1760.953125	1497.195313
1764.273438	1512.67041
1767.59375	1482.751953
1770.912109	1512.381104
1774.228516	1477.223389
1777.544922	1506.128052
1780.859375	1536.546143
1784.171875	1512.54248
1787.484375	1539.255981
1790.792969	1514.487183
1794.103516	1525.540771
1797.410156	1543.325928
1800.716797	1536.463501
1804.023438	1552.770996
1807.326172	1535.435669
1810.628906	1552.503052
1813.929688	1519.434814
1817.230469	1487.088867
1820.529297	1517.639771
1823.826172	1519.738159
1827.123047	1535.331909
1830.417969	1521.688721
1833.710938	1505.033447
1837.001953	1516.885864
1840.292969	1529.498291
1843.583984	1512.825195
1846.871094	1552.497314
1850.158203	1504.246094
1853.443359	1524.392212
1856.728516	1540.792236
1860.011719	1574.515503
1863.292969	1523.183472
1866.574219	1504.199585
1869.853516	1461.840942
1873.130859	1472.216187
1876.408203	1506.731079
1879.683594	1542.781738
1882.957031	1525.275635
1886.230469	1530.40564
1889.501953	1537.805298
1892.771484	1531.609619
1896.041016	1508.022827
1899.308594	1529.032837
1902.574219	1568.971436
1905.839844	1508.287598
1909.103516	1539.163574
1912.365234	1559.459961
1915.626953	1550.22229
1918.886719	1541.734985
1922.146484	1566.604858
1925.402344	1564.943726
1928.658203	1532.166992
1931.914063	1587.428223
1935.167969	1575.139526
1938.419922	1528.651367
1941.669922	1571.813965
1944.919922	1511.600708
1948.167969	1538.055298
1951.416016	1506.697266
1954.662109	1532.408569
1957.90625	1561.185913
1961.150391	1583.128662
1964.392578	1555.548462
1967.632813	1573.693237
1970.873047	1556.765503
1974.111328	1562.715454
1977.347656	1511.418945
1980.583984	1554.773438
1983.818359	1588.230347
1987.050781	1567.452026
1990.283203	1532.130981
1993.513672	1510.54895
1996.744141	1516.494507
1999.970703	1557.654175
2003.199219	1573.576538
2006.423828	1536.654907
2009.648438	1491.274414
2012.871094	1527.120728
2016.09375	1538.452881
2019.314453	1531.380249
2022.533203	1533.511963
2025.751953	1501.860718
2028.96875	1515.503662
2032.183594	1549.904297
2035.398438	1532.05835
2038.611328	1552.649048
2041.824219	1541.713379
2045.035156	1538.464966
2048.244141	1535.213745
2051.451172	1596.657715
2054.658203	1554.900024
2057.865234	1547.025391
2061.068359	1543.770874
2064.271484	1599.912354
2067.474609	1536.481567
2070.673828	1536.306152
2073.875	1558.527222
2077.072266	1551.406006
2080.269531	1562.055786
2083.464844	1553.383301
2086.660156	1534.647949
2089.853516	1540.659668
2093.044922	1560.609741
2096.236328	1544.17749
2099.425781	1509.139038
2102.613281	1588.774902
2105.800781	1580.861816
2108.986328	1569.064209
2112.169922	1545.618286
2115.353516	1547.768921
2118.535156	1516.530762
2121.716797	1552.85083
2124.896484	1572.102173
2128.074219	1518.291016
2131.251953	1562.430054
2134.427734	1552.141724
2137.603516	1555.076416
2140.777344	1559.570313
2143.949219	1550.825562
2147.119141	1567.788086
2150.289063	1564.495728
2153.458984	1508.952393
2156.625	1530.598022
2159.791016	1544.455688
2162.957031	1570.034424
2166.121094	1548.77124
2169.283203	1548.586914
2172.445313	1555.43689
2175.603516	1566.201294
2178.763672	1537.862183
2181.921875	1558.800293
2185.078125	1612.633057
2188.232422	1563.133423
2191.386719	1553.550415
2194.539063	1502.421631
2197.691406	1547.689697
2200.841797	1545.147705
2203.990234	1541.818604
2207.138672	1529.852295
2210.285156	1576.769653
2213.429688	1551.452515
2216.574219	1547.333496
2219.71875	1580.159912
2222.859375	1588.631226
2226	1586.094116
2229.140625	1568.600586
2232.279297	1614.081909
2235.416016	1550.900757
2238.550781	1568.830688
2241.685547	1548.14917
2244.820313	1569.245361
2247.951172	1582.46875
2251.082031	1515.995728
2254.212891	1570.26062
2257.341797	1574.021118
2260.46875	1592.795654
2263.595703	1561.790161
2266.720703	1540.248901
2269.84375	1596.207153
2272.966797	1556.462158
2276.087891	1570.514526
2279.208984	1591.704346
2282.328125	1616.078613
2285.445313	1565.18396
2288.5625	1533.277222
2291.677734	1541.000854
2294.792969	1608.235596
2297.90625	1562.814575
2301.017578	1615.021973
2304.128906	1564.007935
2307.238281	1532.819946
2310.345703	1543.738647
2313.453125	1545.917847
2316.558594	1612.536255
2319.664063	1588.480225
2322.767578	1583.512695
2325.871094	1654.999023
2328.972656	1649.255615
2332.072266	1695.315308
2335.169922	1650.511963
2338.267578	1567.386841
2341.365234	1570.377197
2344.460938	1526.272217
2347.554688	1587.543701
2350.648438	1570.572388
2353.740234	1565.575317
2356.830078	1578.962036
2359.919922	1557.168335
2363.007813	1585.762939
2366.095703	1595.969971
2369.181641	1600.57959
2372.265625	1542.714722
2375.349609	1604.198975
2378.431641	1586.370972
2381.513672	1602.209106
2384.59375	1586.772583
2387.673828	1581.756836
2390.75	1588.779053
2393.828125	1586.971924
2396.902344	1585.966553
2399.976563	1646.847412
2403.050781	1558.223145
2406.123047	1628.790894
2409.193359	1576.301025
2412.262695	1606.680786
2415.331055	1611.315063
2418.398438	1615.146973
2421.464844	1606.087524
2424.530273	1613.144287
2427.59375	1591.172852
2430.65625	1629.692871
2433.717773	1634.344238
2436.77832	1593.78479
2439.837891	1617.809937
2442.895508	1607.91687
2445.953125	1559.217407
2449.008789	1584.064209
2452.063477	1630.77002
2455.117188	1638.668213
2458.168945	1593.952881
2461.220703	1590.504761
2464.270508	1599.205811
2467.319336	1623.311279
2470.367188	1632.841187
2473.413086	1628.589966
2476.458984	1601.617188
2479.50293	1586.798706
2482.545898	1604.447388
2485.587891	1617.235352
2488.628906	1627.594727
2491.668945	1611.136475
2494.707031	1616.621582
2497.745117	1613.975342
2500.78125	1635.740967
2503.816406	1650.195435
2506.850586	1583.219238
2509.882813	1639.214844
2512.915039	1599.894165
2515.945313	1664.906006
2518.974609	1636.983643
2522.00293	1647.389282
2525.030273	1661.067383
2528.056641	1611.880493
2531.081055	1650.060547
2534.105469	1638.421631
2537.12793	1638.218262
2540.149414	1664.18335
2543.169922	1640.264282
2546.188477	1662.156738
2549.207031	1621.025513
2552.223633	1571.672974
2555.239258	1605.853027
2558.254883	1644.156372
2561.267578	1642.311646
2564.280273	1669.99353
2567.291992	1675.541138
2570.301758	1658.92981
2573.311523	1660.37085
2576.319336	1604.310547
2579.326172	1670.651123
2582.332031	1663.054321
2585.335938	1684.234741
2588.339844	1641.260986
2591.341797	1660.802246
2594.34375	1671.301514
2597.34375	1640.627808
2600.342773	1680.787476
2603.34082	1650.917847
2606.336914	1659.778442
2609.333008	1661.221802
2612.327148	1633.785767
2615.320313	1608.805176
2618.313477	1639.957397
2621.304688	1664.523804
2624.293945	1629.609131
2627.283203	1693.043213
2630.271484	1663.901489
2633.257813	1662.865601
2636.243164	1686.65686
2639.227539	1707.981567
2642.210938	1652.297363
2645.193359	1700.965698
2648.174805	1669.272949
2651.155273	1704.716797
2654.133789	1697.055176
2657.112305	1703.493408
2660.088867	1646.850952
2663.064453	1664.069336
2666.039063	1658.871704
2669.012695	1674.44458
2671.984375	1691.691284
2674.956055	1654.895996
2677.925781	1674.643188
2680.895508	1701.894531
2683.863281	1680.046509
2686.830078	1680.668457
2689.795898	1692.12146
2692.760742	1709.416748
2695.723633	1733.394531
2698.686523	1694.000244
2701.647461	1717.154785
2704.608398	1667.708252
2707.567383	1730.114502
2710.525391	1756.648193
2713.482422	1749.776611
2716.438477	1760.453857
2719.392578	1779.500977
2722.34668	1725.782593
2725.299805	1769.098755
2728.250977	1768.077148
2731.201172	1728.530884
2734.150391	1722.466064
2737.098633	1754.110229
2740.045898	1721.220947
2742.992188	1768.82251
2745.9375	1737.591675
2748.881836	1702.980225
2751.824219	1688.493896
2754.765625	1758.8302
2757.707031	1718.30542
2760.646484	1702.967041
2763.584961	1760.772217
2766.522461	1751.325562
2769.458984	1769.640625
2772.393555	1767.765625
2775.328125	1746.520508
2778.261719	1744.634888
2781.193359	1777.29895
2784.124023	1750.974609
2787.054688	1734.750488
2789.983398	1720.201416
2792.911133	1763.030518
2795.837891	1711.33252
2798.762695	1744.89856
2801.6875	1742.158691
2804.611328	1719.976929
2807.533203	1754.427368
2810.455078	1763.528198
2813.375	1730.328979
2816.293945	1763.127075
2819.211914	1776.473633
2822.129883	1773.735596
2825.045898	1783.705444
2827.959961	1799.616089
2830.874023	1802.818115
2833.787109	1828.077637
2836.698242	1875.419067
2839.609375	1981.369995
2842.518555	2010.967407
2845.427734	2198.599854
2848.334961	2226.597412
2851.241211	2312.425781
2854.146484	2400.867676
2857.050781	2447.685547
2859.954102	2415.385986
2862.856445	2523.542725
2865.757813	2616.447021
2868.657227	2690.674072
2871.556641	2782.001221
2874.454102	2794.098877
2877.351563	2845.44043
2880.24707	2918.150146
2883.141602	2923.480225
2886.036133	2950.1604
2888.928711	2953.796143
2891.820313	2959.997314
2894.710938	2957.654297
2897.599609	3018.587891
2900.488281	3063.312012
2903.375977	3108.067871
2906.262695	3084.371094
2909.147461	3212.233398
2912.032227	3259.660156
2914.915039	3364.538818
2917.797852	3444.631104
2920.678711	3571.949219
2923.558594	3597.266357
2926.4375	3606.294434
2929.31543	3734.666016
2932.192383	3809.021973
2935.068359	3779.47168
2937.943359	3806.624756
2940.817383	3780.489746
2943.69043	3612.418457
2946.561523	3524.24292
2949.432617	3384.359375
2952.301758	3284.842529
2955.170898	3165.441895
2958.038086	3153.661377
2960.905273	3092.739258
2963.770508	3084.371582
2966.634766	3025.104248
2969.499023	2958.890137
2972.361328	2966.000977
2975.222656	2815.09082
2978.083008	2764.276367
2980.942383	2693.549316
2983.800781	2642.652832
2986.657227	2564.046631
2989.513672	2502.684814
2992.369141	2430.893555
2995.223633	2346.064209
2998.076172	2295.813965
3000.928711	2204.80957
3003.779297	2201.27002
3006.629883	2176.92041
3009.478516	2097.047852
3012.327148	2053.55542
3015.173828	1974.447998
3018.019531	1969.948486
3020.865234	1931.573364
3023.708984	1925.31665
3026.551758	1878.205566
3029.393555	1852.796509
3032.234375	1883.903198
3035.074219	1890.6698
3037.913086	1878.292236
3040.750977	1845.008667
3043.587891	1881.381714
3046.423828	1882.927368
3049.258789	1919.339233
3052.091797	1920.898804
3054.924805	1933.798462
3057.756836	1959.795532
3060.586914	1970.97168
3063.416992	1928.017212
3066.246094	1940.062622
3069.073242	1928.523071
3071.900391	1930.960938
3074.725586	1920.283447
3077.550781	1906.973633
3080.374023	1841.149536
3083.196289	1824.299561
3086.018555	1903.763672
3088.838867	1810.710327
3091.658203	1826.254028
3094.477539	1813.756104
3097.294922	1828.434204
3100.111328	1813.295532
3102.926758	1794.635376
3105.741211	1808.443359
3108.554688	1791.523682
3111.367188	1799.189941
3114.178711	1790.163574
3116.990234	1801.350586
3119.799805	1823.977905
3122.607422	1799.11377
3125.415039	1826.156006
3128.22168	1767.819458
3131.027344	1828.335571
3133.832031	1806.078979
3136.635742	1825.228638
3139.438477	1801.19104
3142.240234	1799.184814
3145.041016	1795.412231
3147.839844	1751.92041
3150.638672	1777.263062
3153.436523	1798.207275
3156.233398	1776.756958
3159.02832	1826.88147
3161.823242	1793.047241
3164.617188	1786.606812
3167.410156	1768.659424
3170.201172	1777.251587
3172.992188	1781.422363
3175.782227	1795.338501
3178.570313	1824.326538
3181.358398	1762.928101
3184.144531	1769.758057
3186.930664	1773.931519
3189.71582	1758.587524
3192.499023	1758.321167
3195.282227	1714.546997
3198.063477	1783.545288
3200.844727	1791.539307
