399.333984	910.806824
403.220703	901.028259
407.103516	883.607178
410.986328	894.173279
414.867188	876.733582
418.748047	859.278503
422.625	850.729492
426.501953	837.072632
430.375	848.915833
434.248047	838.436218
438.119141	830.500732
441.988281	822.558044
445.855469	853.581726
449.722656	825.187805
453.585938	829.381592
457.449219	818.225037
461.310547	816.658813
465.169922	809.968628
469.027344	836.58197
472.882813	811.309692
476.736328	789.862
480.589844	832.535461
484.441406	824.553101
488.289063	830.686584
492.136719	847.743042
495.984375	815.983459
499.828125	862.615845
503.669922	830.191711
507.511719	847.276367
511.351563	823.184143
515.189453	849.294556
519.025391	841.286194
522.859375	822.315063
526.691406	813.643005
530.523438	865.593384
534.351563	825.958557
538.179688	865.692932
542.005859	842.815186
545.830078	816.686951
549.654297	815.7453
553.474609	824.502563
557.294922	844.91217
561.113281	821.32782
564.927734	817.795593
568.744141	811.668884
572.556641	821.090149
576.367188	820.145813
580.177734	775.094666
583.986328	764.395935
587.792969	803.024841
591.597656	811.811951
595.400391	796.566406
599.201172	778.057556
603.001953	807.003418
606.800781	793.036621
610.597656	789.47113
614.392578	801.529297
618.185547	799.918091
621.976563	817.203979
625.767578	824.07312
629.556641	814.641968
633.34375	831.303101
637.128906	786.615723
640.912109	832.666931
644.693359	844.782959
648.474609	839.261108
652.253906	825.88739
656.03125	837.361145
659.806641	820.047913
663.580078	859.027893
667.353516	875.114929
671.123047	852.55249
674.892578	859.471802
678.660156	826.389099
682.425781	875.952087
686.191406	859.914673
689.953125	820.222107
693.714844	844.222717
697.474609	861.670959
701.232422	830.475708
704.988281	865.693665
708.744141	866.061951
712.498047	864.455139
716.248047	890.510559
719.998047	892.20697
723.748047	902.474487
727.494141	901.53894
731.240234	892.025208
734.982422	920.126648
738.724609	884.858826
742.464844	866.737
746.205078	896.18457
749.941406	897.887146
753.677734	916.789001
757.412109	914.530823
761.144531	921.538818
764.875	925.903198
768.605469	940.872498
772.332031	967.785767
776.058594	988.753235
779.783203	1003.767334
783.505859	1000.873718
787.228516	1003.953308
790.947266	975.814453
794.666016	981.543701
798.382813	971.986328
802.097656	985.699585
805.8125	974.139099
809.523438	1001.843567
813.234375	1011.590271
816.943359	1017.347473
820.650391	989.11676
824.357422	988.867554
828.060547	992.620361
831.763672	958.336304
835.464844	960.075928
839.164063	978.514954
842.861328	997.637451
846.558594	988.699158
850.253906	985.103271
853.947266	992.208923
857.638672	977.901489
861.328125	972.286804
865.017578	995.4729
868.705078	967.074097
872.390625	974.856201
876.074219	945.75354
879.755859	951.519653
883.4375	964.674744
887.117188	963.737183
890.794922	956.079773
894.470703	946.399231
898.146484	932.675659
901.818359	984.194397
905.490234	987.299744
909.160156	954.049866
912.830078	952.429626
916.496094	968.328003
920.162109	967.385986
923.826172	960.373169
927.488281	920.968506
931.148438	932.154358
934.808594	950.102051
938.466797	897.807251
942.123047	896.155884
945.777344	948.592285
949.429688	915.845886
953.082031	936.529846
956.732422	929.47522
960.380859	953.567932
964.027344	948.54657
967.673828	910.3078
971.318359	943.915344
974.960938	951.772156
978.601563	942.66864
982.240234	932.878296
985.878906	926.475708
989.515625	926.183105
993.150391	932.008301
996.783203	963.681335
1000.416016	1002.184204
1004.044922	1027.786621
1007.673828	988.040039
1011.302734	952.347351
1014.927734	939.11438
1018.552734	942.233032
1022.175781	943.3078
1025.796875	960.759827
1029.416016	980.273987
1033.035156	947.901794
1036.650391	950.34613
1040.265625	946.640747
1043.880859	962.077881
1047.492188	978.21167
1051.103516	962.878601
1054.712891	987.241211
1058.320313	983.542175
1061.925781	961.339355
1065.53125	952.142029
1069.134766	984.768921
1072.736328	980.37561
1076.335938	990.391541
1079.935547	999.042297
1083.533203	1023.498901
1087.128906	1020.487671
1090.722656	994.099304
1094.316406	1028.900024
1097.90625	1014.877625
1101.496094	990.51825
1105.085938	986.797058
1108.671875	951.382751
1112.257813	982.79071
1115.841797	986.645203
1119.423828	991.882141
1123.003906	997.123169
1126.583984	1014.103943
1130.162109	962.72699
1133.738281	952.761719
1137.314453	960.067749
1140.886719	950.09259
1144.458984	942.875977
1148.029297	954.338562
1151.599609	961.656311
1155.166016	981.447083
1158.732422	970.072998
1162.296875	1009.292542
1165.861328	995.8396
1169.421875	980.987793
1172.982422	1007.766663
1176.541016	1030.401367
1180.097656	1011.376831
1183.654297	993.726135
1187.208984	962.851868
1190.761719	972.290039
1194.3125	1047.834229
1197.863281	1017.639282
1201.412109	1030.592651
1204.958984	1056.792603
1208.503906	1060.015381
1212.048828	1064.634888
1215.591797	1039.963257
1219.132813	1082.257935
1222.671875	1113.418091
1226.210938	1159.967407
1229.748047	1135.293213
1233.283203	1149.039429
1236.816406	1139.722656
1240.349609	1139.491455
1243.880859	1136.460449
1247.410156	1151.628906
1250.939453	1107.27832
1254.464844	1139.962769
1257.990234	1147.440063
1261.513672	1114.953125
1265.037109	1128.739258
1268.558594	1122.184082
1272.078125	1145.111084
1275.595703	1132.235229
1279.111328	1122.861938
1282.626953	1173.231812
1286.140625	1161.053955
1289.652344	1160.825928
1293.164063	1173.969971
1296.673828	1172.338135
1300.181641	1196.062988
1303.6875	1213.464722
1307.193359	1249.209595
1310.697266	1235.615356
1314.199219	1245.292603
1317.699219	1238.037476
1321.199219	1232.894409
1324.697266	1263.773926
1328.193359	1214.821045
1331.689453	1216.731079
1335.181641	1267.444702
1338.673828	1225.508057
1342.166016	1233.794556
1345.654297	1211.637329
1349.142578	1208.589355
1352.628906	1187.820557
1356.115234	1180.505737
1359.597656	1215.033447
1363.080078	1170.114746
1366.5625	1181.239746
1370.041016	1161.125977
1373.519531	1155.204834
1376.996094	1164.914795
1380.470703	1124.148926
1383.945313	1127.451782
1387.417969	1164.914429
1390.888672	1150.438354
1394.357422	1185.803711
1397.826172	1164.198853
1401.292969	1155.406128
1404.757813	1133.770752
1408.222656	1132.804688
1411.683594	1100.437256
1415.144531	1182.272583
1418.605469	1182.752563
1422.0625	1157.510254
1425.519531	1160.124512
1428.976563	1167.031006
1432.429688	1221.158203
1435.882813	1233.104248
1439.333984	1252.935181
1442.783203	1296.418335
1446.232422	1304.109253
1449.679688	1296.035645
1453.125	1299.429199
1456.570313	1286.324585
1460.011719	1267.467407
1463.453125	1260.082642
1466.894531	1254.846313
1470.332031	1198.586548
1473.769531	1216.324219
1477.207031	1219.692871
1480.640625	1219.466553
1484.074219	1241.551758
1487.505859	1175.810791
1490.935547	1192.132935
1494.365234	1126.318237
1497.792969	1125.331299
1501.21875	1127.949341
1504.644531	1095.216309
1508.066406	1111.537476
1511.490234	1097.544678
1514.910156	1080.650879
1518.330078	1065.188354
1521.748047	1082.245605
1525.164063	1100.762817
1528.580078	1117.847656
1531.992188	1118.298096
1535.40625	1087.611938
1538.816406	1105.435669
1542.226563	1118.925293
1545.634766	1128.800659
1549.041016	1153.914307
1552.447266	1174.694702
1555.851563	1202.75
1559.253906	1179.270752
1562.65625	1135.431885
1566.056641	1207.108521
1569.455078	1242.491211
1572.851563	1225.53479
1576.248047	1247.12793
1579.642578	1221.424438
1583.035156	1226.284058
1586.427734	1213.663696
1589.818359	1200.303955
1593.207031	1192.765869
1596.595703	1185.950806
1599.982422	1217.072266
1603.367188	1217.560425
1606.751953	1211.47644
1610.132813	1184.20166
1613.513672	1171.52124
1616.894531	1208.546875
1620.273438	1235.362061
1623.650391	1226.344604
1627.025391	1196.823608
1630.400391	1190.712036
1633.773438	1201.444824
1637.144531	1213.651733
1640.513672	1235.399292
1643.882813	1205.087769
1647.251953	1229.050049
1650.617188	1265.51001
1653.982422	1293.921021
1657.345703	1296.64209
1660.707031	1291.28064
1664.068359	1317.529297
1667.427734	1308.493652
1670.787109	1294.299805
1674.142578	1268.316406
1677.498047	1241.575684
1680.853516	1238.387573
1684.205078	1231.511597
1687.556641	1211.358765
1690.90625	1186.764038
1694.255859	1199.043091
1697.603516	1172.946899
1700.949219	1167.50647
1704.294922	1100.744873
1707.638672	1144.787109
1710.980469	1117.147827
1714.320313	1088.746704
1717.660156	1114.337646
1720.998047	1125.884399
1724.335938	1073.755371
1727.669922	1084.553833
1731.003906	1075.350586
1734.337891	1117.296753
1737.669922	1062.85498
1741	1088.505127
1744.328125	1100.071899
1747.65625	1096.795776
1750.982422	1076.430786
1754.306641	1061.251465
1757.630859	1072.824585
1760.953125	1037.549683
1764.273438	1036.473145
1767.59375	1043.583374
1770.912109	1029.104248
1774.228516	1105.49646
1777.544922	1059.729858
1780.859375	1069.841675
1784.171875	1044.907349
1787.484375	1101.280518
1790.792969	1079.324097
1794.103516	1073.777588
1797.410156	1086.154785
1800.716797	1079.111572
1804.023438	1102.714111
1807.326172	1090.436035
1810.628906	1047.471924
1813.929688	1055.370972
1817.230469	1071.512695
1820.529297	1081.674194
1823.826172	1070.11145
1827.123047	1060.78833
1830.417969	1085.206299
1833.710938	1068.378662
1837.001953	1068.049805
1840.292969	1063.215332
1843.583984	1051.616333
1846.871094	1060.297119
1850.158203	1080.26062
1853.443359	1047.59668
1856.728516	1048.761963
1860.011719	1066.48584
1863.292969	1069.917847
1866.574219	1057.534424
1869.853516	1068.500244
1873.130859	1046.306274
1876.408203	1045.209839
1879.683594	1066.744873
1882.957031	1067.919312
1886.230469	1044.934082
1889.501953	1086.131714
1892.771484	1090.336792
1896.041016	1047.678955
1899.308594	1060.946167
1902.574219	1093.135864
1905.839844	1079.186157
1909.103516	1047.812256
1912.365234	1060.341919
1915.626953	1030.450806
1918.886719	1055.110596
1922.146484	1054.008057
1925.402344	1069.59314
1928.658203	1097.332031
1931.914063	1080.301392
1935.167969	1055.662476
1938.419922	1077.349731
1941.669922	1067.130981
1944.919922	1072.871582
1948.167969	1053.514648
1951.416016	1083.604492
1954.662109	1099.253906
1957.90625	1080.645264
1961.150391	1081.829956
1964.392578	1066.248047
1967.632813	1071.239868
1970.873047	1042.674438
1974.111328	1101.073364
1977.347656	1067.15332
1980.583984	1024.806519
1983.818359	1053.472656
1987.050781	1091.331787
1990.283203	1077.996338
1993.513672	1090.654541
1996.744141	1086.489502
1999.970703	1071.604858
2003.199219	1064.365601
2006.423828	1021.117126
2009.648438	1057.532715
2012.871094	1100.876221
2016.09375	1077.53064
2019.314453	1051.097656
2022.533203	1069.927734
2025.751953	1078.790527
2028.96875	1055.398926
2032.183594	1035.0625
2035.398438	1056.989502
2038.611328	1068.167236
2041.824219	1090.893066
2045.035156	1047.449219
2048.244141	1033.228149
2051.451172	1100.638672
2054.658203	1065.622803
2057.865234	1058.328735
2061.068359	1059.511108
2064.271484	1064.551147
2067.474609	1047.21521
2070.673828	1036.813599
2073.875	1062.702393
2077.072266	1028.34729
2080.269531	1019.471375
2083.464844	1073.991699
2086.660156	1067.446655
2089.853516	1070.955811
2093.044922	1117.043579
2096.236328	1100.439453
2099.425781	1090.019897
2102.613281	1050.916504
2105.800781	1062.177856
2108.986328	1057.159912
2112.169922	1045.93042
2115.353516	1036.244507
2118.535156	1066.152954
2121.716797	1065.788574
2124.896484	1042.887329
2128.074219	1051.064819
2131.251953	1052.248779
2134.427734	1069.771851
2137.603516	1047.614014
2140.777344	1050.354614
2143.949219	1073.348877
2147.119141	1055.062134
2150.289063	1062.485107
2153.458984	1112.023926
2156.625	1041.461914
2159.791016	1054.350464
2162.957031	1050.072754
2166.121094	1058.287964
2169.283203	1056.351929
2172.445313	1077.081421
2175.603516	1059.512085
2178.763672	1032.542236
2181.921875	1050.93811
2185.078125	1056.822632
2188.232422	1033.735474
2191.386719	1056.06958
2194.539063	1032.963867
2197.691406	1078.051392
2200.841797	1047.876831
2203.990234	1089.865723
2207.138672	1072.230957
2210.285156	1023.958008
2213.429688	1065.985352
2216.574219	1089.970337
2219.71875	1030.641602
2222.859375	1047.552856
2226	1063.690063
2229.140625	1053.07959
2232.279297	1079.466431
2235.416016	1064.127441
2238.550781	1078.718872
2241.685547	1077.55603
2244.820313	1048.00354
2247.951172	1107.570313
2251.082031	1030.656128
2254.212891	1049.208862
2257.341797	1072.51416
2260.46875	1072.924805
2263.595703	1108.112305
2266.720703	1071.37439
2269.84375	1038.562988
2272.966797	1084.063599
2276.087891	1056.772583
2279.208984	1055.592896
2282.328125	1041.736938
2285.445313	1040.550171
2288.5625	1045.70459
2291.677734	1067.517822
2294.792969	1070.305786
2297.90625	1051.665405
2301.017578	1036.186646
2304.128906	1055.645752
2307.238281	1046.513184
2310.345703	1034.988525
2313.453125	1052.083008
2316.558594	1076.350098
2319.664063	1095.064453
2322.767578	1100.258667
2325.871094	1161.207275
2328.972656	1161.649658
2332.072266	1189.988647
2335.169922	1105.125366
2338.267578	1050.508057
2341.365234	1038.140625
2344.460938	1062.483398
2347.554688	1043.722046
2350.648438	1024.946289
2353.740234	1058.901123
2356.830078	1080.889526
2359.919922	1118.090088
2363.007813	1074.510376
2366.095703	1046.104736
2369.181641	1034.491577
2372.265625	1059.71521
2375.349609	1047.296753
2378.431641	1042.083008
2381.513672	1095.404175
2384.59375	1068.544556
2387.673828	1065.739746
2390.75	1076.580444
2393.828125	1100.279175
2396.902344	1034.815063
2399.976563	1078.608643
2403.050781	1044.443604
2406.123047	1092.295288
2409.193359	1076.615967
2412.262695	1065.75415
2415.331055	1081.457397
2418.398438	1078.644287
2421.464844	1028.282837
2424.530273	1091.552856
2427.59375	1083.900879
2430.65625	1090.764771
2433.717773	1091.177002
2436.77832	1073.82666
2439.837891	1100.886108
2442.895508	1089.181885
2445.953125	1071.002075
2449.008789	1082.726807
2452.063477	1082.326538
2455.117188	1080.307129
2458.168945	1096.905151
2461.220703	1053.588013
2464.270508	1082.339844
2467.319336	1104.629639
2470.367188	1108.28894
2473.413086	1073.831177
2476.458984	1033.667847
2479.50293	1068.146851
2482.545898	1053.933594
2485.587891	1065.702026
2488.628906	1056.352051
2491.668945	1090.077759
2494.707031	1117.322876
2497.745117	1077.881714
2500.78125	1083.1698
2503.816406	1052.640747
2506.850586	1086.427124
2509.882813	1092.53833
2512.915039	1129.624756
2515.945313	1096.620239
2518.974609	1114.975952
2522.00293	1088.46814
2525.030273	1114.996582
2528.056641	1063.971802
2531.081055	1127.269165
2534.105469	1096.639282
2537.12793	1081.518311
2540.149414	1085.194702
2543.169922	1107.689697
2546.188477	1111.378052
2549.207031	1067.584473
2552.223633	1115.48645
2555.239258	1129.012939
2558.254883	1134.353149
2561.267578	1057.704468
2564.280273	1084.347534
2567.291992	1118.39502
2570.301758	1092.546021
2573.311523	1131.548462
2576.319336	1131.971313
2579.326172	1087.197021
2582.332031	1099.934082
2585.335938	1114.325195
2588.339844	1122.968018
2591.341797	1097.05127
2594.34375	1100.753784
2597.34375	1106.105957
2600.342773	1079.329224
2603.34082	1116.821655
2606.336914	1084.256714
2609.333008	1144.873779
2612.327148	1104.868286
2615.320313	1066.483521
2618.313477	1084.221558
2621.304688	1084.625122
2624.293945	1117.257446
2627.283203	1120.153198
2630.271484	1116.434814
2633.257813	1096.994995
2636.243164	1168.576782
2639.227539	1133.410889
2642.210938	1108.157349
2645.193359	1117.682861
2648.174805	1086.602173
2651.155273	1123.488037
2654.133789	1129.711182
2657.112305	1140.087646
2660.088867	1079.085815
2663.064453	1147.576782
2666.039063	1178.737549
2669.012695	1144.273071
2671.984375	1122.252197
2674.956055	1129.320923
2677.925781	1113.932983
2680.895508	1123.500122
2683.863281	1112.260742
2686.830078	1137.657715
2689.795898	1128.914185
2692.760742	1121.830811
2695.723633	1157.263916
2698.686523	1144.346802
2701.647461	1150.610596
2704.608398	1121.821777
2707.567383	1147.286377
2710.525391	1200.334473
2713.482422	1146.463013
2716.438477	1166.948486
2719.392578	1149.818481
2722.34668	1187.050659
2725.299805	1172.425415
2728.250977	1187.92688
2731.201172	1166.59082
2734.150391	1179.587646
2737.098633	1227.793335
2740.045898	1182.972656
2742.992188	1188.440674
2745.9375	1158.674072
2748.881836	1136.439209
2751.824219	1143.574707
2754.765625	1142.315796
2757.707031	1147.777588
2760.646484	1136.432129
2763.584961	1153.667358
2766.522461	1130.538696
2769.458984	1199.956055
2772.393555	1151.572998
2775.328125	1170.522461
2778.261719	1149.89209
2781.193359	1185.70874
2784.124023	1141.463501
2787.054688	1153.689209
2789.983398	1172.672852
2792.911133	1172.259155
2795.837891	1181.131836
2798.762695	1149.470947
2801.6875	1160.875854
2804.611328	1169.753296
2807.533203	1141.434692
2810.455078	1170.610596
2813.375	1165.116455
2816.293945	1151.153564
2819.211914	1154.115234
2822.129883	1169.784546
2825.045898	1188.854492
2827.959961	1218.958008
2830.874023	1243.147339
2833.787109	1276.685303
2836.698242	1294.972656
2839.609375	1337.042725
2842.518555	1417.358398
2845.427734	1524.91748
2848.334961	1575.615234
2851.241211	1630.600342
2854.146484	1681.372803
2857.050781	1623.282593
2859.954102	1709.834473
2862.856445	1770.907104
2865.757813	1828.617188
2868.657227	1875.29248
2871.556641	1989.335449
2874.454102	2008.818115
2877.351563	2027.46167
2880.24707	2053.797607
2883.141602	2000.77002
2886.036133	2085.178467
2888.928711	2093.624756
2891.820313	2093.531494
2894.710938	2112.243896
2897.599609	2097.619385
2900.488281	2154.840332
2903.375977	2169.314941
2906.262695	2125.587891
2909.147461	2199.151123
2912.032227	2286.473877
2914.915039	2385.000244
2917.797852	2436.446289
2920.678711	2493.932373
2923.558594	2505.131836
2926.4375	2546.376953
2929.31543	2597.095459
2932.192383	2657.297363
2935.068359	2596.399902
2937.943359	2630.000488
2940.817383	2600.860107
2943.69043	2525.252441
2946.561523	2447.868896
2949.432617	2313.621094
2952.301758	2268.822998
2955.170898	2205.04248
2958.038086	2172.235107
2960.905273	2111.820313
2963.770508	2090.164063
2966.634766	2065.903809
2969.499023	2071.827148
2972.361328	2035.456909
2975.222656	1970.563599
2978.083008	1925.491333
2980.942383	1832.857788
2983.800781	1794.618042
2986.657227	1770.186646
2989.513672	1700.75293
2992.369141	1655.499878
2995.223633	1647.439209
2998.076172	1574.420898
3000.928711	1511.745605
3003.779297	1489.75708
3006.629883	1450.41333
3009.478516	1415.377197
3012.327148	1402.004883
3015.173828	1365.189819
3018.019531	1346.580078
3020.865234	1301.901245
3023.708984	1245.895386
3026.551758	1259.379883
3029.393555	1263.309814
3032.234375	1278.549194
3035.074219	1266.827026
3037.913086	1277.726196
3040.750977	1263.382568
3043.587891	1266.448608
3046.423828	1235.534912
3049.258789	1220.28833
3052.091797	1291.353271
3054.924805	1261.286621
3057.756836	1296.641113
3060.586914	1301.469727
3063.416992	1339.48291
3066.246094	1307.642334
3069.073242	1289.759888
3071.900391	1274.486694
3074.725586	1276.691162
3077.550781	1267.525146
3080.374023	1202.347656
3083.196289	1244.795532
3086.018555	1262.754028
3088.838867	1242.180542
3091.658203	1232.984375
3094.477539	1233.424316
3097.294922	1199.66333
3100.111328	1197.459351
3102.926758	1224.213379
3105.741211	1214.115112
3108.554688	1213.669556
3111.367188	1217.615845
3114.178711	1232.989502
3116.990234	1247.494629
3119.799805	1211.001709
3122.607422	1209.673096
3125.415039	1210.983398
3128.22168	1213.174927
3131.027344	1217.129028
3133.832031	1200.822266
3136.635742	1207.418213
3139.438477	1210.492065
3142.240234	1186.227295
3145.041016	1200.764648
3147.839844	1214.429443
3150.638672	1234.284058
3153.436523	1193.211182
3156.233398	1238.693726
3159.02832	1196.708984
3161.823242	1195.364868
3164.617188	1193.13501
3167.410156	1163.475342
3170.201172	1134.679565
3172.992188	1193.517578
3175.782227	1196.597046
3178.570313	1169.553711
3181.358398	1185.921509
3184.144531	1207.620483
3186.930664	1180.551392
3189.71582	1250.176514
3192.499023	1196.474976
3195.282227	1223.53479
3198.063477	1230.184326
3200.844727	1215.9729
