399.333984	757.62854
403.220703	757.957458
407.103516	767.828552
410.986328	745.886902
414.867188	755.124207
418.748047	754.177734
422.625	732.838135
426.501953	717.21759
430.375	722.630798
434.248047	722.305786
438.119141	729.640503
441.988281	736.981384
445.855469	702.1604
449.722656	726.114136
453.585938	727.067749
457.449219	700.513184
461.310547	701.456116
465.169922	717.766663
469.027344	705.906067
472.882813	699.161804
476.736328	669.331116
480.589844	677.958374
484.441406	717.393311
488.289063	704.221924
492.136719	713.517029
495.984375	717.037415
499.828125	693.56366
503.669922	715.083801
507.511719	726.972107
511.351563	680.945129
515.189453	731.462158
519.025391	706.654663
522.859375	735.959106
526.691406	710.487
530.523438	708.212769
534.351563	714.325073
538.179688	695.911255
542.005859	707.189758
545.830078	729.46167
549.654297	709.090759
553.474609	705.515564
557.294922	716.169861
561.113281	714.535828
564.927734	698.65509
568.744141	688.590637
572.556641	673.980835
576.367188	685.291809
580.177734	674.559387
583.986328	658.626404
587.792969	682.928162
591.597656	652.696777
595.400391	688.061829
599.201172	697.456787
603.001953	662.640198
606.800781	651.213867
610.597656	661.906128
614.392578	684.978699
618.185547	693.088623
621.976563	680.351624
625.767578	689.77002
629.556641	655.496521
633.34375	686.444946
637.128906	683.474426
640.912109	702.05249
644.693359	718.032837
648.474609	679.121704
652.253906	683.335144
656.03125	724.186584
659.806641	719.259888
663.580078	724.804749
667.353516	725.768982
671.123047	734.597473
674.892578	723.110168
678.660156	705.710083
682.425781	725.695129
686.191406	720.75293
689.953125	712.522766
693.714844	705.599426
697.474609	734.162109
701.232422	735.13208
704.988281	720.315002
708.744141	744.971252
712.498047	754.505432
716.248047	737.042358
719.998047	761.077576
723.748047	770.630188
727.494141	756.448547
731.240234	765.347046
734.982422	778.213318
738.724609	754.111023
742.464844	765.001099
746.205078	777.221985
749.941406	766.311646
753.677734	771.928406
757.412109	798.725525
761.144531	811.642639
764.875	808.67511
768.605469	805.042297
772.332031	827.920837
776.058594	846.176514
779.783203	864.447388
783.505859	862.822205
787.228516	871.155273
790.947266	858.90271
794.666016	845.975037
798.382813	883.563477
802.097656	811.439575
805.8125	857.02948
809.523438	847.406555
813.234375	864.413574
816.943359	872.1073
820.650391	869.809509
824.357422	852.839905
828.060547	827.183655
831.763672	822.193787
835.464844	803.178955
839.164063	824.891418
842.861328	831.921387
846.558594	831.603638
850.253906	838.641846
853.947266	836.319031
857.638672	810.567261
861.328125	833.006042
865.017578	838.046143
868.705078	827.005859
872.390625	806.569458
876.074219	845.141479
879.755859	819.326843
883.4375	820.342773
887.117188	801.211487
890.794922	809.610779
894.470703	802.557312
898.146484	787.428406
901.818359	799.195435
905.490234	788.763
909.160156	803.233215
912.830078	786.057556
916.496094	790.430542
920.162109	814.356995
923.826172	795.140442
927.488281	804.919739
931.148438	795.132385
934.808594	797.491516
938.466797	803.230103
942.123047	775.181641
945.777344	773.477966
949.429688	783.947876
953.082031	782.246033
956.732422	786.635254
960.380859	809.990906
964.027344	797.456665
967.673828	809.31311
971.318359	792.020935
974.960938	758.432861
978.601563	768.251221
982.240234	769.25116
985.878906	799.458862
989.515625	810.665039
993.150391	783.811462
996.783203	786.178955
1000.416016	823.247009
1004.044922	845.37146
1007.673828	808.272583
1011.302734	760.242981
1014.927734	789.864685
1018.552734	789.512207
1022.175781	760.512085
1025.796875	775.158447
1029.416016	815.757263
1033.035156	815.414063
1036.650391	798.67334
1040.265625	767.565063
1043.880859	803.44104
1047.492188	770.940247
1051.103516	818.481018
1054.712891	800.336304
1058.320313	782.17627
1061.925781	811.965149
1065.53125	802.70575
1069.134766	803.725037
1072.736328	797.884399
1076.335938	813.315308
1079.935547	830.132019
1083.533203	803.000122
1087.128906	823.949341
1090.722656	830.478516
1094.316406	844.578369
1097.90625	816.030396
1101.496094	808.108704
1105.085938	820.150269
1108.671875	817.734497
1112.257813	818.073303
1115.841797	803.243652
1119.423828	784.952637
1123.003906	805.979126
1126.583984	823.571167
1130.162109	790.071533
1133.738281	762.762085
1137.314453	769.29834
1140.886719	752.329468
1144.458984	789.304077
1148.029297	778.557556
1151.599609	794.110718
1155.166016	777.815857
1158.732422	803.77478
1162.296875	817.277405
1165.861328	826.630127
1169.421875	831.133911
1172.982422	789.833679
1176.541016	801.963318
1180.097656	792.569336
1183.654297	812.35376
1187.208984	769.586304
1190.761719	826.237915
1194.3125	814.054504
1197.863281	819.262268
1201.412109	820.992432
1204.958984	861.735229
1208.503906	850.242432
1212.048828	838.739868
1215.591797	862.102295
1219.132813	872.923706
1222.671875	878.86731
1226.210938	916.241516
1229.748047	915.220947
1233.283203	934.468262
1236.816406	932.05542
1240.349609	895.364624
1243.880859	952.415466
1247.410156	941.605347
1250.939453	919.580261
1254.464844	903.842651
1257.990234	899.307007
1261.513672	901.779663
1265.037109	911.269287
1268.558594	916.555603
1272.078125	886.741455
1275.595703	885.700134
1279.111328	927.520508
1282.626953	901.891174
1286.140625	886.789246
1289.652344	928.660706
1293.164063	922.706604
1296.673828	943.503357
1300.181641	991.083984
1303.6875	966.825562
1307.193359	992.599976
1310.697266	961.269226
1314.199219	978.595398
1317.699219	982.524597
1321.199219	999.873108
1324.697266	1016.529175
1328.193359	1024.011475
1331.689453	1008.168823
1335.181641	1008.580444
1338.673828	989.887817
1342.166016	972.595337
1345.654297	960.245544
1349.142578	961.345703
1352.628906	935.515015
1356.115234	952.91272
1359.597656	920.673279
1363.080078	926.015625
1366.5625	931.362122
1370.041016	944.524536
1373.519531	915.069946
1376.996094	940.318726
1380.470703	933.591125
1383.945313	938.239014
1387.417969	910.156128
1390.888672	923.340698
1394.357422	913.745483
1397.826172	922.666809
1401.292969	882.413818
1404.757813	910.581909
1408.222656	910.951904
1411.683594	912.035583
1415.144531	907.408447
1418.605469	945.630737
1422.0625	928.151794
1425.519531	926.384033
1428.976563	943.207092
1432.429688	924.274414
1435.882813	962.579895
1439.333984	976.573486
1442.783203	1007.052063
1446.232422	1021.791077
1449.679688	1017.904114
1453.125	988.914368
1456.570313	972.096924
1460.011719	998.327942
1463.453125	975.756287
1466.894531	984.77063
1470.332031	994.51062
1473.769531	1004.977112
1477.207031	1007.541077
1480.640625	1013.704041
1484.074219	1006.196777
1487.505859	969.161804
1490.935547	921.29187
1494.365234	920.222839
1497.792969	905.455566
1501.21875	879.858154
1504.644531	875.162964
1508.066406	884.177551
1511.490234	883.812317
1514.910156	901.505493
1518.330078	895.365295
1521.748047	888.496887
1525.164063	863.541931
1528.580078	880.531067
1531.992188	896.809937
1535.40625	876.896179
1538.816406	879.422607
1542.226563	891.371826
1545.634766	941.029663
1549.041016	918.924866
1552.447266	933.080505
1555.851563	952.328247
1559.253906	986.840515
1562.65625	947.282959
1566.056641	917.140869
1569.455078	969.855591
1572.851563	949.153076
1576.248047	987.3703
1579.642578	952.099609
1583.035156	957.579346
1586.427734	933.923645
1589.818359	917.53656
1593.207031	947.796875
1596.595703	904.415161
1599.982422	933.23468
1603.367188	935.068848
1606.751953	939.825256
1610.132813	934.357727
1613.513672	936.924683
1616.894531	965.813965
1620.273438	951.57251
1623.650391	956.343872
1627.025391	926.714722
1630.400391	946.857727
1633.773438	958.958069
1637.144531	935.156738
1640.513672	956.792908
1643.882813	979.913086
1647.251953	970.032288
1650.617188	979.96283
1653.982422	1033.961914
1657.345703	1019.682251
1660.707031	1049.487061
1664.068359	1027.849365
1667.427734	1009.871765
1670.787109	1065.46106
1674.142578	1001.108765
1677.498047	1003.717468
1680.853516	949.602356
1684.205078	956.614014
1687.556641	979.851318
1690.90625	970.653503
1694.255859	941.525513
1697.603516	894.65802
1700.949219	913.476013
1704.294922	910.146118
1707.638672	928.245728
1710.980469	895.344849
1714.320313	857.240112
1717.660156	884.218811
1720.998047	877.908569
1724.335938	892.327698
1727.669922	883.792786
1731.003906	861.910889
1734.337891	900.80658
1737.669922	870.754883
1741	863.680969
1744.328125	855.116577
1747.65625	861.396851
1750.982422	857.281616
1754.306641	851.676575
1757.630859	849.04071
1760.953125	834.502319
1764.273438	868.315979
1767.59375	840.374939
1770.912109	874.217346
1774.228516	847.001038
1777.544922	839.884338
1780.859375	840.217163
1784.171875	862.924927
1787.484375	861.02832
1790.792969	838.976624
1794.103516	852.00293
1797.410156	847.111084
1800.716797	855.666687
1804.023438	822.363098
1807.326172	842.133728
1810.628906	871.646301
1813.929688	856.272644
1817.230469	861.8526
1820.529297	877.923889
1823.826172	840.05249
1827.123047	874.119629
1830.417969	863.96521
1833.710938	838.797302
1837.001953	826.368835
1840.292969	869.493835
1843.583984	854.062683
1846.871094	855.151001
1850.158203	847.970764
1853.443359	850.561218
1856.728516	883.999512
1860.011719	844.45813
1863.292969	887.708008
1866.574219	869.22699
1869.853516	874.090454
1873.130859	823.174683
1876.408203	882.320007
1879.683594	854.753845
1882.957031	848.297791
1886.230469	835.796265
1889.501953	842.16748
1892.771484	853.077026
1896.041016	860.215515
1899.308594	846.185852
1902.574219	852.570313
1905.839844	855.932373
1909.103516	842.64093
1912.365234	865.69342
1915.626953	853.910339
1918.886719	856.519409
1922.146484	864.438293
1925.402344	869.328857
1928.658203	842.350342
1931.914063	849.513184
1935.167969	861.997742
1938.419922	879.810242
1941.669922	843.671936
1944.919922	866.813293
1948.167969	849.657654
1951.416016	832.488281
1954.662109	849.561829
1957.90625	846.848145
1961.150391	831.180664
1964.392578	849.797424
1967.632813	843.267822
1970.873047	858.089722
1974.111328	859.951294
1977.347656	851.890686
1980.583984	849.169006
1983.818359	848.736816
1987.050781	852.125305
1990.283203	832.580139
1993.513672	815.313965
1996.744141	840.116516
1999.970703	852.691284
2003.199219	866.807129
2006.423828	866.379211
2009.648438	839.129211
2012.871094	868.588257
2016.09375	878.129883
2019.314453	866.963745
2022.533203	848.880981
2025.751953	852.282959
2028.96875	851.078613
2032.183594	847.567871
2035.398438	842.516785
2038.611328	832.078369
2041.824219	878.561218
2045.035156	852.736023
2048.244141	856.917236
2051.451172	880.356873
2054.658203	860.66571
2057.865234	840.958984
2061.068359	851.310242
2064.271484	849.326721
2067.474609	826.505127
2070.673828	887.815125
2073.875	868.07959
2077.072266	863.780823
2080.269531	880.347168
2083.464844	858.265503
2086.660156	874.842102
2089.853516	834.943115
2093.044922	854.619568
2096.236328	862.694946
2099.425781	865.353333
2102.613281	851.738342
2105.800781	863.697937
2108.986328	853.173767
2112.169922	824.795288
2115.353516	865.4776
2118.535156	836.304993
2121.716797	834.298035
2124.896484	851.717224
2128.074219	845.049866
2131.251953	874.152039
2134.427734	871.377808
2137.603516	882.610962
2140.777344	861.150635
2143.949219	874.724854
2147.119141	863.374329
2150.289063	823.172607
2153.458984	869.499756
2156.625	844.871338
2159.791016	846.758118
2162.957031	847.865479
2166.121094	849.754456
2169.283203	861.801941
2172.445313	851.191284
2175.603516	844.481934
2178.763672	864.363037
2181.921875	850.610413
2185.078125	864.246094
2188.232422	880.241455
2191.386719	860.994385
2194.539063	853.488342
2197.691406	865.577209
2200.841797	857.28241
2203.990234	860.750671
2207.138672	882.275024
2210.285156	829.217529
2213.429688	849.960327
2216.574219	858.931213
2219.71875	850.613464
2222.859375	852.513
2226	837.891968
2229.140625	868.908691
2232.279297	869.242126
2235.416016	858.548401
2238.550781	878.576721
2241.685547	912.80896
2244.820313	850.073669
2247.951172	841.721924
2251.082031	857.038696
2254.212891	888.156433
2257.341797	884.547729
2260.46875	871.455139
2263.595703	869.417603
2266.720703	895.842896
2269.84375	906.468506
2272.966797	860.129333
2276.087891	873.915344
2279.208984	834.654907
2282.328125	862.700806
2285.445313	884.427979
2288.5625	851.468323
2291.677734	862.103943
2294.792969	879.094727
2297.90625	850.856873
2301.017578	884.530273
2304.128906	883.279236
2307.238281	843.885315
2310.345703	883.953369
2313.453125	907.35199
2316.558594	838.487
2319.664063	916.798157
2322.767578	886.098328
2325.871094	958.115417
2328.972656	998.317505
2332.072266	962.033691
2335.169922	929.708679
2338.267578	871.036316
2341.365234	871.367859
2344.460938	849.348145
2347.554688	889.599426
2350.648438	831.620483
2353.740234	835.932495
2356.830078	862.632935
2359.919922	868.559265
2363.007813	850.487366
2366.095703	875.622437
2369.181641	866.34668
2372.265625	920.342224
2375.349609	866.203369
2378.431641	826.451965
2381.513672	859.643738
2384.59375	912.113464
2387.673828	873.136169
2390.75	873.467224
2393.828125	908.332642
2396.902344	874.129456
2399.976563	864.012146
2403.050781	875.595947
2406.123047	904.079468
2409.193359	873.845276
2412.262695	910.398804
2415.331055	897.859253
2418.398438	872.421021
2421.464844	913.04425
2424.530273	876.305725
2427.59375	896.798889
2430.65625	892.29718
2433.717773	882.949402
2436.77832	892.971619
2439.837891	898.962769
2442.895508	924.35022
2445.953125	879.434204
2449.008789	823.163513
2452.063477	869.582214
2455.117188	861.00885
2458.168945	884.000305
2461.220703	875.425537
2464.270508	881.426453
2467.319336	893.915283
2470.367188	885.333923
2473.413086	912.432129
2476.458984	895.737305
2479.50293	887.957947
2482.545898	870.428955
2485.587891	914.619263
2488.628906	897.08667
2491.668945	929.939514
2494.707031	903.453979
2497.745117	874.507813
2500.78125	895.18158
2503.816406	892.261597
2506.850586	886.895935
2509.882813	906.782349
2512.915039	895.712524
2515.945313	878.111572
2518.974609	875.178589
2522.00293	894.273743
2525.030273	901.955505
2528.056641	907.193115
2531.081055	900.18158
2534.105469	893.981689
2537.12793	879.602234
2540.149414	894.651917
2543.169922	926.892456
2546.188477	910.871765
2549.207031	906.300598
2552.223633	906.639893
2555.239258	856.181824
2558.254883	868.796509
2561.267578	878.140686
2564.280273	907.997498
2567.291992	885.361877
2570.301758	905.393127
2573.311523	894.235352
2576.319336	898.676758
2579.326172	912.160706
2582.332031	894.415771
2585.335938	896.39447
2588.339844	901.665161
2591.341797	903.647644
2594.34375	886.695435
2597.34375	915.852478
2600.342773	903.835266
2603.34082	907.469055
2606.336914	864.931763
2609.333008	926.291992
2612.327148	937.363953
2615.320313	877.455078
2618.313477	911.637939
2621.304688	935.107117
2624.293945	919.754028
2627.283203	924.229675
2630.271484	907.206726
2633.257813	918.29895
2636.243164	907.053894
2639.227539	914.014343
2642.210938	890.335632
2645.193359	908.065491
2648.174805	902.600952
2651.155273	924.493835
2654.133789	879.217285
2657.112305	904.43634
2660.088867	910.582397
2663.064453	918.393555
2666.039063	939.501221
2669.012695	943.173523
2671.984375	918.584229
2674.956055	928.903931
2677.925781	915.937439
2680.895508	947.06897
2683.863281	911.62085
2686.830078	896.13446
2689.795898	914.795349
2692.760742	910.133118
2695.723633	897.129639
2698.686523	912.474731
2701.647461	952.028015
2704.608398	929.008667
2707.567383	962.751892
2710.525391	933.871948
2713.482422	930.038818
2716.438477	938.741516
2719.392578	938.251892
2722.34668	929.396301
2725.299805	943.128845
2728.250977	933.430908
2731.201172	907.813721
2734.150391	919.877319
2737.098633	937.816223
2740.045898	914.686829
2742.992188	934.314026
2745.9375	937.175232
2748.881836	931.645142
2751.824219	973.130005
2754.765625	921.412048
2757.707031	949.479248
2760.646484	930.495789
2763.584961	944.29187
2766.522461	928.656799
2769.458984	918.058899
2772.393555	931.023254
2775.328125	943.154785
2778.261719	934.23468
2781.193359	931.206909
2784.124023	927.333679
2787.054688	924.30072
2789.983398	933.076416
2792.911133	975.616699
2795.837891	921.097046
2798.762695	931.569763
2801.6875	957.257935
2804.611328	922.110474
2807.533203	927.521362
2810.455078	939.702576
2813.375	939.200562
2816.293945	959.012512
2819.211914	972.064697
2822.129883	961.408691
2825.045898	982.097229
2827.959961	958.721497
2830.874023	959.920044
2833.787109	1012.865295
2836.698242	986.928711
2839.609375	1039.922119
2842.518555	1115.883057
2845.427734	1123.936401
2848.334961	1233.976929
2851.241211	1268.433594
2854.146484	1295.260986
2857.050781	1300.838135
2859.954102	1305.567993
2862.856445	1357.12793
2865.757813	1413.835327
2868.657227	1428.834839
2871.556641	1465.15332
2874.454102	1513.434692
2877.351563	1528.485962
2880.24707	1540.134888
2883.141602	1582.520386
2886.036133	1560.041382
2888.928711	1628.944214
2891.820313	1687.642822
2894.710938	1596.791382
2897.599609	1632.431885
2900.488281	1675.796753
2903.375977	1638.752808
2906.262695	1662.461548
2909.147461	1667.346924
2912.032227	1762.186768
2914.915039	1851.953125
2917.797852	1856.054321
2920.678711	1924.47876
2923.558594	1932.897949
2926.4375	1962.778564
2929.31543	1978.943726
2932.192383	1966.777954
2935.068359	1980.37793
2937.943359	2009.457764
2940.817383	1959.457886
2943.69043	1905.980835
2946.561523	1873.114502
2949.432617	1784.276978
2952.301758	1728.955078
2955.170898	1714.07605
2958.038086	1716.418945
2960.905273	1666.183105
2963.770508	1640.054443
2966.634766	1630.295654
2969.499023	1623.118286
2972.361328	1571.048218
2975.222656	1543.118896
2978.083008	1469.385742
2980.942383	1488.062744
2983.800781	1413.391479
2986.657227	1397.470337
2989.513672	1355.584961
2992.369141	1265.206909
2995.223633	1235.362915
2998.076172	1233.209717
3000.928711	1213.728149
3003.779297	1191.632324
3006.629883	1162.584717
3009.478516	1130.914063
3012.327148	1114.836792
3015.173828	1083.125732
3018.019531	1078.305908
3020.865234	1040.47876
3023.708984	1022.607239
3026.551758	1024.712769
3029.393555	985.955505
3032.234375	960.216553
3035.074219	1004.934875
3037.913086	966.998474
3040.750977	1003.043884
3043.587891	993.822449
3046.423828	1015.090454
3049.258789	1029.400391
3052.091797	1003.610779
3054.924805	1000.481201
3057.756836	1027.88916
3060.586914	974.138306
3063.416992	1015.527161
3066.246094	1024.62561
3069.073242	1002.272766
3071.900391	987.770874
3074.725586	1000.366211
3077.550781	1036.588867
3080.374023	982.704834
3083.196289	1010.192749
3086.018555	978.15271
3088.838867	986.385986
3091.658203	942.045593
3094.477539	984.460205
3097.294922	966.395447
3100.111328	985.162537
3102.926758	959.186584
3105.741211	947.238037
3108.554688	914.204041
3111.367188	968.118835
3114.178711	959.675354
3116.990234	975.841431
3119.799805	961.238098
3122.607422	955.421814
3125.415039	964.562378
3128.22168	953.460388
3131.027344	974.055481
3133.832031	972.639648
3136.635742	924.512207
3139.438477	953.053101
3142.240234	943.690063
3145.041016	963.434937
3147.839844	965.542053
3150.638672	964.118835
3153.436523	937.964661
3156.233398	949.78302
3159.02832	940.397583
3161.823242	945.151611
3164.617188	979.980408
3167.410156	939.627991
3170.201172	973.593994
3172.992188	945.605896
3175.782227	945.054871
3178.570313	930.326782
3181.358398	930.655884
3184.144531	943.398071
3186.930664	947.27948
3189.71582	925.432251
3192.499023	941.735901
3195.282227	929.637817
3198.063477	940.624756
3200.844727	943.289429
