399.333984	873.942322
403.220703	889.582581
407.103516	881.062622
410.986328	873.8078
414.867188	830.891296
418.748047	821.060059
422.625	839.259033
426.501953	816.671814
430.375	809.372009
434.248047	799.513367
438.119141	823.47876
441.988281	809.7854
445.855469	823.55304
449.722656	817.517578
453.585938	802.52417
457.449219	832.299255
461.310547	843.539429
465.169922	818.932739
469.027344	830.816895
472.882813	831.816711
476.736328	790.503113
480.589844	816.500488
484.441406	825.836426
488.289063	812.069946
492.136719	829.118347
495.984375	838.471191
499.828125	799.622986
503.669922	810.899841
507.511719	816.396118
511.351563	809.024597
515.189453	824.182739
519.025391	811.010193
522.859375	843.581848
526.691406	820.09021
530.523438	832.698303
534.351563	846.607483
538.179688	810.174927
542.005859	816.335938
545.830078	802.472473
549.654297	820.916382
553.474609	835.495972
557.294922	791.215637
561.113281	801.263916
564.927734	808.73053
568.744141	798.713257
572.556641	783.502747
576.367188	814.310791
580.177734	808.822632
583.986328	768.938171
587.792969	771.215454
591.597656	791.029541
595.400391	771.87677
599.201172	768.307495
603.001953	765.385193
606.800781	742.292725
610.597656	771.898438
614.392578	808.691589
618.185547	794.706909
621.976563	819.158997
625.767578	810.382019
629.556641	779.421265
633.34375	793.457275
637.128906	790.532471
640.912109	815.687012
644.693359	811.462036
648.474609	807.233215
652.253906	809.539673
656.03125	807.922668
659.806641	833.791748
663.580078	847.242432
667.353516	849.568909
671.123047	838.135742
674.892578	813.580872
678.660156	827.044983
682.425781	832.646545
686.191406	815.934326
689.953125	824.81897
693.714844	827.798157
697.474609	831.43689
701.232422	847.571838
704.988281	823.593079
708.744141	816.046204
712.498047	880.914734
716.248047	896.438477
719.998047	900.773254
723.748047	931.480286
727.494141	885.051453
731.240234	907.200195
734.982422	889.763794
738.724609	864.388245
742.464844	889.198181
746.205078	900.149963
749.941406	885.324707
753.677734	889.007507
757.412109	946.956299
761.144531	914.918518
764.875	924.578613
768.605469	939.547302
772.332031	940.608215
776.058594	933.711975
779.783203	1001.113647
783.505859	1006.183411
787.228516	973.40979
790.947266	963.857605
794.666016	941.005981
798.382813	961.348938
802.097656	972.397278
805.8125	990.108643
809.523438	985.20166
813.234375	976.960449
816.943359	1002.690247
820.650391	971.120667
824.357422	979.532349
828.060547	953.929565
831.763672	983.028809
835.464844	942.717102
839.164063	969.16394
842.861328	967.567993
846.558594	963.964966
850.253906	934.945251
853.947266	988.863647
857.638672	948.450684
861.328125	952.867859
865.017578	913.744934
868.705078	973.77594
872.390625	965.469727
876.074219	926.972595
879.755859	919.981262
883.4375	966.017395
887.117188	965.751953
890.794922	956.079773
894.470703	886.577148
898.146484	930.658325
901.818359	920.285706
905.490234	929.421265
909.160156	943.277283
912.830078	940.978943
916.496094	928.570618
920.162109	908.061951
923.826172	913.838257
927.488281	920.968506
931.148438	905.154968
934.808594	932.545105
938.466797	920.776001
942.123047	904.26593
945.777344	889.093994
949.429688	888.113525
953.082031	894.5755
956.732422	880.056641
960.380859	897.35614
964.027344	914.669922
967.673828	906.240906
971.318359	901.195068
974.960938	915.139465
978.601563	897.197937
982.240234	920.657166
985.878906	893.193176
989.515625	899.00238
993.150391	944.24469
996.783203	935.117737
1000.416016	998.782349
1004.044922	971.972961
1007.673828	960.802551
1011.302734	896.487244
1014.927734	890.045959
1018.552734	865.87262
1022.175781	879.874939
1025.796875	897.300537
1029.416016	905.18335
1033.035156	931.511597
1036.650391	915.50238
1040.265625	924.085449
1043.880859	928.572693
1047.492188	902.9646
1051.103516	915.658508
1054.712891	873.592041
1058.320313	926.69397
1061.925781	942.153625
1065.53125	939.117798
1069.134766	944.30835
1072.736328	945.386719
1076.335938	963.624207
1079.935547	963.337646
1083.533203	949.312439
1087.128906	949.70636
1090.722656	946.663025
1094.316406	975.941895
1097.90625	946.072327
1101.496094	962.98468
1105.085938	974.401855
1108.671875	933.47113
1112.257813	911.803711
1115.841797	914.939331
1119.423828	940.839539
1123.003906	935.018616
1126.583984	927.121582
1130.162109	937.864624
1133.738281	909.925415
1137.314453	892.33075
1140.886719	876.795776
1144.458984	883.384155
1148.029297	903.818787
1151.599609	879.96051
1155.166016	905.258484
1158.732422	911.868591
1162.296875	904.620056
1165.861328	904.99353
1169.421875	907.448364
1172.982422	943.219604
1176.541016	955.412598
1180.097656	926.632324
1183.654297	915.895813
1187.208984	929.482239
1190.761719	904.827881
1194.3125	913.550049
1197.863281	950.121521
1201.412109	985.3302
1204.958984	983.646057
1208.503906	975.687988
1212.048828	955.870605
1215.591797	990.441162
1219.132813	1036.204468
1222.671875	1017.084717
1226.210938	1060.801025
1229.748047	1091.977417
1233.283203	1102.910156
1236.816406	1075.394775
1240.349609	1077.935059
1243.880859	1080.477173
1247.410156	1097.022705
1250.939453	1096.772827
1254.464844	1056.585083
1257.990234	1109.589233
1261.513672	1096.721191
1265.037109	1069.81189
1268.558594	1049.898315
1272.078125	1063.668457
1275.595703	1045.140259
1279.111328	1070.161865
1282.626953	1107.154053
1286.140625	1088.619995
1289.652344	1138.312866
1293.164063	1121.183472
1296.673828	1175.154541
1300.181641	1148.86853
1303.6875	1131.016724
1307.193359	1195.631836
1310.697266	1160.152466
1314.199219	1165.565674
1317.699219	1190.040527
1321.199219	1170.755371
1324.697266	1175.472168
1328.193359	1166.765259
1331.689453	1170.069702
1335.181641	1161.352783
1338.673828	1183.053955
1342.166016	1150.267456
1345.654297	1128.07605
1349.142578	1100.198853
1352.628906	1105.608643
1356.115234	1132.292847
1359.597656	1094.452148
1363.080078	1089.221436
1366.5625	1123.029663
1370.041016	1098.631226
1373.519531	1085.579834
1376.996094	1063.98877
1380.470703	1046.645996
1383.945313	1065.566406
1387.417969	1085.213501
1390.888672	1052.195435
1394.357422	1088.945313
1397.826172	1056.61377
1401.292969	1044.213379
1404.757813	1044.637817
1408.222656	1035.075317
1411.683594	1066.896118
1415.144531	1058.048218
1418.605469	1054.192505
1422.0625	1069.625244
1425.519531	1059.33728
1428.976563	1094.091675
1432.429688	1115.996948
1435.882813	1137.9198
1439.333984	1184.202759
1442.783203	1192.561646
1446.232422	1224.572876
1449.679688	1212.882935
1453.125	1224.131104
1456.570313	1210.278687
1460.011719	1192.108398
1463.453125	1182.539063
1466.894531	1193.791992
1470.332031	1144.693237
1473.769531	1113.526123
1477.207031	1134.832153
1480.640625	1132.413208
1484.074219	1157.342163
1487.505859	1129.72876
1490.935547	1063.195313
1494.365234	1036.241577
1497.792969	1039.543701
1501.21875	1010.394531
1504.644531	1012.966858
1508.066406	1021.315308
1511.490234	998.621216
1514.910156	1015.638428
1518.330078	1004.485657
1521.748047	1020.795471
1525.164063	1021.207031
1528.580078	1033.195068
1531.992188	1037.230469
1535.40625	1013.752808
1538.816406	998.94873
1542.226563	1018.917725
1545.634766	1054.852173
1549.041016	1066.881226
1552.447266	1078.919678
1555.851563	1109.839844
1559.253906	1150.224731
1562.65625	1117.997314
1566.056641	1095.191284
1569.455078	1146.523438
1572.851563	1149.166138
1576.248047	1151.08313
1579.642578	1184.30127
1583.035156	1151.279785
1586.427734	1092.734375
1589.818359	1113.578979
1593.207031	1104.547852
1596.595703	1086.027588
1599.982422	1096.678467
1603.367188	1113.907227
1606.751953	1116.544556
1610.132813	1106.034058
1613.513672	1088.206665
1616.894531	1090.104858
1620.273438	1086.153076
1623.650391	1148.051758
1627.025391	1092.879272
1630.400391	1104.301147
1633.773438	1134.046753
1637.144531	1084.664551
1640.513672	1133.488037
1643.882813	1190.418335
1647.251953	1181.355469
1650.617188	1208.253784
1653.982422	1232.970215
1657.345703	1234.932129
1660.707031	1245.7146
1664.068359	1227.831421
1667.427734	1236.412476
1670.787109	1209.68103
1674.142578	1197.649902
1677.498047	1198.864258
1680.853516	1169.138062
1684.205078	1148.968628
1687.556641	1130.994751
1690.90625	1114.481323
1694.255859	1108.284668
1697.603516	1091.010376
1700.949219	1084.79895
1704.294922	1083.014771
1707.638672	1067.926025
1710.980469	1080.920044
1714.320313	1057.681885
1717.660156	1024.065918
1720.998047	1026.694092
1724.335938	1050.058716
1727.669922	1003.804871
1731.003906	1030.884033
1734.337891	1021.655518
1737.669922	1043.570801
1741	1020.983643
1744.328125	974.625061
1747.65625	1003.230286
1750.982422	1013.286072
1754.306641	980.988708
1757.630859	986.582336
1760.953125	1016.724304
1764.273438	999.270264
1767.59375	972.125488
1770.912109	950.916199
1774.228516	1010.143677
1777.544922	973.282104
1780.859375	1022.127502
1784.171875	997.174255
1787.484375	990.10791
1790.792969	983.035828
1794.103516	1010.306763
1797.410156	958.415833
1800.716797	984.203552
1804.023438	977.864502
1807.326172	999.940308
1810.628906	998.091125
1813.929688	1017.197998
1817.230469	996.634033
1820.529297	1007.515015
1823.826172	985.431763
1827.123047	970.827515
1830.417969	998.209839
1833.710938	983.598633
1837.001953	1022.265503
1840.292969	1002.395752
1843.583984	978.003174
1846.871094	1000.932495
1850.158203	1015.610413
1853.443359	994.201538
1856.728516	1016.411316
1860.011719	1001.759155
1863.292969	1001.40094
1866.574219	992.756653
1869.853516	977.323547
1873.130859	994.29248
1876.408203	1008.257996
1879.683594	1029.778442
1882.957031	993.957458
1886.230469	996.613464
1889.501953	1000.026672
1892.771484	1010.242737
1896.041016	1006.104431
1899.308594	998.937866
1902.574219	991.765442
1905.839844	1011.074829
1909.103516	1037.970093
1912.365234	1036.105469
1915.626953	1008.477905
1918.886719	988.408203
1922.146484	1010.786194
1925.402344	985.391113
1928.658203	997.160706
1931.914063	981.609131
1935.167969	1007.056396
1938.419922	1015.048767
1941.669922	1003.285522
1944.919922	1021.927246
1948.167969	997.986389
1951.416016	1031.859375
1954.662109	999.529297
1957.90625	972.504578
1961.150391	1022.405518
1964.392578	1018.994812
1967.632813	1023.205566
1970.873047	1057.166504
1974.111328	995.773254
1977.347656	1037.382935
1980.583984	996.551758
1983.818359	1012.21991
1987.050781	1043.184814
1990.283203	1008.423523
1993.513672	1037.116089
1996.744141	1057.414429
1999.970703	1064.715942
2003.199219	995.449829
2006.423828	1030.309448
2009.648438	1008.487732
2012.871094	1015.013977
2016.09375	1020.778076
2019.314453	990.486938
2022.533203	1003.920715
2025.751953	1040.399414
2028.96875	1024.674072
2032.183594	1021.999329
2035.398438	1030.084351
2038.611328	1058.938965
2041.824219	1049.349854
2045.035156	1022.051819
2048.244141	1030.148438
2051.451172	1026.697876
2054.658203	999.358459
2057.865234	1034.433472
2061.068359	1009.388672
2064.271484	1040.637329
2067.474609	1010.944641
2070.673828	1039.901733
2073.875	1045.711548
2077.072266	1046.117432
2080.269531	1010.96936
2083.464844	1036.10437
2086.660156	1013.300781
2089.853516	1027.622314
2093.044922	1060.533325
2096.236328	1080.304688
2099.425781	1038.888794
2102.613281	1033.866211
2105.800781	1041.244507
2108.986328	1036.218384
2112.169922	1045.154541
2115.353516	1023.825073
2118.535156	1064.599976
2121.716797	1044.037842
2124.896484	1044.44165
2128.074219	1021.52301
2131.251953	1021.140198
2134.427734	1038.651245
2137.603516	1035.161011
2140.777344	1025.438843
2143.949219	1064.001953
2147.119141	1038.698486
2150.289063	1004.800659
2153.458984	998.170105
2156.625	1048.483032
2159.791016	1030.937744
2162.957031	1032.896851
2166.121094	1048.915649
2169.283203	1015.723022
2172.445313	1059.104004
2175.603516	1029.798828
2178.763672	1021.591064
2181.921875	1038.417603
2185.078125	1066.216675
2188.232422	1002.410156
2191.386719	1054.502686
2194.539063	1016.505371
2197.691406	1029.44104
2200.841797	1046.308105
2203.990234	1050.633667
2207.138672	1021.209778
2210.285156	1033.380981
2213.429688	1054.987793
2216.574219	1068.752441
2219.71875	1068.376831
2222.859375	1028.678101
2226	1000.749878
2229.140625	1045.996094
2232.279297	1047.184814
2235.416016	1062.552124
2238.550781	1066.11145
2241.685547	1038.142822
2244.820313	1048.00354
2247.951172	1030.261353
2251.082031	1031.445313
2254.212891	1057.893066
2257.341797	1056.718628
2260.46875	1042.111816
2263.595703	1029.074341
2266.720703	1038.956421
2269.84375	1021.161316
2272.966797	1022.343262
2276.087891	1047.27356
2279.208984	1042.130737
2282.328125	1054.412109
2285.445313	1042.927612
2288.5625	1021.127747
2291.677734	1024.690186
2294.792969	1051.264038
2297.90625	1015.154785
2301.017578	1034.598633
2304.128906	1007.192505
2307.238281	1029.031494
2310.345703	1046.912354
2313.453125	1065.601807
2316.558594	1064.417114
2319.664063	1045.7229
2322.767578	1080.355347
2325.871094	1150.057129
2328.972656	1161.649658
2332.072266	1150.136353
2335.169922	1100.341309
2338.267578	1017.006714
2341.365234	1046.120239
2344.460938	1054.500854
2347.554688	1043.722046
2350.648438	1019.354187
2353.740234	1037.323486
2356.830078	1031.322021
2359.919922	1010.9198
2363.007813	1040.106812
2366.095703	1079.720947
2369.181641	1062.515747
2372.265625	1059.71521
2375.349609	1029.668213
2378.431641	1014.828491
2381.513672	1052.903198
2384.59375	1013.994263
2387.673828	1035.244141
2390.75	1032.425415
2393.828125	1032.816772
2396.902344	1018.746521
2399.976563	1040.029541
2403.050781	1005.045837
2406.123047	1038.404419
2409.193359	1070.178833
2412.262695	1048.85022
2415.331055	1064.546997
2418.398438	1044.005249
2421.464844	1071.799561
2424.530273	1040.764282
2427.59375	1056.480713
2430.65625	1013.314026
2433.717773	1041.137817
2436.77832	1014.079895
2439.837891	1038.693726
2442.895508	1027.774048
2445.953125	1053.219482
2449.008789	1064.9375
2452.063477	1041.071899
2455.117188	1042.273926
2458.168945	1006.238403
2461.220703	1013.096497
2464.270508	1050.744629
2467.319336	1040.60498
2470.367188	1011.810181
2473.413086	1082.752808
2476.458984	1061.254028
2479.50293	1029.187134
2482.545898	1038.506226
2485.587891	1055.142456
2488.628906	1036.85022
2491.668945	1023.421204
2494.707031	1053.080933
2497.745117	1049.409424
2500.78125	1040.852051
2503.816406	1049.384277
2506.850586	1088.05603
2509.882813	1037.952148
2512.915039	1023.671448
2515.945313	1029.763062
2518.974609	1042.384155
2522.00293	1024.824585
2525.030273	1008.884155
2528.056641	1018.24469
2531.081055	1050.484131
2534.105469	1008.385193
2537.12793	1055.359253
2540.149414	1025.496826
2543.169922	1053.695923
2546.188477	1033.630737
2549.207031	1047.116943
2552.223633	1050.785034
2555.239258	1067.564575
2558.254883	1035.998779
2561.267578	1031.466797
2564.280273	1039.234741
2567.291992	1063.418945
2570.301758	1085.158447
2573.311523	1029.725586
2576.319336	1057.218506
2579.326172	1064.1875
2582.332031	1071.161499
2585.335938	1019.751465
2588.339844	1077.720215
2591.341797	1059.193481
2594.34375	1039.829468
2597.34375	1039.393677
2600.342773	1018.359497
2603.34082	1009.672668
2606.336914	1063.643433
2609.333008	1016.199219
2612.327148	1028.954956
2615.320313	1041.719971
2618.313477	1051.191162
2621.304688	1087.929443
2624.293945	1045.362915
2627.283203	1034.178345
2630.271484	1081.701294
2633.257813	1069.694214
2636.243164	1046.091309
2639.227539	1043.168579
2642.210938	1070.059204
2645.193359	1038.972778
2648.174805	1091.575195
2651.155273	1039.744629
2654.133789	1045.936768
2657.112305	1049.644043
2660.088867	1057.504028
2663.064453	1035.476318
2666.039063	1064.934204
2669.012695	1034.582397
2671.984375	1073.205566
2674.956055	1088.572266
2677.925781	1085.647949
2680.895508	1110.18457
2683.863281	1056.481201
2686.830078	1071.863403
2689.795898	1047.265747
2692.760742	1063.488892
2695.723633	1062.214844
2698.686523	1111.817993
2701.647461	1094.707031
2704.608398	1110.970825
2707.567383	1103.866455
2710.525391	1080.050415
2713.482422	1092.983643
2716.438477	1092.551392
2719.392578	1097.135864
2722.34668	1151.079468
2725.299805	1129.746216
2728.250977	1091.653687
2731.201172	1104.618408
2734.150391	1171.209961
2737.098633	1124.708984
2740.045898	1105.002075
2742.992188	1109.602783
2745.9375	1105.816406
2748.881836	1096.991211
2751.824219	1099.91394
2754.765625	1086.039917
2757.707031	1130.132446
2760.646484	1104.490967
2763.584961	1139.372681
2766.522461	1124.650513
2769.458984	1110.758789
2772.393555	1092.647583
2775.328125	1152.838257
2778.261719	1102.717041
2781.193359	1091.323975
2784.124023	1103.5271
2787.054688	1075.258545
2789.983398	1113.617432
2792.911133	1119.933716
2795.837891	1118.655884
2798.762695	1084.438477
2801.6875	1118.63147
2804.611328	1067.484375
2807.533203	1111.841919
2810.455078	1102.099365
2813.375	1143.117065
2816.293945	1163.850098
2819.211914	1135.486816
2822.129883	1146.066895
2825.045898	1153.265137
2827.959961	1185.051025
2830.874023	1160.044678
2833.787109	1224.090942
2836.698242	1207.566284
2839.609375	1300.539307
2842.518555	1386.786255
2845.427734	1535.111938
2848.334961	1572.21582
2851.241211	1679.059204
2854.146484	1662.662598
2857.050781	1710.912598
2859.954102	1760.89978
2862.856445	1793.043457
2865.757813	1865.240601
2868.657227	1919.597534
2871.556641	1972.28894
2874.454102	2003.702271
2877.351563	2051.344238
2880.24707	2103.286621
2883.141602	2110.880615
2886.036133	2118.479736
2888.928711	2156.834961
2891.820313	2136.256592
2894.710938	2133.614258
2897.599609	2111.30127
2900.488281	2175.370605
2903.375977	2189.853027
2906.262695	2235.16333
2909.147461	2232.549316
2912.032227	2365.288086
2914.915039	2460.415283
2917.797852	2541.894287
2920.678711	2571.975098
2923.558594	2637.251709
2926.4375	2584.997314
2929.31543	2679.515625
2932.192383	2711.405273
2935.068359	2742.458252
2937.943359	2772.673584
2940.817383	2732.407715
2943.69043	2590.620117
2946.561523	2494.331055
2949.432617	2312.760254
2952.301758	2279.155518
2955.170898	2257.584473
2958.038086	2179.128174
2960.905273	2189.397461
2963.770508	2151.385742
2966.634766	2099.544922
2969.499023	2085.633545
2972.361328	2043.22583
2975.222656	2025.829224
2978.083008	1942.768066
2980.942383	1862.238892
2983.800781	1819.687378
2986.657227	1759.809448
2989.513672	1718.919678
2992.369141	1693.577271
2995.223633	1628.393555
2998.076172	1560.564575
3000.928711	1483.156738
3003.779297	1493.223633
3006.629883	1412.267334
3009.478516	1384.15564
3012.327148	1387.256104
3015.173828	1303.56958
3018.019531	1285.80603
3020.865234	1279.319946
3023.708984	1249.370605
3026.551758	1222.006958
3029.393555	1186.79834
3032.234375	1192.442871
3035.074219	1213.752563
3037.913086	1177.631836
3040.750977	1233.778809
3043.587891	1206.348877
3046.423828	1209.395264
3049.258789	1210.700317
3052.091797	1239.908325
3054.924805	1214.184692
3057.756836	1236.433716
3060.586914	1274.4104
3063.416992	1268.754028
3066.246094	1267.460938
3069.073242	1212.863647
3071.900391	1210.674927
3074.725586	1177.878784
3077.550781	1187.047363
3080.374023	1161.21936
3083.196289	1125.743408
3086.018555	1179.562866
3088.838867	1189.619995
3091.658203	1181.281372
3094.477539	1147.51416
3097.294922	1180.370483
3100.111328	1167.632568
3102.926758	1133.823486
3105.741211	1120.181396
3108.554688	1150.439209
3111.367188	1187.74646
3114.178711	1158.289429
3116.990234	1142.877319
3119.799805	1162.631958
3122.607422	1176.242065
3125.415039	1158.178955
3128.22168	1133.939941
3131.027344	1126.416748
3133.832031	1168.224731
3136.635742	1193.317017
3139.438477	1153.185425
3142.240234	1167.706177
3145.041016	1179.59021
3147.839844	1186.18689
3150.638672	1145.994751
3153.436523	1158.766113
3156.233398	1183.915649
3159.02832	1153.401123
3161.823242	1116.675903
3164.617188	1146.258667
3167.410156	1131.623535
3170.201172	1144.415527
3172.992188	1144.820557
3175.782227	1109.797241
3178.570313	1171.325684
3181.358398	1176.171753
3184.144531	1150.874756
3186.930664	1122.898682
3189.71582	1133.055542
3192.499023	1169.847168
3195.282227	1123.201416
3198.063477	1136.921265
3200.844727	1131.592041
