399.333984	1070.976563
403.220703	1018.028381
407.103516	1059.819702
410.986328	1006.820068
414.867188	1002.163147
418.748047	982.851563
422.625	952.689636
426.501953	972.228333
430.375	959.893555
434.248047	946.909668
438.119141	960.086914
441.988281	956.032166
445.855469	973.696533
449.722656	972.200317
453.585938	991.80481
457.449219	957.687927
461.310547	983.062622
465.169922	972.602661
469.027344	969.179626
472.882813	949.091309
476.736328	965.529358
480.589844	953.759766
484.441406	952.888245
488.289063	952.657593
492.136719	944.719727
495.984375	955.40741
499.828125	947.463257
503.669922	997.387512
507.511719	990.097412
511.351563	997.603943
515.189453	979.360901
519.025391	994.598694
522.859375	1002.760376
526.691406	1011.573547
530.523438	977.178833
534.351563	992.440796
538.179688	1009.652283
542.005859	978.440613
545.830078	979.507446
549.654297	1009.016174
553.474609	987.463074
557.294922	974.301514
561.113281	983.133972
564.927734	982.908691
568.744141	960.01062
572.556641	963.014954
576.367188	950.461487
580.177734	950.869263
583.986328	953.872681
587.792969	969.861816
591.597656	993.657837
595.400391	935.608215
599.201172	924.30896
603.001953	916.251221
606.800781	975.194336
610.597656	939.164795
614.392578	940.217896
618.185547	992.080811
621.976563	978.820068
625.767578	999.449402
629.556641	1003.138
633.34375	989.864075
637.128906	983.759216
640.912109	1005.731018
644.693359	983.293396
648.474609	962.143555
652.253906	996.557678
656.03125	977.357483
659.806641	980.392456
663.580078	1007.000671
667.353516	1032.321167
671.123047	1062.905518
674.892578	1017.467773
678.660156	1004.78418
682.425781	1036.707275
686.191406	1026.64624
689.953125	1040.217651
693.714844	1015.69519
697.474609	1024.671997
701.232422	1042.861816
704.988281	1045.93689
708.744141	1023.348267
712.498047	1065.261597
716.248047	1086.791748
719.998047	1078.6875
723.748047	1129.906006
727.494141	1133.683594
731.240234	1092.598877
734.982422	1100.983643
738.724609	1068.434082
742.464844	1067.566284
746.205078	1097.76001
749.941406	1109.46582
753.677734	1113.243774
757.412109	1127.612549
761.144531	1126.766479
764.875	1110.02417
768.605469	1136.335449
772.332031	1163.994385
776.058594	1189.023804
779.783203	1244.591919
783.505859	1258.392944
787.228516	1223.734131
790.947266	1230.230347
794.666016	1180.909302
798.382813	1192.046143
802.097656	1193.880371
805.8125	1210.354614
809.523438	1220.851196
813.234375	1197.392578
816.943359	1206.559448
820.650391	1173.076416
824.357422	1217.580688
828.060547	1238.107178
831.763672	1186.575195
835.464844	1177.72876
839.164063	1171.546265
842.861328	1182.731567
846.558594	1176.545288
850.253906	1177.04126
853.947266	1196.270752
857.638672	1172.678589
861.328125	1185.895264
865.017578	1159.598633
868.705078	1172.150024
872.390625	1141.802002
876.074219	1158.380371
879.755859	1174.972412
883.4375	1178.151855
887.117188	1149.097046
890.794922	1179.814575
894.470703	1180.982544
898.146484	1197.617432
901.818359	1211.574951
905.490234	1179.779419
909.160156	1162.096069
912.830078	1146.418091
916.496094	1138.13916
920.162109	1119.740845
923.826172	1119.536133
927.488281	1146.993774
931.148438	1147.474609
934.808594	1148.630859
938.466797	1113.307983
942.123047	1150.269531
945.777344	1145.342407
949.429688	1146.498413
953.082031	1147.655029
956.732422	1166.413574
960.380859	1115.430664
964.027344	1153.839111
967.673828	1163.133423
971.318359	1185.31897
974.960938	1168.85498
978.601563	1169.343506
982.240234	1168.474243
985.878906	1171
989.515625	1175.566284
993.150391	1184.214722
996.783203	1158.185791
1000.416016	1286.578613
1004.044922	1270.099121
1007.673828	1170.53125
1011.302734	1213.255127
1014.927734	1146.973511
1018.552734	1150.860596
1022.175781	1162.253418
1025.796875	1158.643555
1029.416016	1184.384033
1033.035156	1200.584595
1036.650391	1194.935547
1040.265625	1198.850464
1043.880859	1189.776489
1047.492188	1164.961182
1051.103516	1191.45105
1054.712891	1178.938477
1058.320313	1206.825439
1061.925781	1171.696533
1065.53125	1196.861084
1069.134766	1183.642944
1072.736328	1226.670166
1076.335938	1232.670288
1079.935547	1222.196045
1083.533203	1235.754761
1087.128906	1212.215698
1090.722656	1217.531006
1094.316406	1222.850464
1097.90625	1243.999146
1101.496094	1208.032959
1105.085938	1196.13855
1108.671875	1171.144653
1112.257813	1177.832642
1115.841797	1174.873047
1119.423828	1207.088867
1123.003906	1217.939331
1126.583984	1229.488892
1130.162109	1220.328979
1133.738281	1149.67041
1137.314453	1168.808105
1140.886719	1163.759644
1144.458984	1174.61731
1148.029297	1142.576416
1151.599609	1154.125977
1155.166016	1155.295532
1158.732422	1184.182007
1162.296875	1181.204956
1165.861328	1198.336304
1169.421875	1230.744263
1172.982422	1249.297485
1176.541016	1226.205322
1180.097656	1227.405762
1183.654297	1222.352661
1187.208984	1238.846191
1190.761719	1215.710327
1194.3125	1241.954956
1197.863281	1230.633545
1201.412109	1258.994385
1204.958984	1269.96228
1208.503906	1303.937378
1212.048828	1282.163452
1215.591797	1302.220947
1219.132813	1358.579102
1222.671875	1350.761108
1226.210938	1370.172241
1229.748047	1397.982544
1233.283203	1414.632568
1236.816406	1452.272339
1240.349609	1451.469971
1243.880859	1399.581909
1247.410156	1402.256836
1250.939453	1421.742432
1254.464844	1381.688232
1257.990234	1415.900391
1261.513672	1422.091064
1265.037109	1414.957764
1268.558594	1372.728027
1272.078125	1319.931885
1275.595703	1363.317993
1279.111328	1367.390015
1282.626953	1406.612793
1286.140625	1405.782471
1289.652344	1423.946411
1293.164063	1430.86377
1296.673828	1482.849365
1300.181641	1453.871582
1303.6875	1492.519287
1307.193359	1517.098877
1310.697266	1504.319336
1314.199219	1549.383911
1317.699219	1524.607178
1321.199219	1520.993408
1324.697266	1525.146973
1328.193359	1517.289551
1331.689453	1523.565063
1335.181641	1525.601685
1338.673828	1515.610962
1342.166016	1506.319458
1345.654297	1435.411377
1349.142578	1495.505371
1352.628906	1421.699341
1356.115234	1427.242065
1359.597656	1415.765747
1363.080078	1446.145508
1366.5625	1439.635986
1370.041016	1401.163086
1373.519531	1419.495117
1376.996094	1452.056763
1380.470703	1400.031128
1383.945313	1382.106445
1387.417969	1374.841064
1390.888672	1432.352661
1394.357422	1396.613281
1397.826172	1411.430908
1401.292969	1374.94043
1404.757813	1366.22937
1408.222656	1369.637939
1411.683594	1367.339722
1415.144531	1389.312988
1418.605469	1373.450073
1422.0625	1404.01709
1425.519531	1353.835938
1428.976563	1398.005981
1432.429688	1425.757568
1435.882813	1467.129272
1439.333984	1558.651367
1442.783203	1554.985718
1446.232422	1564.93103
1449.679688	1569.866211
1453.125	1548.271362
1456.570313	1576.877563
1460.011719	1522.252808
1463.453125	1533.639038
1466.894531	1500.500244
1470.332031	1492.484497
1473.769531	1511.778809
1477.207031	1508.794556
1480.640625	1533.865967
1484.074219	1533.766235
1487.505859	1489.744263
1490.935547	1504.032349
1494.365234	1387.900757
1497.792969	1388.461304
1501.21875	1352.241089
1504.644531	1373.710083
1508.066406	1365.603271
1511.490234	1370.486694
1514.910156	1365.983154
1518.330078	1336.182739
1521.748047	1377.929321
1525.164063	1336.537231
1528.580078	1359.505249
1531.992188	1347.024414
1535.40625	1355.532349
1538.816406	1378.53479
1542.226563	1360.972656
1545.634766	1340.495972
1549.041016	1377.299438
1552.447266	1417.034424
1555.851563	1448.816528
1559.253906	1453.756226
1562.65625	1476.860596
1566.056641	1497.076294
1569.455078	1494.042969
1572.851563	1520.099609
1576.248047	1550.54248
1579.642578	1527.872314
1583.035156	1523.38855
1586.427734	1476.648438
1589.818359	1495.460693
1593.207031	1455.961792
1596.595703	1493.014404
1599.982422	1502.369263
1603.367188	1475.233521
1606.751953	1484.588013
1610.132813	1504.907715
1613.513672	1483.585938
1616.894531	1467.364502
1620.273438	1501.597534
1623.650391	1495.613525
1627.025391	1491.820435
1630.400391	1494.614502
1633.773438	1490.084595
1637.144531	1519.996094
1640.513672	1519.137817
1643.882813	1557.152344
1647.251953	1564.378906
1650.617188	1584.82373
1653.982422	1587.660278
1657.345703	1607.395386
1660.707031	1604.362793
1664.068359	1629.266235
1667.427734	1625.503662
1670.787109	1609.228882
1674.142578	1616.496216
1677.498047	1614.195679
1680.853516	1571.374512
1684.205078	1576.42334
1687.556641	1568.204468
1690.90625	1552.603027
1694.255859	1517.803955
1697.603516	1488.144043
1700.949219	1490.952393
1704.294922	1455.34729
1707.638672	1429.321045
1710.980469	1433.586914
1714.320313	1428.240356
1717.660156	1376.273682
1720.998047	1389.405029
1724.335938	1378.109375
1727.669922	1402.363647
1731.003906	1396.99231
1734.337891	1376.046875
1737.669922	1393.652832
1741	1408.304443
1744.328125	1428.163452
1747.65625	1410.908691
1750.982422	1374.324951
1754.306641	1357.777588
1757.630859	1384.337769
1760.953125	1370.011841
1764.273438	1369.811279
1767.59375	1409.060913
1770.912109	1422.278687
1774.228516	1410.923462
1777.544922	1391.361206
1780.859375	1422.47937
1784.171875	1420.059692
1787.484375	1399.730591
1790.792969	1404.016968
1794.103516	1421.747314
1797.410156	1375.995239
1800.716797	1398.21167
1804.023438	1368.860718
1807.326172	1418.015625
1810.628906	1435.036621
1813.929688	1431.86145
1817.230469	1395.736938
1820.529297	1411.270142
1823.826172	1411.827759
1827.123047	1416.883423
1830.417969	1397.193726
1833.710938	1448.013184
1837.001953	1455.339844
1840.292969	1411.613525
1843.583984	1456.488525
1846.871094	1448.045654
1850.158203	1427.567871
1853.443359	1446.931763
1856.728516	1461.044312
1860.011719	1469.899048
1863.292969	1434.337402
1866.574219	1435.65564
1869.853516	1422.657593
1873.130859	1470.708618
1876.408203	1450.172119
1879.683594	1480.165161
1882.957031	1437.728882
1886.230469	1457.169678
1889.501953	1509.859009
1892.771484	1460.582764
1896.041016	1452.086182
1899.308594	1464.755981
1902.574219	1453.984131
1905.839844	1454.555298
1909.103516	1485.410156
1912.365234	1457.970093
1915.626953	1497.942017
1918.886719	1472.00061
1922.146484	1490.018677
1925.402344	1475.431641
1928.658203	1490.428955
1931.914063	1528.971924
1935.167969	1518.179321
1938.419922	1508.897339
1941.669922	1497.327637
1944.919922	1477.384399
1948.167969	1464.27124
1951.416016	1481.585693
1954.662109	1485.972046
1957.90625	1546.716431
1961.150391	1488.659058
1964.392578	1525.0625
1967.632813	1534.80835
1970.873047	1520.916382
1974.111328	1550.506714
1977.347656	1560.272827
1980.583984	1574.628174
1983.818359	1525.58728
1987.050781	1540.703735
1990.283203	1487.023315
1993.513672	1500.606079
1996.744141	1537.918213
1999.970703	1541.580078
2003.199219	1521.506836
2006.423828	1540.484985
2009.648438	1559.477661
2012.871094	1553.186035
2016.09375	1546.122192
2019.314453	1552.095337
2022.533203	1563.445313
2025.751953	1508.771118
2028.96875	1531.634277
2032.183594	1552.209595
2035.398438	1548.970215
2038.611328	1585.716919
2041.824219	1583.256592
2045.035156	1525.381592
2048.244141	1586.798218
2051.451172	1563.538452
2054.658203	1540.260254
2057.865234	1564.75415
2061.068359	1603.146729
2064.271484	1614.569336
2067.474609	1587.414673
2070.673828	1618.139526
2073.875	1596.370605
2077.072266	1596.217529
2080.269531	1627.753418
2083.464844	1588.177856
2086.660156	1625.922363
2089.853516	1606.433716
2093.044922	1634.924438
2096.236328	1592.19104
2099.425781	1620.697632
2102.613281	1626.750488
2105.800781	1642.886841
2108.986328	1629.56189
2112.169922	1652.694214
2115.353516	1655.662476
2118.535156	1630.678223
2121.716797	1660.828003
2124.896484	1680.898193
2128.074219	1655.116089
2131.251953	1609.093018
2134.427734	1617.494995
2137.603516	1620.454956
2140.777344	1616.409302
2143.949219	1668.442261
2147.119141	1655.060547
2150.289063	1707.927246
2153.458984	1675.833984
2156.625	1689.742676
2159.791016	1670.884033
2162.957031	1673.089966
2166.121094	1662.800781
2169.283203	1677.505615
2172.445313	1665.646118
2175.603516	1692.091675
2178.763672	1670.058838
2181.921875	1658.964111
2185.078125	1672.911133
2188.232422	1679.82019
2191.386719	1731.390015
2194.539063	1657.601318
2197.691406	1659.807129
2200.841797	1702.015381
2203.990234	1704.239258
2207.138672	1741.786621
2210.285156	1722.825073
2213.429688	1752.552246
2216.574219	1737.508545
2219.71875	1716.949951
2222.859375	1713.677002
2226	1706.467285
2229.140625	1732.308105
2232.279297	1713.288818
2235.416016	1739.151245
2238.550781	1718.543335
2241.685547	1753.097656
2244.820313	1744.307007
2247.951172	1723.676025
2251.082031	1704.6073
2254.212891	1717.102417
2257.341797	1781.731934
2260.46875	1808.486694
2263.595703	1793.37146
2266.720703	1757.686523
2269.84375	1766.268921
2272.966797	1800.969971
2276.087891	1766.828857
2279.208984	1751.666626
2282.328125	1777.686523
2285.445313	1760.93103
2288.5625	1780.631104
2291.677734	1803.518311
2294.792969	1778.024658
2297.90625	1823.945068
2301.017578	1804.791016
2304.128906	1808.657104
2307.238281	1788.687256
2310.345703	1751.213379
2313.453125	1784.485474
2316.558594	1812.213867
2319.664063	1775.50061
2322.767578	1856.587036
2325.871094	1871.630371
2328.972656	1873.936768
2332.072266	1874.650513
2335.169922	1841.875732
2338.267578	1781.157593
2341.365234	1828.116943
2344.460938	1824.023071
2347.554688	1818.328369
2350.648438	1822.215454
2353.740234	1818.912476
2356.830078	1806.012817
2359.919922	1818.695923
2363.007813	1837.788818
2366.095703	1834.484985
2369.181641	1799.150635
2372.265625	1837.480591
2375.349609	1839.78064
2378.431641	1853.304565
2381.513672	1827.5448
2384.59375	1848.293335
2387.673828	1853.006836
2390.75	1915.526489
2393.828125	1879.30896
2396.902344	1847.884033
2399.976563	1858.228882
2403.050781	1817.927002
2406.123047	1862.049805
2409.193359	1881.261719
2412.262695	1886.803467
2415.331055	1900.401611
2418.398438	1846.342529
2421.464844	1878.469727
2424.530273	1907.395996
2427.59375	1925.859497
2430.65625	1945.143311
2433.717773	1886.961304
2436.77832	1891.711182
2439.837891	1899.694946
2442.895508	1926.268311
2445.953125	1861.522949
2449.008789	1892.144043
2452.063477	1892.858032
2455.117188	1951.835938
2458.168945	1887.810181
2461.220703	1884.4729
2464.270508	1952.424438
2467.319336	1942.624634
2470.367188	1896.333374
2473.413086	1895.425659
2476.458984	1896.139526
2479.50293	1906.593506
2482.545898	1882.952148
2485.587891	1901.530884
2488.628906	1850.241333
2491.668945	1956.612305
2494.707031	1934.578735
2497.745117	1913.341797
2500.78125	1937.661255
2503.816406	1959.556274
2506.850586	1938.303345
2509.882813	1953.696411
2512.915039	1990.291138
2515.945313	1985.331055
2518.974609	1958.344604
2522.00293	1963.159302
2525.030273	1924.71582
2528.056641	1933.603394
2531.081055	1933.511597
2534.105469	1982.449341
2537.12793	1934.961426
2540.149414	1956.948853
2543.169922	1937.229736
2546.188477	1951.049683
2549.207031	1962.42334
2552.223633	1936.949707
2555.239258	1946.687134
2558.254883	1990.855347
2561.267578	1962.90271
2564.280273	1929.187012
2567.291992	1985.705078
2570.301758	1996.297485
2573.311523	1960.912842
2576.319336	1960.002563
2579.326172	1975.526489
2582.332031	1960.644775
2585.335938	1926.014526
2588.339844	1945.655151
2591.341797	1970.248047
2594.34375	1987.449219
2597.34375	2019.487549
2600.342773	1972.453613
2603.34082	1939.395752
2606.336914	1997.01123
2609.333008	2004.354004
2612.327148	1959.717773
2615.320313	1981.083862
2618.313477	1978.518555
2621.304688	1984.211426
2624.293945	1983.297119
2627.283203	1992.30188
2630.271484	1976.503174
2633.257813	1935.873413
2636.243164	1959.766113
2639.227539	2002.718018
2642.210938	2029.965332
2645.193359	1998.40686
2648.174805	2060.48291
2651.155273	1973.359009
2654.133789	1996.486694
2657.112305	2018.801392
2660.088867	2012.910034
2663.064453	2001.201172
2666.039063	2013.572876
2669.012695	2016.8125
2671.984375	1970.176147
2674.956055	2006.665283
2677.925781	1957.493896
2680.895508	2066.407959
2683.863281	2024.714111
2686.830078	1972.161987
2689.795898	1988.721802
2692.760742	1973.62207
2695.723633	1973.518433
2698.686523	1966.741699
2701.647461	2008.353638
2704.608398	2003.253174
2707.567383	1943.038818
2710.525391	2018.934204
2713.482422	2009.65271
2716.438477	2009.55896
2719.392578	2045.422607
2722.34668	1996.821655
2725.299805	2058.648682
2728.250977	2060.245117
2731.201172	2064.35498
2734.150391	2106.167236
2737.098633	2070.906006
2740.045898	2059.931885
2742.992188	1988.5625
2745.9375	2034.601563
2748.881836	1999.260132
2751.824219	1999.996216
2754.765625	2019.21106
2757.707031	2027.516357
2760.646484	2011.451172
2763.584961	2018.077026
2766.522461	2023.866211
2769.458984	1956.450073
2772.393555	2000.942383
2775.328125	2010.940674
2778.261719	2004.940186
2781.193359	1994.721069
2784.124023	1999.668579
2787.054688	2013.052734
2789.983398	1987.638306
2792.911133	1956.297119
2795.837891	2009.359375
2798.762695	2043.879272
2801.6875	2000.694336
2804.611328	1978.6073
2807.533203	2001.31543
2810.455078	2024.039795
2813.375	1979.936401
2816.293945	2089.851563
2819.211914	2060.980469
2822.129883	2001.593628
2825.045898	1998.936523
2827.959961	2076.806152
2830.874023	2068.237549
2833.787109	2061.359131
2836.698242	2097.753906
2839.609375	2116.347656
2842.518555	2167.225098
2845.427734	2297.145996
2848.334961	2392.317627
2851.241211	2377.037842
2854.146484	2461.250977
2857.050781	2452.790283
2859.954102	2464.749023
2862.856445	2556.747314
2865.757813	2619.854004
2868.657227	2747.759277
2871.556641	2799.900146
2874.454102	2893.005127
2877.351563	2875.293701
2880.24707	2948.014404
2883.141602	2914.944336
2886.036133	2887.826904
2888.928711	2953.796143
2891.820313	3015.540039
2894.710938	2979.879395
2897.599609	2979.252197
2900.488281	3015.407715
2903.375977	3026.772217
2906.262695	3062.969727
2909.147461	3122.314941
2912.032227	3190.269287
2914.915039	3333.687012
2917.797852	3456.633301
2920.678711	3535.929688
2923.558594	3557.802002
2926.4375	3605.436279
2929.31543	3671.133789
2932.192383	3719.700928
2935.068359	3715.03418
2937.943359	3724.11499
2940.817383	3685.913086
2943.69043	3633.060791
2946.561523	3513.917969
2949.432617	3413.624023
2952.301758	3317.561768
2955.170898	3182.668701
2958.038086	3184.680908
2960.905273	3113.426514
2963.770508	3086.096191
2966.634766	3052.707275
2969.499023	2967.519287
2972.361328	3027.289063
2975.222656	2964.480713
2978.083008	2893.851807
2980.942383	2823.171387
2983.800781	2732.556641
2986.657227	2664.360107
2989.513672	2659.264893
2992.369141	2522.625244
2995.223633	2529.593994
2998.076172	2400.602051
3000.928711	2372.01123
3003.779297	2386.731201
3006.629883	2256.680176
3009.478516	2262.695557
3012.327148	2138.578125
3015.173828	2079.462646
3018.019531	2197.417236
3020.865234	2086.168701
3023.708984	2043.476807
3026.551758	2054.640381
3029.393555	2031.033569
3032.234375	2044.809082
3035.074219	2059.464111
3037.913086	2063.684326
3040.750977	2008.699951
3043.587891	2012.904175
3046.423828	2014.49707
3049.258789	2088.436279
3052.091797	2076.105225
3054.924805	2076.848877
3057.756836	2053.160645
3060.586914	2064.370117
3063.416992	2053.757568
3066.246094	2056.239258
3069.073242	2070.082031
3071.900391	2034.982788
3074.725586	2028.714722
3077.550781	1983.952393
3080.374023	2011.788452
3083.196289	1999.376221
3086.018555	1955.429688
3088.838867	1953.499756
3091.658203	1934.917847
3094.477539	1922.45874
3097.294922	1957.345459
3100.111328	1945.761719
3102.926758	1910.474976
3105.741211	1937.492432
3108.554688	1961.015869
3111.367188	1888.798096
3114.178711	1939.563599
3116.990234	1916.517456
3119.799805	1925.994019
3122.607422	1946.913818
3125.415039	1935.285278
3128.22168	1908.681519
3131.027344	1899.672363
3133.832031	1908.276611
3136.635742	1906.310669
3139.438477	1929.028931
3142.240234	1915.602661
3145.041016	1895.108276
3147.839844	1878.129272
3150.638672	1854.957642
3153.436523	1871.513306
3156.233398	1882.779175
3159.02832	1862.234741
3161.823242	1931.858032
3164.617188	1921.929077
3167.410156	1855.367188
3170.201172	1879.036377
3172.992188	1908.9198
3175.782227	1906.05249
3178.570313	1886.348267
3181.358398	1878.1521
3184.144531	1844.236816
3186.930664	1925.602661
3189.71582	1855.300903
3192.499023	1913.649902
3195.282227	1888.576538
3198.063477	1853.714722
3200.844727	1878.584839
