399.333984	1102.756348
403.220703	1051.729492
407.103516	1109.439087
410.986328	1092.737061
414.867188	1067.743042
418.748047	1050.37085
422.625	1057.19873
426.501953	1055.106812
430.375	1053.012817
434.248047	1077.077881
438.119141	1059.67041
441.988281	1066.515503
445.855469	1079.116455
449.722656	1032.283691
453.585938	1064.703369
457.449219	1046.611572
461.310547	1042.583984
465.169922	1076.970215
469.027344	1046.047729
472.882813	1068.288452
476.736328	1037.976074
480.589844	1060.231934
484.441406	1065.181396
488.289063	1041.24707
492.136719	1079.587891
495.984375	1058.208496
499.828125	1061.235962
503.669922	1115.067627
507.511719	1098.821533
511.351563	1068.401611
515.189453	1054.696289
519.025391	1069.322388
522.859375	1071.071777
526.691406	1079.914429
530.523438	1080.379272
534.351563	1101.493164
538.179688	1113.587036
542.005859	1111.482666
545.830078	1088.700562
549.654297	1063.959351
553.474609	1083.816772
557.294922	1095.92749
561.113281	1076.981567
564.927734	1080.034058
568.744141	1075.315552
572.556641	1090.682495
576.367188	1069.755371
580.177734	1070.214355
583.986328	1066.780029
587.792969	1067.886719
591.597656	1073.540161
595.400391	1068.15271
599.201172	1049.110229
603.001953	1069.068115
606.800781	1076.682251
610.597656	1052.411255
614.392578	1066.535278
618.185547	1091.093506
621.976563	1117.627441
625.767578	1093.983154
629.556641	1095.755371
633.34375	1114.494263
637.128906	1111.706665
640.912109	1091.283447
644.693359	1134.217529
648.474609	1087.640503
652.253906	1090.720581
656.03125	1126.512451
659.806641	1137.464722
663.580078	1153.66394
667.353516	1155.466187
671.123047	1167.099121
674.892578	1109.249634
678.660156	1173.341309
682.425781	1137.753418
686.191406	1144.80249
689.953125	1120.992065
693.714844	1174.028076
697.474609	1158.75354
701.232422	1171.740112
704.988281	1153.819702
708.744141	1193.13855
712.498047	1198.254639
716.248047	1225.110718
719.998047	1207.840088
723.748047	1212.967896
727.494141	1245.139404
731.240234	1215.318359
734.982422	1219.794922
738.724609	1199.181885
742.464844	1236.025146
746.205078	1231.262451
749.941406	1239.718994
753.677734	1247.520996
757.412109	1265.917114
761.144531	1279.032227
764.875	1239.173828
768.605469	1291.380615
772.332031	1228.955322
776.058594	1330.9375
779.783203	1372.633667
783.505859	1373.878418
787.228516	1343.916382
790.947266	1306.621582
794.666016	1275.940308
798.382813	1321.688599
802.097656	1340.870728
805.8125	1358.072388
809.523438	1357.314941
813.234375	1339.241577
816.943359	1311.825317
820.650391	1341.039673
824.357422	1342.939453
828.060547	1322.159668
831.763672	1348.077515
835.464844	1303.246338
839.164063	1292.441162
842.861328	1330.406006
846.558594	1307.569702
850.253906	1347.578491
853.947266	1360.858398
857.638672	1384.858521
861.328125	1329.193726
865.017578	1333.772827
868.705078	1334.334351
872.390625	1338.918701
876.074219	1379.726929
879.755859	1348.098022
883.4375	1311.742798
887.117188	1316.995605
890.794922	1315.533569
894.470703	1311.381348
898.146484	1344.209473
901.818359	1317.192505
905.490234	1292.171509
909.160156	1282.614746
912.830078	1279.111694
916.496094	1307.276489
920.162109	1302.431885
923.826172	1326.582886
927.488281	1292.72937
931.148438	1311.495972
934.808594	1292.462891
938.466797	1306.515625
942.123047	1311.118042
945.777344	1299.49707
949.429688	1288.54248
953.082031	1260.661255
956.732422	1314.669189
960.380859	1286.097656
964.027344	1322.544922
967.673828	1301.407959
971.318359	1298.561646
974.960938	1315.385742
978.601563	1313.220947
982.240234	1306.980103
985.878906	1298.696167
989.515625	1323.021729
993.150391	1292.303223
996.783203	1336.368164
1000.416016	1366.862183
1004.044922	1375.600464
1007.673828	1321.018311
1011.302734	1304.538818
1014.927734	1306.445801
1018.552734	1304.945068
1022.175781	1326.633179
1025.796875	1308.762329
1029.416016	1324.325562
1033.035156	1320.09668
1036.650391	1320.646362
1040.265625	1304.108765
1043.880859	1339.52417
1047.492188	1351.710693
1051.103516	1322.845947
1054.712891	1360.366333
1058.320313	1354.082764
1061.925781	1356.016113
1065.53125	1347.668335
1069.134766	1372.916016
1072.736328	1347.416138
1076.335938	1374.743042
1079.935547	1360.20813
1083.533203	1371.076416
1087.128906	1395.010132
1090.722656	1370.1521
1094.316406	1396.855591
1097.90625	1373.353027
1101.496094	1397.325928
1105.085938	1367.605713
1108.671875	1404.684692
1112.257813	1331.522827
1115.841797	1327.248047
1119.423828	1367.804077
1123.003906	1394.592285
1126.583984	1414.499023
1130.162109	1352.237793
1133.738281	1336.215454
1137.314453	1315.341187
1140.886719	1319.342529
1144.458984	1315.045654
1148.029297	1329.430298
1151.599609	1329.287354
1155.166016	1343.688965
1158.732422	1362.952515
1162.296875	1346.185547
1165.861328	1355.06311
1169.421875	1388.229492
1172.982422	1371.45105
1176.541016	1385.903687
1180.097656	1377.44519
1183.654297	1364.11499
1187.208984	1363.286987
1190.761719	1348.548218
1194.3125	1375.543335
1197.863281	1364.973145
1201.412109	1416.368652
1204.958984	1426.008179
1208.503906	1425.898315
1212.048828	1482.261841
1215.591797	1441.719604
1219.132813	1479.99292
1222.671875	1508.524414
1226.210938	1515.430054
1229.748047	1540.505493
1233.283203	1531.35376
1236.816406	1526.389282
1240.349609	1550.799561
1243.880859	1570.330933
1247.410156	1519.169922
1250.939453	1555.512329
1254.464844	1536.532593
1257.990234	1523.144287
1261.513672	1514.653198
1265.037109	1525.797241
1268.558594	1517.299561
1272.078125	1534.069702
1275.595703	1497.472412
1279.111328	1513.5448
1282.626953	1533.144653
1286.140625	1578.780273
1289.652344	1540.029053
1293.164063	1524.47168
1296.673828	1577.903809
1300.181641	1593.341797
1303.6875	1603.859253
1307.193359	1600.990479
1310.697266	1635.497681
1314.199219	1641.810791
1317.699219	1650.246094
1321.199219	1634.679565
1324.697266	1650.182129
1328.193359	1637.428833
1331.689453	1632.44165
1335.181641	1665.643066
1338.673828	1640.142944
1342.166016	1631.610107
1345.654297	1610.323364
1349.142578	1552.88855
1352.628906	1605.258667
1356.115234	1590.314941
1359.597656	1569.684082
1363.080078	1585.934814
1366.5625	1573.093262
1370.041016	1547.457886
1373.519531	1563.71814
1376.996094	1569.330078
1380.470703	1604.809692
1383.945313	1542.154785
1387.417969	1551.321655
1390.888672	1541.27417
1394.357422	1566.827759
1397.826172	1566.752441
1401.292969	1538.878296
1404.757813	1590.131226
1408.222656	1519.442017
1411.683594	1563.591553
1415.144531	1519.248779
1418.605469	1549.148804
1422.0625	1540.489014
1425.519531	1519.670166
1428.976563	1552.465942
1432.429688	1568.834106
1435.882813	1619.567505
1439.333984	1632.39563
1442.783203	1623.746094
1446.232422	1671.696045
1449.679688	1693.878418
1453.125	1693.130371
1456.570313	1685.207153
1460.011719	1659.334473
1463.453125	1647.800293
1466.894531	1600.342041
1470.332031	1663.505859
1473.769531	1619.609009
1477.207031	1665.571045
1480.640625	1606.530273
1484.074219	1656.841797
1487.505859	1588.38855
1490.935547	1560.937866
1494.365234	1606.967041
1497.792969	1551.38562
1501.21875	1500.08606
1504.644531	1521.614746
1508.066406	1522.229004
1511.490234	1452.802612
1514.910156	1466.391113
1518.330078	1506.005859
1521.748047	1482.755981
1525.164063	1514.452881
1528.580078	1496.251709
1531.992188	1519.292969
1535.40625	1491.664917
1538.816406	1513.997681
1542.226563	1533.449463
1545.634766	1522.467041
1549.041016	1557.893188
1552.447266	1581.738281
1555.851563	1608.505615
1559.253906	1585.915894
1562.65625	1541.51416
1566.056641	1641.696777
1569.455078	1653.989136
1572.851563	1669.200195
1576.248047	1644.404419
1579.642578	1650.1604
1583.035156	1612.956787
1586.427734	1598.306152
1589.818359	1640.488403
1593.207031	1603.234863
1596.595703	1530.212036
1599.982422	1597.224976
1603.367188	1613.19458
1606.751953	1618.2229
1610.132813	1594.763794
1613.513672	1592.479614
1616.894531	1575.570801
1620.273438	1590.098877
1623.650391	1600.979736
1627.025391	1595.764771
1630.400391	1586.883789
1633.773438	1577.262573
1637.144531	1639.455811
1640.513672	1615.91687
1643.882813	1649.569336
1647.251953	1637.755005
1650.617188	1700.804321
1653.982422	1686.797241
1657.345703	1662.493408
1660.707031	1749.880005
1664.068359	1713.082275
1667.427734	1701.262451
1670.787109	1751.241333
1674.142578	1708.509888
1677.498047	1674.580688
1680.853516	1661.988281
1684.205078	1608.85083
1687.556641	1651.5177
1690.90625	1559.241211
1694.255859	1582.736816
1697.603516	1584.105713
1700.949219	1546.336914
1704.294922	1558.772949
1707.638672	1526.136475
1710.980469	1548.924438
1714.320313	1498.505981
1717.660156	1483.563721
1720.998047	1512.282715
1724.335938	1510.66272
1727.669922	1497.928833
1731.003906	1471.84436
1734.337891	1451.670166
1737.669922	1488.590332
1741	1508.473633
1744.328125	1457.85498
1747.65625	1465.859863
1750.982422	1462.727417
1754.306641	1485.603394
1757.630859	1504.036133
1760.953125	1440.669312
1764.273438	1501.509644
1767.59375	1474.564087
1770.912109	1487.807739
1774.228516	1517.450439
1777.544922	1475.573242
1780.859375	1485.849854
1784.171875	1446.163696
1787.484375	1492.996216
1790.792969	1492.094604
1794.103516	1477.004272
1797.410156	1452.19043
1800.716797	1493.119751
1804.023438	1451.844604
1807.326172	1489.813843
1810.628906	1476.187256
1813.929688	1444.585815
1817.230469	1522.281738
1820.529297	1498.91272
1823.826172	1492.760498
1827.123047	1454.367065
1830.417969	1508.939209
1833.710938	1462.268311
1837.001953	1480.108398
1840.292969	1499.463989
1843.583984	1454.235107
1846.871094	1489.375488
1850.158203	1473.424438
1853.443359	1452.94812
1856.728516	1461.044312
1860.011719	1494.736084
1863.292969	1493.066162
1866.574219	1482.355835
1869.853516	1479.925537
1873.130859	1508.399658
1876.408203	1502.960571
1879.683594	1479.410767
1882.957031	1458.106079
1886.230469	1454.149658
1889.501953	1490.220947
1892.771484	1466.627563
1896.041016	1459.645142
1899.308594	1503.322144
1902.574219	1513.747192
1905.839844	1466.66394
1909.103516	1469.51123
1912.365234	1473.875244
1915.626953	1465.361572
1918.886719	1471.242676
1922.146484	1440.730469
1925.402344	1471.638794
1928.658203	1482.081299
1931.914063	1485.699097
1935.167969	1460.459595
1938.419922	1493.702026
1941.669922	1482.886353
1944.919922	1463.697876
1948.167969	1468.074463
1951.416016	1498.326782
1954.662109	1480.643188
1957.90625	1447.714355
1961.150391	1442.947876
1964.392578	1470.949829
1967.632813	1479.912109
1970.873047	1450.743774
1974.111328	1488.700073
1977.347656	1467.14502
1980.583984	1489.864014
1983.818359	1474.40332
1987.050781	1510.898438
1990.283203	1499.255859
1993.513672	1463.12915
1996.744141	1467.525879
1999.970703	1458.913452
2003.199219	1477.860107
2006.423828	1499.119385
2009.648438	1473.648926
2012.871094	1458.890869
2016.09375	1435.684937
2019.314453	1479.976196
2022.533203	1466.737427
2025.751953	1477.290405
2028.96875	1479.401978
2032.183594	1469.220093
2035.398438	1480.554077
2038.611328	1467.287964
2041.824219	1491.707764
2045.035156	1503.832275
2048.244141	1505.956909
2051.451172	1488.827515
2054.658203	1447.027954
2057.865234	1489.985107
2061.068359	1502.901855
2064.271484	1472.62915
2067.474609	1477.05957
2070.673828	1485.353271
2073.875	1462.760498
2077.072266	1504.276611
2080.269531	1480.127075
2083.464844	1508.536987
2086.660156	1449.561646
2089.853516	1465.599854
2093.044922	1461.523315
2096.236328	1479.901245
2099.425781	1485.123047
2102.613281	1495.773438
2105.800781	1447.508057
2108.986328	1477.54187
2112.169922	1457.940186
2115.353516	1482.567017
2118.535156	1465.280884
2121.716797	1450.311401
2124.896484	1503.716187
2128.074219	1459.20752
2131.251953	1502.546021
2134.427734	1520.243042
2137.603516	1509.934082
2140.777344	1488.716064
2143.949219	1438.661377
2147.119141	1476.619385
2150.289063	1475.630493
2153.458984	1482.438599
2156.625	1468.968384
2159.791016	1474.217651
2162.957031	1452.926025
2166.121094	1475.354858
2169.283203	1477.486328
2172.445313	1453.043701
2175.603516	1491.918091
2178.763672	1486.235107
2181.921875	1467.244263
2185.078125	1505.385132
2188.232422	1496.567139
2191.386719	1461.88855
2194.539063	1479.693237
2197.691406	1477.126343
2200.841797	1484.75354
2203.990234	1518.279419
2207.138672	1489.035278
2210.285156	1491.178101
2213.429688	1497.249878
2216.574219	1497.039307
2219.71875	1514.909546
2222.859375	1454.148071
2226	1481.455933
2229.140625	1481.237549
2232.279297	1471.570313
2235.416016	1496.552246
2238.550781	1426.209717
2241.685547	1481.935059
2244.820313	1465.943359
2247.951172	1520.937012
2251.082031	1494.68811
2254.212891	1497.62915
2257.341797	1495.043701
2260.46875	1445.841309
2263.595703	1485.913818
2266.720703	1469.087524
2269.84375	1498.916016
2272.966797	1513.732666
2276.087891	1522.227539
2279.208984	1459.458252
2282.328125	1497.24939
2285.445313	1499.406616
2288.5625	1500.772339
2291.677734	1483.104248
2294.792969	1487.637817
2297.90625	1468.363037
2301.017578	1437.957153
2304.128906	1497.2854
2307.238281	1489.115845
2310.345703	1484.914429
2313.453125	1518.084961
2316.558594	1486.047241
2319.664063	1524.017822
2322.767578	1507.08374
2325.871094	1605.619873
2328.972656	1645.271851
2332.072266	1594.887573
2335.169922	1550.046021
2338.267578	1492.407471
2341.365234	1449.087891
2344.460938	1483.16626
2347.554688	1489.320313
2350.648438	1470.713989
2353.740234	1467.277344
2356.830078	1493.418335
2359.919922	1493.98584
2363.007813	1500.954224
2366.095703	1475.111694
2369.181641	1478.874634
2372.265625	1504.266968
2375.349609	1520.062622
2378.431641	1510.21875
2381.513672	1446.639282
2384.59375	1480.078613
2387.673828	1478.232422
2390.75	1465.947754
2393.828125	1457.669067
2396.902344	1500.803223
2399.976563	1554.418213
2403.050781	1503.548584
2406.123047	1506.531006
2409.193359	1485.375977
2412.262695	1482.718506
2415.331055	1469.59021
2418.398438	1502.368652
2421.464844	1526.307007
2424.530273	1506.72998
2427.59375	1483.105347
2430.65625	1490.927002
2433.717773	1501.175415
2436.77832	1477.520874
2439.837891	1520.886719
2442.895508	1477.829102
2445.953125	1459.796021
2449.008789	1504.011963
2452.063477	1549.878662
2455.117188	1528.61438
2458.168945	1544.571899
2461.220703	1529.767578
2464.270508	1501.989624
2467.319336	1504.987061
2470.367188	1501.500366
2473.413086	1496.388672
2476.458984	1529.406494
2479.50293	1508.067505
2482.545898	1460.729126
2485.587891	1476.712158
2488.628906	1544.711792
2491.668945	1486.765137
2494.707031	1478.379272
2497.745117	1509.8479
2500.78125	1502.277466
2503.816406	1484.117554
2506.850586	1523.76709
2509.882813	1514.562744
2512.915039	1502.90625
2515.945313	1521.407715
2518.974609	1561.129395
2522.00293	1465.43396
2525.030273	1557.403687
2528.056641	1483.681274
2531.081055	1494.856812
2534.105469	1511.76062
2537.12793	1517.232178
2540.149414	1472.822754
2543.169922	1483.191528
2546.188477	1473.10791
2549.207031	1498.220581
2552.223633	1516.799561
2555.239258	1495.24585
2558.254883	1479.412842
2561.267578	1507.84375
2564.280273	1518.250488
2567.291992	1517.997681
2570.301758	1524.311035
2573.311523	1546.230713
2576.319336	1490.127686
2579.326172	1507.941406
2582.332031	1529.056396
2585.335938	1532.09436
2588.339844	1504.694824
2591.341797	1507.725342
2594.34375	1481.118896
2597.34375	1497.319946
2600.342773	1520.947876
2603.34082	1552.011108
2606.336914	1482.504639
2609.333008	1507.802124
2612.327148	1506.713501
2615.320313	1515.529175
2618.313477	1483.06311
2621.304688	1513.353638
2624.293945	1502.347534
2627.283203	1483.066162
2630.271484	1529.929321
2633.257813	1547.87146
2636.243164	1500.445923
2639.227539	1549.850464
2642.210938	1477.543091
2645.193359	1515.375732
2648.174805	1523.398071
2651.155273	1528.109497
2654.133789	1500.475464
2657.112305	1501.862183
2660.088867	1525.661255
2663.064453	1522.905762
2666.039063	1519.317139
2669.012695	1498.27478
2671.984375	1525.431641
2674.956055	1495.227539
2677.925781	1514.915649
2680.895508	1562.081177
2683.863281	1499.387329
2686.830078	1561.57251
2689.795898	1533.823608
2692.760742	1526.056641
2695.723633	1549.132813
2698.686523	1518.845093
2701.647461	1533.591187
2704.608398	1536.662109
2707.567383	1552.26001
2710.525391	1572.045654
2713.482422	1524.996338
2716.438477	1543.113892
2719.392578	1561.244507
2722.34668	1578.551514
2725.299805	1554.865479
2728.250977	1571.345093
2731.201172	1589.511475
2734.150391	1569.990967
2737.098633	1571.407837
2740.045898	1554.380737
2742.992188	1566.695313
2745.9375	1533.712036
2748.881836	1549.384644
2751.824219	1560.870239
2754.765625	1592.522583
2757.707031	1527.569336
2760.646484	1541.5802
2763.584961	1553.078491
2766.522461	1514.955566
2769.458984	1534.025146
2772.393555	1559.842773
2775.328125	1573.047363
2778.261719	1566.043579
2781.193359	1580.102295
2784.124023	1550.333252
2787.054688	1536.565552
2789.983398	1577.624634
2792.911133	1582.423218
2795.837891	1562.741211
2798.762695	1517.707031
2801.6875	1539.38562
2804.611328	1553.473022
2807.533203	1574.334351
2810.455078	1532.620239
2813.375	1550.104004
2816.293945	1547.285889
2819.211914	1568.174072
2822.129883	1548.418579
2825.045898	1565.932373
2827.959961	1575.82959
2830.874023	1576.405762
2833.787109	1593.099731
2836.698242	1616.59436
2839.609375	1693.587402
2842.518555	1705.245972
2845.427734	1784.026001
2848.334961	1859.463867
2851.241211	1962.161377
2854.146484	1929.709106
2857.050781	1963.593384
2859.954102	2036.651978
2862.856445	2060.382324
2865.757813	2107.977295
2868.657227	2157.310547
2871.556641	2240.772461
2874.454102	2315.768311
2877.351563	2339.641113
2880.24707	2389.982178
2883.141602	2368.65918
2886.036133	2449.785889
2888.928711	2393.446045
2891.820313	2462.676758
2894.710938	2413.138184
2897.599609	2409.739502
2900.488281	2461.941406
2903.375977	2473.104736
2906.262695	2558.752441
2909.147461	2545.979736
2912.032227	2610.298096
2914.915039	2785.214111
2917.797852	2733.072021
2920.678711	2820.682129
2923.558594	2919.508057
2926.4375	3000.38208
2929.31543	2991.166992
2932.192383	3071.265381
2935.068359	3032.856445
2937.943359	3014.186768
2940.817383	2989.484375
2943.69043	2926.058838
2946.561523	2786.87085
2949.432617	2708.692627
2952.301758	2693.3125
2955.170898	2633.992188
2958.038086	2556.533691
2960.905273	2479.018555
2963.770508	2468.704346
2966.634766	2405.764404
2969.499023	2432.520264
2972.361328	2361.751465
2975.222656	2406.643799
2978.083008	2248.566162
2980.942383	2246.784668
2983.800781	2230.305664
2986.657227	2114.365723
2989.513672	2060.627441
2992.369141	2023.292603
2995.223633	1991.990234
2998.076172	1914.765991
3000.928711	1897.262451
3003.779297	1819.94751
3006.629883	1827.538086
3009.478516	1757.079712
3012.327148	1744.697998
3015.173828	1688.912476
3018.019531	1692.124146
3020.865234	1632.80481
3023.708984	1659.456177
3026.551758	1682.649658
3029.393555	1594.570068
3032.234375	1624.714233
3035.074219	1570.482666
3037.913086	1617.176514
3040.750977	1606.4375
3043.587891	1661.887207
3046.423828	1597.133667
3049.258789	1633.443115
3052.091797	1620.077148
3054.924805	1659.909058
3057.756836	1644.797119
3060.586914	1648.004639
3063.416992	1657.326416
3066.246094	1664.033936
3069.073242	1624.43335
3071.900391	1619.769409
3074.725586	1598.487305
3077.550781	1618.303223
3080.374023	1576.003052
3083.196289	1577.441284
3086.018555	1577.128906
3088.838867	1557.543701
3091.658203	1617.689453
3094.477539	1575.311646
3097.294922	1539.918701
3100.111328	1548.363159
3102.926758	1602.447144
3105.741211	1535.421021
3108.554688	1541.237305
3111.367188	1545.300415
3114.178711	1569.578857
3116.990234	1572.775024
3119.799805	1554.866455
3122.607422	1531.666016
3125.415039	1586.775513
3128.22168	1536.277344
3131.027344	1501.595459
3133.832031	1525.916504
3136.635742	1488.561646
3139.438477	1532.290771
3142.240234	1539.890503
3145.041016	1558.08252
3147.839844	1529.510376
3150.638672	1530.053101
3153.436523	1516.464478
3156.233398	1538.206787
3159.02832	1545.822754
3161.823242	1539.297485
3164.617188	1523.038086
3167.410156	1579.318237
3170.201172	1540.933716
3172.992188	1535.281494
3175.782227	1507.482056
3178.570313	1546.114502
3181.358398	1522.730225
3184.144531	1512.628906
3186.930664	1497.198242
3189.71582	1544.753174
3192.499023	1532.872681
3195.282227	1523.647095
3198.063477	1523.296875
3200.844727	1479.77417
