399.333984	1061.442749
403.220703	1049.821899
407.103516	1040.735352
410.986328	1022.094177
414.867188	1027.631104
418.748047	1043.364136
422.625	1022.149902
426.501953	1009.842407
430.375	1017.933594
434.248047	1010.717651
438.119141	1016.262207
441.988281	1019.895386
445.855469	1025.44812
449.722656	966.447693
453.585938	990.525879
457.449219	996.711975
461.310547	974.102417
465.169922	1005.897827
469.027344	976.22583
472.882813	972.161743
476.736328	974.505066
480.589844	1019.823853
484.441406	965.080078
488.289063	954.583435
492.136719	1008.300415
495.984375	1015.802979
499.828125	1014.312805
503.669922	1006.390381
507.511719	1029.341064
511.351563	1024.635742
515.189453	1028.296753
519.025391	1035.825562
522.859375	1000.827026
526.691406	1018.665527
530.523438	1021.039001
534.351563	1005.346436
538.179688	1039.3479
542.005859	1017.190735
545.830078	1016.335938
549.654297	1030.347046
553.474609	1029.496582
557.294922	996.297668
561.113281	1028.439697
564.927734	1022.406311
568.744141	1021.549744
572.556641	986.345032
576.367188	1001.680054
580.177734	1006.001526
583.986328	984.370667
587.792969	986.091125
591.597656	991.709473
595.400391	974.591858
599.201172	978.909485
603.001953	994.2854
606.800781	999.915771
610.597656	1014.011597
614.392578	1011.190063
618.185547	994.035034
621.976563	1062.234863
625.767578	1005.968994
629.556641	1027.922974
633.34375	1029.014893
637.128906	998.773499
640.912109	1035.119263
644.693359	1052.548584
648.474609	1018.355774
652.253906	1031.868774
656.03125	998.945679
659.806641	1051.729492
663.580078	1035.80957
667.353516	1048.696899
671.123047	1084.53064
674.892578	1056.147339
678.660156	1090.702393
682.425781	1050.486328
686.191406	1069.970215
689.953125	1057.948608
693.714844	1057.085083
697.474609	1067.394165
701.232422	1067.190918
704.988281	1066.987183
708.744141	1062.834351
712.498047	1131.758179
716.248047	1144.753906
719.998047	1134.69751
723.748047	1147.704956
727.494141	1148.852173
731.240234	1112.392334
734.982422	1114.844971
738.724609	1141.071655
742.464844	1124.379883
746.205078	1163.189453
749.941406	1130.623779
753.677734	1154.916016
757.412109	1145.479614
761.144531	1163.177856
764.875	1175.592407
768.605469	1145.611572
772.332031	1199.789185
776.058594	1244.728271
779.783203	1284.397583
783.505859	1255.074463
787.228516	1274.197388
790.947266	1251.487061
794.666016	1232.079834
798.382813	1210.661499
802.097656	1235.782593
805.8125	1229.651001
809.523438	1260.79187
813.234375	1279.30542
816.943359	1247.200073
820.650391	1266.389404
824.357422	1220.914673
828.060547	1238.77417
831.763672	1232.623291
835.464844	1216.452271
839.164063	1206.278442
842.861328	1210.128174
846.558594	1222.671265
850.253906	1241.24353
853.947266	1210.98999
857.638672	1224.886963
861.328125	1227.411621
865.017578	1175.67627
868.705078	1215.041748
872.390625	1217.564575
876.074219	1236.857788
879.755859	1204.497681
883.4375	1208.36084
887.117188	1247.14978
890.794922	1220.127197
894.470703	1224.672852
898.146484	1181.47876
901.818359	1222.338501
905.490234	1232.946899
909.160156	1191.720703
912.830078	1197.609497
916.496094	1224.392456
920.162109	1191.873413
923.826172	1205.861816
927.488281	1210.415771
931.148438	1199.448486
934.808594	1176.316895
938.466797	1187.618652
942.123047	1186.088745
945.777344	1193.34668
949.429688	1177.612793
953.082031	1178.105835
956.732422	1207.031494
960.380859	1172.996948
964.027344	1229.04541
967.673828	1178.723145
971.318359	1176.503662
974.960938	1176.317139
978.601563	1226.351563
982.240234	1180.695313
985.878906	1187.980957
989.515625	1254.390381
993.150391	1221.603882
996.783203	1258.158325
1000.416016	1279.094604
1004.044922	1323.870728
1007.673828	1260.414917
1011.302734	1252.765991
1014.927734	1228.072632
1018.552734	1210.858032
1022.175781	1220.229736
1025.796875	1208.455688
1029.416016	1258.791992
1033.035156	1241.560181
1036.650391	1246.176392
1040.265625	1258.998047
1043.880859	1270.462524
1047.492188	1270.991089
1051.103516	1249.620728
1054.712891	1266.571533
1058.320313	1278.056885
1061.925781	1270.365723
1065.53125	1252.385498
1069.134766	1256.334717
1072.736328	1272.635986
1076.335938	1265.614746
1079.935547	1246.914673
1083.533203	1304.445923
1087.128906	1289.181763
1090.722656	1281.466797
1094.316406	1282.686157
1097.90625	1296.291138
1101.496094	1307.842041
1105.085938	1307.006836
1108.671875	1260.702759
1112.257813	1257.779053
1115.841797	1267.952759
1119.423828	1243.646362
1123.003906	1291.77478
1126.583984	1289.548096
1130.162109	1284.556763
1133.738281	1304.433716
1137.314453	1226.177246
1140.886719	1258.49231
1144.458984	1242.410278
1148.029297	1244.307983
1151.599609	1262.822998
1155.166016	1299.361084
1158.732422	1296.433228
1162.296875	1260.229248
1165.861328	1297.50415
1169.421875	1305.671143
1172.982422	1297.881348
1176.541016	1327.579102
1180.097656	1305.203979
1183.654297	1265.437256
1187.208984	1296.547852
1190.761719	1303.341553
1194.3125	1330.318115
1197.863281	1314.160767
1201.412109	1320.969116
1204.958984	1336.839111
1208.503906	1358.297119
1212.048828	1372.103149
1215.591797	1401.962524
1219.132813	1415.797119
1222.671875	1424.756348
1226.210938	1491.685913
1229.748047	1492.997925
1233.283203	1503.396606
1236.816406	1498.420654
1240.349609	1506.03125
1243.880859	1510.848633
1247.410156	1509.368896
1250.939453	1536.602417
1254.464844	1519.716919
1257.990234	1497.209473
1261.513672	1479.591797
1265.037109	1510.363892
1268.558594	1461.155273
1272.078125	1423.841431
1275.595703	1459.543945
1279.111328	1476.303467
1282.626953	1456.522583
1286.140625	1504.939697
1289.652344	1523.847778
1293.164063	1565.293213
1296.673828	1532.840942
1300.181641	1575.731934
1303.6875	1573.557861
1307.193359	1589.710938
1310.697266	1593.887329
1314.199219	1601.594482
1317.699219	1599.425781
1321.199219	1601.491699
1324.697266	1594.375488
1328.193359	1595.026733
1331.689453	1647.288452
1335.181641	1640.18103
1338.673828	1622.453735
1342.166016	1628.778687
1345.654297	1543.049438
1349.142578	1523.842773
1352.628906	1515.250854
1356.115234	1564.081421
1359.597656	1527.126099
1363.080078	1558.260864
1366.5625	1521.981934
1370.041016	1534.674805
1373.519531	1547.377563
1376.996094	1545.875366
1380.470703	1515.930176
1383.945313	1515.835693
1387.417969	1537.089355
1390.888672	1507.814575
1394.357422	1516.261963
1397.826172	1502.628784
1401.292969	1491.122559
1404.757813	1505.989746
1408.222656	1485.201172
1411.683594	1495.081787
1415.144531	1514.251221
1418.605469	1514.866089
1422.0625	1499.761841
1425.519531	1491.078003
1428.976563	1470.945435
1432.429688	1540.934204
1435.882813	1612.410767
1439.333984	1595.88147
1442.783203	1618.016113
1446.232422	1642.317749
1449.679688	1640.832764
1453.125	1663.01123
1456.570313	1658.662842
1460.011719	1638.520996
1463.453125	1651.390259
1466.894531	1676.480469
1470.332031	1649.134277
1473.769531	1597.324097
1477.207031	1662.694458
1480.640625	1661.208496
1484.074219	1624.453491
1487.505859	1624.390137
1490.935547	1590.471069
1494.365234	1519.772949
1497.792969	1460.551758
1501.21875	1518.115967
1504.644531	1492.755371
1508.066406	1507.071655
1511.490234	1465.799805
1514.910156	1457.7229
1518.330078	1427.236816
1521.748047	1461.067749
1525.164063	1426.218262
1528.580078	1478.163574
1531.992188	1462.11145
1535.40625	1478.630859
1538.816406	1483.572876
1542.226563	1481.996216
1545.634766	1522.467041
1549.041016	1541.937134
1552.447266	1584.640625
1555.851563	1583.826416
1559.253906	1531.454468
1562.65625	1566.939697
1566.056641	1619.894653
1569.455078	1650.354004
1572.851563	1669.927612
1576.248047	1618.210449
1579.642578	1677.820801
1583.035156	1664.658813
1586.427734	1601.948608
1589.818359	1554.492065
1593.207031	1566.052124
1596.595703	1588.561401
1599.982422	1570.227539
1603.367188	1600.7854
1606.751953	1620.413574
1610.132813	1574.308716
1613.513672	1574.208862
1616.894531	1592.386597
1620.273438	1583.516113
1623.650391	1602.443115
1627.025391	1595.032715
1630.400391	1602.994263
1633.773438	1617.554932
1637.144531	1643.120239
1640.513672	1654.041992
1643.882813	1692.110474
1647.251953	1715.533691
1650.617188	1710.347046
1653.982422	1739.670288
1657.345703	1757.996826
1660.707031	1789.566406
1664.068359	1750.578857
1667.427734	1735.096436
1670.787109	1758.599487
1674.142578	1706.301514
1677.498047	1683.417603
1680.853516	1692.929565
1684.205078	1675.916992
1687.556641	1652.99231
1690.90625	1638.162109
1694.255859	1649.883179
1697.603516	1598.869019
1700.949219	1555.93689
1704.294922	1529.961548
1707.638672	1563.828003
1710.980469	1554.839233
1714.320313	1542.144653
1717.660156	1502.062134
1720.998047	1512.282715
1724.335938	1533.618774
1727.669922	1479.408447
1731.003906	1558.554321
1734.337891	1522.844971
1737.669922	1519.741699
1741	1535.185425
1744.328125	1523.918701
1747.65625	1531.207153
1750.982422	1474.613525
1754.306641	1523.505127
1757.630859	1478.758301
1760.953125	1511.326904
1764.273438	1484.39624
1767.59375	1509.548584
1770.912109	1516.10437
1774.228516	1492.122314
1777.544922	1476.318481
1780.859375	1497.032837
1784.171875	1481.217651
1787.484375	1542.240479
1790.792969	1471.941284
1794.103516	1485.964844
1797.410156	1504.481323
1800.716797	1502.834717
1804.023438	1527.352539
1807.326172	1504.771851
1810.628906	1462.719727
1813.929688	1480.513306
1817.230469	1486.340088
1820.529297	1539.363159
1823.826172	1530.22937
1827.123047	1523.337036
1830.417969	1489.440063
1833.710938	1511.035522
1837.001953	1522.139893
1840.292969	1529.498291
1843.583984	1530.101685
1846.871094	1523.190796
1850.158203	1538.074707
1853.443359	1519.880005
1856.728516	1521.231445
1860.011719	1535.378418
1863.292969	1537.489258
1866.574219	1507.965698
1869.853516	1507.05249
1873.130859	1506.89209
1876.408203	1564.79834
1879.683594	1542.781738
1882.957031	1493.577637
1886.230469	1542.48584
1889.501953	1531.007568
1892.771484	1558.055664
1896.041016	1554.888672
1899.308594	1553.231201
1902.574219	1538.711548
1905.839844	1550.667969
1909.103516	1492.223999
1912.365234	1529.921875
1915.626953	1521.430298
1918.886719	1550.830688
1922.146484	1570.39624
1925.402344	1539.910645
1928.658203	1561.763062
1931.914063	1541.877808
1935.167969	1558.431152
1938.419922	1559.801758
1941.669922	1593.855835
1944.919922	1531.370117
1948.167969	1570.763672
1951.416016	1553.115723
1954.662109	1562.097656
1957.90625	1540.623901
1961.150391	1529.799072
1964.392578	1573.078003
1967.632813	1575.980591
1970.873047	1546.087036
1974.111328	1568.056763
1977.347656	1521.342407
1980.583984	1562.409912
1983.818359	1569.131836
1987.050781	1565.159302
1990.283203	1590.235718
1993.513672	1583.208252
1996.744141	1613.666382
1999.970703	1578.320801
2003.199219	1568.982056
2006.423828	1560.401733
2009.648438	1564.075562
2012.871094	1584.617676
2016.09375	1598.273193
2019.314453	1579.715332
2022.533203	1584.936035
2025.751953	1549.465698
2028.96875	1567.735962
2032.183594	1563.73584
2035.398438	1592.787231
2038.611328	1571.874512
2041.824219	1603.258789
2045.035156	1626.201416
2048.244141	1587.568115
2051.451172	1588.185425
2054.658203	1603.442505
2057.865234	1558.587646
2061.068359	1575.386597
2064.271484	1619.969116
2067.474609	1612.109497
2070.673828	1595.751099
2073.875	1587.102905
2077.072266	1569.94873
2080.269531	1589.107788
2083.464844	1584.311768
2086.660156	1605.037476
2089.853516	1625.778931
2093.044922	1597.76709
2096.236328	1629.362793
2099.425781	1579.637817
2102.613281	1619.775391
2105.800781	1586.289063
2108.986328	1624.908203
2112.169922	1613.122681
2115.353516	1594.341675
2118.535156	1606.606323
2121.716797	1621.210449
2124.896484	1618.729004
2128.074219	1561.048828
2131.251953	1601.315796
2134.427734	1657.951904
2137.603516	1642.247925
2140.777344	1618.745117
2143.949219	1628.717407
2147.119141	1614.541138
2150.289063	1618.282471
2153.458984	1571.338135
2156.625	1602.369141
2159.791016	1627.18042
2162.957031	1612.974243
2166.121094	1610.472168
2169.283203	1610.311646
2172.445313	1615.62207
2175.603516	1633.447021
2178.763672	1609.827271
2181.921875	1642.531006
2185.078125	1642.380615
2188.232422	1655.543091
2191.386719	1642.078491
2194.539063	1633.305542
2197.691406	1676.271851
2200.841797	1614.169434
2203.990234	1652.452881
2207.138672	1653.088257
2210.285156	1632.521973
2213.429688	1625.293823
2216.574219	1643.992798
2219.71875	1616.322754
2222.859375	1650.760864
2226	1618.350952
2229.140625	1652.815552
2232.279297	1632.19104
2235.416016	1685.590454
2238.550781	1606.652832
2241.685547	1649.835205
2244.820313	1629.964966
2247.951172	1671.61084
2251.082031	1658.046265
2254.212891	1673.681519
2257.341797	1611.930298
2260.46875	1634.669678
2263.595703	1679.556763
2266.720703	1674.664795
2269.84375	1700.617188
2272.966797	1650.625366
2276.087891	1657.589478
2279.208984	1663.766479
2282.328125	1662.026001
2285.445313	1646.811279
2288.5625	1629.206055
2291.677734	1663.138916
2294.792969	1687.576294
2297.90625	1663.615723
2301.017578	1654.722656
2304.128906	1699.041626
2307.238281	1645.655762
2310.345703	1693.978882
2313.453125	1716.891357
2316.558594	1658.67688
2319.664063	1697.509155
2322.767578	1717.263306
2325.871094	1748.182373
2328.972656	1784.701782
2332.072266	1827.624878
2335.169922	1747.788574
2338.267578	1687.034668
2341.365234	1701.241943
2344.460938	1677.143311
2347.554688	1692.953979
2350.648438	1706.379761
2353.740234	1699.036865
2356.830078	1686.091675
2359.919922	1657.140625
2363.007813	1677.772339
2366.095703	1686.413574
2369.181641	1735.095459
2372.265625	1728.545288
2375.349609	1694.745728
2378.431641	1736.27063
2381.513672	1730.51416
2384.59375	1696.675537
2387.673828	1745.469849
2390.75	1726.864014
2393.828125	1657.646851
2396.902344	1707.28418
2399.976563	1744.90271
2403.050781	1715.010254
2406.123047	1699.572876
2409.193359	1738.839355
2412.262695	1706.494629
2415.331055	1698.282593
2418.398438	1726.314209
2421.464844	1757.589966
2424.530273	1751.805298
2427.59375	1737.144653
2430.65625	1735.380859
2433.717773	1761.863403
2436.77832	1683.404907
2439.837891	1706.65625
2442.895508	1762.244629
2445.953125	1692.587524
2449.008789	1793.493774
2452.063477	1736.737671
2455.117188	1738.202148
2458.168945	1742.905396
2461.220703	1707.120239
2464.270508	1751.511108
2467.319336	1740.014648
2470.367188	1668.513916
2473.413086	1682.93042
2476.458984	1717.641113
2479.50293	1726.404541
2482.545898	1761.157104
2485.587891	1790.24939
2488.628906	1754.357056
2491.668945	1730.630493
2494.707031	1745.918701
2497.745117	1815.72229
2500.78125	1796.059814
2503.816406	1769.055176
2506.850586	1769.719849
2509.882813	1741.054688
2512.915039	1761.269165
2515.945313	1761.93042
2518.974609	1750.357178
2522.00293	1794.259033
2525.030273	1771.260986
2528.056641	1752.328003
2531.081055	1762.787476
2534.105469	1758.54541
2537.12793	1721.600708
2540.149414	1759.863647
2543.169922	1756.432617
2546.188477	1753.816895
2549.207031	1742.193115
2552.223633	1760.863403
2555.239258	1798.391479
2558.254883	1750.706909
2561.267578	1767.760376
2564.280273	1749.556152
2567.291992	1749.389771
2570.301758	1782.056641
2573.311523	1779.437988
2576.319336	1731.636719
2579.326172	1830.073853
2582.332031	1799.518433
2585.335938	1792.78894
2588.339844	1805.79834
2591.341797	1792.481323
2594.34375	1778.330688
2597.34375	1780.641235
2600.342773	1802.726929
2603.34082	1836.36792
2606.336914	1833.754272
2609.333008	1805.568237
2612.327148	1772.410034
2615.320313	1834.979004
2618.313477	1811.71521
2621.304688	1766.955933
2624.293945	1756.870728
2627.283203	1774.884766
2630.271484	1780.506836
2633.257813	1802.678711
2636.243164	1761.96875
2639.227539	1823.061279
2642.210938	1848.585327
2645.193359	1816.959473
2648.174805	1803.544189
2651.155273	1847.329346
2654.133789	1838.891235
2657.112305	1857.828369
2660.088867	1841.916382
2663.064453	1880.796875
2666.039063	1838.29895
2669.012695	1798.262085
2671.984375	1833.011963
2674.956055	1836.186035
2677.925781	1886.78125
2680.895508	1875.828979
2683.863281	1871.528442
2686.830078	1844.737671
2689.795898	1816.260376
2692.760742	1825.266968
2695.723633	1829.277344
2698.686523	1846.635376
2701.647461	1839.808716
2704.608398	1837.984863
2707.567383	1862.879028
2710.525391	1901.991455
2713.482422	1873.44751
2716.438477	1915.935547
2719.392578	1909.953003
2722.34668	1885.56189
2725.299805	1971.616211
2728.250977	1893.650879
2731.201172	1919.473267
2734.150391	1895.047852
2737.098633	1877.308594
2740.045898	1889.738037
2742.992188	1893.789063
2745.9375	1890.291626
2748.881836	1905.256226
2751.824219	1846.344116
2754.765625	1879.781372
2757.707031	1865.348633
2760.646484	1863.513306
2763.584961	1842.336182
2766.522461	1913.672363
2769.458984	1860.520874
2772.393555	1888.983887
2775.328125	1881.256958
2778.261719	1882.790405
2781.193359	1870.841064
2784.124023	1848.766113
2787.054688	1898.358521
2789.983398	1896.52417
2792.911133	1881.184814
2795.837891	1931.686646
2798.762695	1933.239502
2801.6875	1878.185669
2804.611328	1905.920288
2807.533203	1932.829346
2810.455078	1894.629883
2813.375	1911.400146
2816.293945	1901.096313
2819.211914	1916.186768
2822.129883	1867.758789
2825.045898	1893.015747
2827.959961	1957.283813
2830.874023	1920.68811
2833.787109	1995.192017
2836.698242	1987.435059
2839.609375	2041.642944
2842.518555	2106.080811
2845.427734	2170.564941
2848.334961	2329.428955
2851.241211	2352.383301
2854.146484	2345.587402
2857.050781	2416.206787
2859.954102	2432.407715
2862.856445	2451.173828
2865.757813	2543.200195
2868.657227	2673.633789
2871.556641	2724.042969
2874.454102	2757.435547
2877.351563	2829.234375
2880.24707	2819.172119
2883.141602	2856.901611
2886.036133	2890.388672
2888.928711	2913.648926
2891.820313	2942.052734
2894.710938	2953.380127
2897.599609	2910.842285
2900.488281	2905.056641
2903.375977	2942.908936
2906.262695	3031.295654
2909.147461	3046.95459
2912.032227	3152.575439
2914.915039	3233.419434
2917.797852	3358.043701
2920.678711	3369.552979
2923.558594	3461.7146
2926.4375	3470.693848
2929.31543	3539.776611
2932.192383	3602.896729
2935.068359	3612.793457
2937.943359	3643.323975
2940.817383	3497.619385
2943.69043	3498.885254
2946.561523	3456.270508
2949.432617	3275.908447
2952.301758	3191.85083
2955.170898	3230.904053
2958.038086	3055.432617
2960.905273	3065.15625
2963.770508	3029.185791
2966.634766	3048.394287
2969.499023	3003.76123
2972.361328	2898.670166
2975.222656	2935.984375
2978.083008	2820.425781
2980.942383	2798.111084
2983.800781	2636.601807
2986.657227	2624.580566
2989.513672	2548.53418
2992.369141	2521.759766
2995.223633	2423.977783
2998.076172	2372.889648
3000.928711	2302.704834
3003.779297	2234.202393
3006.629883	2241.941895
3009.478516	2251.420898
3012.327148	2125.564453
3015.173828	2111.574463
3018.019531	2117.542725
3020.865234	2034.057861
3023.708984	2056.509277
3026.551758	2008.576172
3029.393555	2007.558472
3032.234375	2030.892822
3035.074219	2022.920898
3037.913086	2040.18396
3040.750977	1993.027344
3043.587891	1986.773926
3046.423828	2005.783813
3049.258789	2057.057373
3052.091797	2050.818848
3054.924805	2015.790771
3057.756836	2038.326904
3060.586914	2101.03125
3063.416992	2078.207031
3066.246094	2090.306152
3069.073242	2003.671631
3071.900391	1994.772705
3074.725586	2030.463623
3077.550781	1976.954224
3080.374023	1993.411865
3083.196289	2035.266968
3086.018555	1961.55957
3088.838867	1965.763916
3091.658203	1951.567993
3094.477539	1965.413818
3097.294922	1991.546387
3100.111328	1929.971069
3102.926758	1990.334106
3105.741211	1983.142456
3108.554688	1961.894165
3111.367188	1939.751709
3114.178711	1982.625977
3116.990234	1929.704468
3119.799805	1948.859741
3122.607422	1935.476929
3125.415039	1994.250366
3128.22168	1958.863647
3131.027344	1977.174072
3133.832031	1989.329956
3136.635742	1976.816895
3139.438477	1936.963623
3142.240234	1972.047607
3145.041016	1946.279785
3147.839844	1936.379639
3150.638672	1952.95874
3153.436523	2011.059814
3156.233398	1908.401245
3159.02832	1932.057495
3161.823242	1918.595825
3164.617188	1929.88916
3167.410156	1909.338257
3170.201172	1935.681885
3172.992188	1928.39856
3175.782227	1940.595337
3178.570313	1897.866699
3181.358398	1964.127075
3184.144531	1922.262207
3186.930664	1957.533447
3189.71582	1916.523193
3192.499023	1960.692383
3195.282227	1931.196045
3198.063477	1950.53064
3200.844727	1908.784302
