399.333984	1055.086792
403.220703	1056.816528
407.103516	1069.361938
410.986328	1082.554321
414.867188	1049.278809
418.748047	1024.254883
422.625	1032.983154
426.501953	1018.130249
430.375	1026.225098
434.248047	993.489502
438.119141	981.791016
441.988281	997.543274
445.855469	1018.420105
449.722656	982.427307
453.585938	1002.675659
457.449219	994.792725
461.310547	997.782959
465.169922	1026.387085
469.027344	1012.73822
472.882813	1005.485718
476.736328	1016.819092
480.589844	1039.707153
484.441406	1027.322632
488.289063	1024.556274
492.136719	1032.7052
495.984375	1071.70105
499.828125	1032.953491
503.669922	1026.968384
507.511719	1030.627808
511.351563	995.673096
515.189453	1037.311279
519.025391	1063.524902
522.859375	1054.316162
526.691406	1019.955017
530.523438	1027.489014
534.351563	1044.063232
538.179688	1051.613525
542.005859	1049.482544
545.830078	1005.35199
549.654297	1002.552246
553.474609	1028.849854
557.294922	1010.530518
561.113281	1029.086914
564.927734	1032.766357
568.744141	1011.833069
572.556641	1021.988281
576.367188	1004.921753
580.177734	1030.000244
583.986328	1009.028564
587.792969	1036.077271
591.597656	1007.945679
595.400391	997.982056
599.201172	1032.859985
603.001953	989.08313
606.800781	992.759583
610.597656	1003.598145
614.392578	1015.096802
618.185547	1046.146973
621.976563	986.640198
625.767578	1020.312012
629.556641	1050.098999
633.34375	1036.192627
637.128906	1041.205078
640.912109	1063.85437
644.693359	1066.922363
648.474609	1043.193726
652.253906	1046.254761
656.03125	1059.130981
659.806641	1039.294556
663.580078	1071.165894
667.353516	1124.679932
671.123047	1114.019409
674.892578	1079.092773
678.660156	1055.285767
682.425781	1065.577637
686.191406	1076.534424
689.953125	1082.246582
693.714844	1095.847046
697.474609	1090.398315
701.232422	1105.328369
704.988281	1120.928589
708.744141	1106.927246
712.498047	1133.733276
716.248047	1157.927124
719.998047	1159.078369
723.748047	1168.140869
727.494141	1141.597656
731.240234	1156.597778
734.982422	1156.428955
738.724609	1164.183716
742.464844	1177.229736
746.205078	1173.102905
749.941406	1192.775024
753.677734	1172.114136
757.412109	1181.213867
761.144531	1182.376587
764.875	1182.877808
768.605469	1186.692017
772.332031	1232.932495
776.058594	1222.181274
779.783203	1282.407349
783.505859	1294.233276
787.228516	1304.076904
790.947266	1295.328979
794.666016	1264.642944
798.382813	1257.864624
802.097656	1303.624268
805.8125	1255.60144
809.523438	1272.108398
813.234375	1285.964966
816.943359	1278.513306
820.650391	1251.059448
824.357422	1302.264526
828.060547	1270.794189
831.763672	1285.345215
835.464844	1258.513916
839.164063	1271.735474
842.861328	1263.584961
846.558594	1291.525879
850.253906	1253.281372
853.947266	1259.161987
857.638672	1313.23938
861.328125	1246.830566
865.017578	1237.977051
868.705078	1221.073486
872.390625	1261.144775
876.074219	1303.261841
879.755859	1266.903442
883.4375	1265.422363
887.117188	1237.075928
890.794922	1246.330322
894.470703	1250.214966
898.146484	1279.655151
901.818359	1266.738281
905.490234	1268.616211
909.160156	1266.455811
912.830078	1256.210205
916.496094	1201.481445
920.162109	1256.590576
923.826172	1255.768799
927.488281	1217.837402
931.148438	1237.922607
934.808594	1235.065186
938.466797	1224.773926
942.123047	1249.617065
945.777344	1229.857056
949.429688	1202.639648
953.082031	1214.646729
956.732422	1268.635498
960.380859	1267.81189
964.027344	1278.505249
967.673828	1264.805908
971.318359	1217.189697
974.960938	1252.974487
978.601563	1241.282227
982.240234	1258.095703
985.878906	1267.451294
989.515625	1247.595215
993.150391	1276.667847
996.783203	1299.643555
1000.416016	1349.172607
1004.044922	1349.735596
1007.673828	1310.123413
1011.302734	1303.857544
1014.927734	1298.949219
1018.552734	1286.536743
1022.175781	1260.472046
1025.796875	1252.80896
1029.416016	1275.175415
1033.035156	1309.852783
1036.650391	1307.665283
1040.265625	1278.135864
1043.880859	1273.881348
1047.492188	1307.24646
1051.103516	1256.464111
1054.712891	1283.687378
1058.320313	1304.768677
1061.925781	1315.589111
1065.53125	1278.434082
1069.134766	1298.852661
1072.736328	1343.98584
1076.335938	1347.975708
1079.935547	1338.922607
1083.533203	1362.146484
1087.128906	1334.536743
1090.722656	1346.77771
1094.316406	1397.543335
1097.90625	1351.335327
1101.496094	1358.779053
1105.085938	1350.390137
1108.671875	1353.016479
1112.257813	1326.009277
1115.841797	1335.521851
1119.423828	1315.381958
1123.003906	1360.779785
1126.583984	1355.130127
1130.162109	1300.441162
1133.738281	1307.197388
1137.314453	1304.282104
1140.886719	1294.449219
1144.458984	1254.170288
1148.029297	1307.284668
1151.599609	1304.363159
1155.166016	1294.512695
1158.732422	1313.755981
1162.296875	1317.071289
1165.861328	1328.710815
1169.421875	1298.039673
1172.982422	1318.008911
1176.541016	1332.439453
1180.097656	1380.223755
1183.654297	1340.487915
1187.208984	1327.831787
1190.761719	1341.593384
1194.3125	1365.80249
1197.863281	1367.061279
1201.412109	1355.090088
1204.958984	1419.738403
1208.503906	1435.655151
1212.048828	1385.350098
1215.591797	1436.837158
1219.132813	1466.037354
1222.671875	1501.543823
1226.210938	1498.669434
1229.748047	1531.423218
1233.283203	1501.299805
1236.816406	1548.764282
1240.349609	1556.39563
1243.880859	1601.121704
1247.410156	1507.268677
1250.939453	1530.999512
1254.464844	1542.137817
1257.990234	1551.181885
1261.513672	1531.482666
1265.037109	1527.200317
1268.558594	1547.477051
1272.078125	1503.177734
1275.595703	1526.27002
1279.111328	1515.652832
1282.626953	1538.065308
1286.140625	1564.012085
1289.652344	1589.979736
1293.164063	1630.748413
1296.673828	1613.813232
1300.181641	1667.303345
1303.6875	1646.140259
1307.193359	1663.027954
1310.697266	1696.855225
1314.199219	1679.204834
1317.699219	1664.362793
1321.199219	1659.393921
1324.697266	1650.88855
1328.193359	1674.884155
1331.689453	1664.256226
1335.181641	1639.473633
1338.673828	1682.597046
1342.166016	1603.295898
1345.654297	1609.615234
1349.142578	1588.310303
1352.628906	1604.549927
1356.115234	1605.913208
1359.597656	1587.416626
1363.080078	1625.671875
1366.5625	1609.297119
1370.041016	1570.893433
1373.519531	1563.00769
1376.996094	1537.346436
1380.470703	1539.394287
1383.945313	1561.360596
1387.417969	1530.684814
1390.888672	1581.852783
1394.357422	1558.281494
1397.826172	1538.965454
1401.292969	1559.548828
1404.757813	1511.694336
1408.222656	1530.855713
1411.683594	1535.045776
1415.144531	1612.060059
1418.605469	1626.28479
1422.0625	1545.490601
1425.519531	1578.998779
1428.976563	1625.405396
1432.429688	1616.049438
1435.882813	1676.821411
1439.333984	1731.198486
1442.783203	1732.616577
1446.232422	1739.051147
1449.679688	1776.314331
1453.125	1766.2771
1456.570313	1742.600342
1460.011719	1806.464111
1463.453125	1691.598022
1466.894531	1708.803345
1470.332031	1718.836304
1473.769531	1706.592041
1477.207031	1682.111694
1480.640625	1693.583618
1484.074219	1675.555054
1487.505859	1636.630615
1490.935547	1648.096802
1494.365234	1594.716675
1497.792969	1546.339355
1501.21875	1500.807251
1504.644531	1523.779297
1508.066406	1556.874268
1511.490234	1518.510864
1514.910156	1499.619751
1518.330078	1515.400269
1521.748047	1512.396729
1525.164063	1567.249023
1528.580078	1557.027832
1531.992188	1537.388428
1535.40625	1558.282959
1538.816406	1585.713379
1542.226563	1570.408813
1545.634766	1576.840942
1549.041016	1607.211914
1552.447266	1641.960449
1555.851563	1620.845337
1559.253906	1623.675781
1562.65625	1598.903198
1566.056641	1666.405762
1569.455078	1710.697266
1572.851563	1781.20752
1576.248047	1722.986572
1579.642578	1762.985596
1583.035156	1701.068726
1586.427734	1663.870239
1589.818359	1634.658081
1593.207031	1623.648926
1596.595703	1668.0625
1599.982422	1614.00708
1603.367188	1665.021118
1606.751953	1679.563477
1610.132813	1629.82959
1613.513672	1680.179321
1616.894531	1724.719971
1620.273438	1674.211792
1623.650391	1660.979858
1627.025391	1668.964966
1630.400391	1689.405029
1633.773438	1700.337524
1637.144531	1709.07959
1640.513672	1705.364258
1643.882813	1722.182617
1647.251953	1739.014038
1650.617188	1785.954712
1653.982422	1812.370728
1657.345703	1829.991699
1660.707031	1844.686523
1664.068359	1791.016479
1667.427734	1862.341797
1670.787109	1821.879639
1674.142578	1813.77356
1677.498047	1774.731567
1680.853516	1793.857056
1684.205078	1773.199829
1687.556641	1717.135986
1690.90625	1721.508545
1694.255859	1703.747925
1697.603516	1660.136841
1700.949219	1680.736816
1704.294922	1640.77478
1707.638672	1592.650879
1710.980469	1677.57019
1714.320313	1644.954224
1717.660156	1634.509888
1720.998047	1606.291382
1724.335938	1602.487305
1727.669922	1591.271484
1731.003906	1585.975342
1734.337891	1571.036255
1737.669922	1590.944824
1741	1604.190918
1744.328125	1589.982422
1747.65625	1596.554565
1750.982422	1574.9021
1754.306641	1589.647583
1757.630859	1592.508911
1760.953125	1609.50354
1764.273438	1587.076294
1767.59375	1574.307373
1770.912109	1577.910278
1774.228516	1598.649292
1777.544922	1624.620972
1780.859375	1589.479126
1784.171875	1552.071533
1787.484375	1601.93042
1790.792969	1591.36853
1794.103516	1590.505127
1797.410156	1600.098755
1800.716797	1595.500732
1804.023438	1620.802856
1807.326172	1625.183472
1810.628906	1558.488647
1813.929688	1614.493042
1817.230469	1610.63855
1820.529297	1610.525879
1823.826172	1649.380493
1827.123047	1609.549561
1830.417969	1591.435913
1833.710938	1610.820923
1837.001953	1594.944336
1840.292969	1603.082397
1843.583984	1595.452148
1846.871094	1617.12207
1850.158203	1610.994141
1853.443359	1625.166138
1856.728516	1622.797363
1860.011719	1605.373657
1863.292969	1569.865356
1866.574219	1607.391968
1869.853516	1641.180176
1873.130859	1644.087891
1876.408203	1655.292725
1879.683594	1638.592529
1882.957031	1627.916626
1886.230469	1630.067017
1889.501953	1680.55835
1892.771484	1615.481567
1896.041016	1666.006104
1899.308594	1590.284912
1902.574219	1640.082031
1905.839844	1595.318726
1909.103516	1642.127808
1912.365234	1622.32312
1915.626953	1620.68689
1918.886719	1650.884277
1922.146484	1623.475708
1925.402344	1605.148193
1928.658203	1661.175659
1931.914063	1633.737671
1935.167969	1685.262573
1938.419922	1630.460083
1941.669922	1679.743164
1944.919922	1644.664185
1948.167969	1646.06897
1951.416016	1661.171875
1954.662109	1654.970825
1957.90625	1727.966309
1961.150391	1658.552002
1964.392578	1661.487427
1967.632813	1665.949463
1970.873047	1663.549927
1974.111328	1688.617798
1977.347656	1661.797485
1980.583984	1641.828613
1983.818359	1699.001587
1987.050781	1639.290405
1990.283203	1658.279419
1993.513672	1704.052124
1996.744141	1692.475098
1999.970703	1658.691162
2003.199219	1702.219238
2006.423828	1722.033936
2009.648438	1665.230957
2012.871094	1682.745972
2016.09375	1689.537231
2019.314453	1676.38562
2022.533203	1696.226929
2025.751953	1686.138184
2028.96875	1697.548462
2032.183594	1698.209473
2035.398438	1678.115112
2038.611328	1705.683838
2041.824219	1667.881592
2045.035156	1705.472046
2048.244141	1683.03772
2051.451172	1694.47522
2054.658203	1706.69165
2057.865234	1709.667358
2061.068359	1669.462524
2064.271484	1692.482056
2067.474609	1675.390015
2070.673828	1737.029541
2073.875	1685.958862
2077.072266	1701.292847
2080.269531	1685.721802
2083.464844	1694.881104
2086.660156	1763.607422
2089.853516	1748.04126
2093.044922	1757.234131
2096.236328	1676.601929
2099.425781	1732.256104
2102.613281	1743.002319
2105.800781	1700.259888
2108.986328	1762.19165
2112.169922	1743.476074
2115.353516	1750.360474
2118.535156	1712.988647
2121.716797	1730.741211
2124.896484	1718.976807
2128.074219	1706.425415
2131.251953	1725.750244
2134.427734	1722.527222
2137.603516	1775.339966
2140.777344	1761.232178
2143.949219	1742.439453
2147.119141	1694.800659
2150.289063	1700.911621
2153.458984	1763.17395
2156.625	1699.104126
2159.791016	1754.389282
2162.957031	1739.451416
2166.121094	1760.428833
2169.283203	1725.947876
2172.445313	1744.590454
2175.603516	1699.910889
2178.763672	1714.645874
2181.921875	1746.607544
2185.078125	1731.623413
2188.232422	1744.037109
2191.386719	1725.905884
2194.539063	1698.355591
2197.691406	1713.121582
2200.841797	1699.662476
2203.990234	1759.164063
2207.138672	1729.227539
2210.285156	1748.738037
2213.429688	1758.051025
2216.574219	1786.231079
2219.71875	1774.338745
2222.859375	1771.87439
2226	1748.165283
2229.140625	1756.706787
2232.279297	1760.530273
2235.416016	1753.329102
2238.550781	1750.061768
2241.685547	1802.758179
2244.820313	1769.541016
2247.951172	1736.297974
2251.082031	1768.530151
2254.212891	1739.207642
2257.341797	1761.197754
2260.46875	1735.799561
2263.595703	1793.37146
2266.720703	1786.151001
2269.84375	1793.162354
2272.966797	1771.692383
2276.087891	1822.240112
2279.208984	1777.799072
2282.328125	1752.336304
2285.445313	1829.085815
2288.5625	1790.144775
2291.677734	1784.483765
2294.792969	1735.180664
2297.90625	1716.000488
2301.017578	1765.884399
2304.128906	1772.118652
2307.238281	1782.330322
2310.345703	1801.293457
2313.453125	1770.966675
2316.558594	1779.597168
2319.664063	1785.846436
2322.767578	1759.458496
2325.871094	1886.762695
2328.972656	1905.806519
2332.072266	1849.14502
2335.169922	1792.440063
2338.267578	1748.453857
2341.365234	1766.674316
2344.460938	1786.504883
2347.554688	1762.428955
2350.648438	1754.311768
2353.740234	1778.953857
2356.830078	1760.442749
2359.919922	1826.693726
2363.007813	1786.583618
2366.095703	1822.479248
2369.181641	1844.790039
2372.265625	1778.206909
2375.349609	1778.080688
2378.431641	1796.390747
2381.513672	1803.487549
2384.59375	1808.984985
2387.673828	1839.364136
2390.75	1820.793823
2393.828125	1784.540405
2396.902344	1836.635986
2399.976563	1807.593872
2403.050781	1760.840332
2406.123047	1812.984985
2409.193359	1843.443359
2412.262695	1811.138184
2415.331055	1865.775635
2418.398438	1818.147949
2421.464844	1815.612305
2424.530273	1855.801147
2427.59375	1829.082642
2430.65625	1818.479126
2433.717773	1807.867188
2436.77832	1808.550171
2439.837891	1822.156372
2442.895508	1876.172363
2445.953125	1829.190796
2449.008789	1774.087158
2452.063477	1861.310425
2455.117188	1879.006226
2458.168945	1847.333984
2461.220703	1861.797607
2464.270508	1817.942139
2467.319336	1825.921265
2470.367188	1771.478638
2473.413086	1862.172607
2476.458984	1823.928833
2479.50293	1839.225586
2482.545898	1834.234131
2485.587891	1791.061768
2488.628906	1837.23999
2491.668945	1894.020142
2494.707031	1868.710449
2497.745117	1844.194702
2500.78125	1847.329346
2503.816406	1848.837646
2506.850586	1795.781006
2509.882813	1811.120483
2512.915039	1875.372681
2515.945313	1886.676025
2518.974609	1870.255859
2522.00293	1847.29541
2525.030273	1852.069702
2528.056641	1879.710693
2531.081055	1888.584229
2534.105469	1891.743774
2537.12793	1847.491699
2540.149414	1852.272949
2543.169922	1829.24231
2546.188477	1901.946045
2549.207031	1869.091553
2552.223633	1866.515259
2555.239258	1831.983276
2558.254883	1861.355469
2561.267578	1869.431152
2564.280273	1858.646973
2567.291992	1919.241333
2570.301758	1881.379028
2573.311523	1875.512939
2576.319336	1911.536377
2579.326172	1885.132202
2582.332031	1905.565918
2585.335938	1898.053589
2588.339844	1906.988892
2591.341797	1878.895752
2594.34375	1906.765625
2597.34375	1830.881348
2600.342773	1872.759766
2603.34082	1920.438599
2606.336914	1908.786499
2609.333008	1929.293823
2612.327148	1864.000977
2615.320313	1891.109741
2618.313477	1900.071411
2621.304688	1937.12561
2624.293945	1923.798218
2627.283203	1940.220947
2630.271484	1912.825073
2633.257813	1949.9375
2636.243164	1909.282227
2639.227539	1920.754761
2642.210938	1936.376465
2645.193359	1908.097534
2648.174805	1915.43689
2651.155273	1963.409302
2654.133789	1936.766357
2657.112305	1954.080322
2660.088867	1895.870728
2663.064453	1917.333374
2666.039063	1954.594482
2669.012695	1926.234497
2671.984375	1931.105103
2674.956055	1956.768921
2677.925781	1975.796021
2680.895508	1922.433472
2683.863281	1928.973145
2686.830078	1911.364746
2689.795898	1939.566162
2692.760742	1924.448242
2695.723633	1967.682129
2698.686523	1969.243896
2701.647461	1959.125122
2704.608398	1951.502563
2707.567383	1949.71875
2710.525391	1995.545654
2713.482422	2037.227905
2716.438477	2004.543335
2719.392578	2045.422607
2722.34668	2006.023682
2725.299805	2024.337769
2728.250977	1980.71521
2731.201172	2010.75708
2734.150391	2019.876343
2737.098633	2006.373535
2740.045898	2005.436279
2742.992188	2018.755737
2745.9375	2007.753174
2748.881836	2034.511597
2751.824219	1972.288452
2754.765625	2017.531128
2757.707031	2039.279785
2760.646484	1963.539429
2763.584961	2020.599609
2766.522461	2008.725098
2769.458984	2017.036865
2772.393555	2028.721558
2775.328125	1985.677612
2778.261719	2022.630737
2781.193359	1998.934692
2784.124023	1979.435913
2787.054688	1953.175537
2789.983398	1988.481934
2792.911133	1956.297119
2795.837891	2000.072388
2798.762695	2012.629883
2801.6875	2043.783691
2804.611328	2001.427612
2807.533203	2041.054321
2810.455078	2070.559814
2813.375	2023.088867
2816.293945	2042.451172
2819.211914	2006.788696
2822.129883	2020.228882
2825.045898	2065.878418
2827.959961	2021.707153
2830.874023	2052.973877
2833.787109	2089.352783
2836.698242	2155.458984
2839.609375	2255.569824
2842.518555	2318.387207
2845.427734	2504.432861
2848.334961	2592.881348
2851.241211	2666.941162
2854.146484	2627.942383
2857.050781	2685.05249
2859.954102	2708.159912
2862.856445	2833.451416
2865.757813	2848.963379
2868.657227	2855.96582
2871.556641	3006.163818
2874.454102	3091.670166
2877.351563	3151.649414
2880.24707	3189.487061
2883.141602	3166.747803
2886.036133	3252.434326
2888.928711	3204.074219
2891.820313	3201.821533
2894.710938	3233.759033
2897.599609	3296.503174
2900.488281	3281.447998
2903.375977	3288.630371
2906.262695	3344.612305
2909.147461	3390.35791
2912.032227	3518.376953
2914.915039	3517.082764
2917.797852	3649.525635
2920.678711	3727.176758
2923.558594	3813.462646
2926.4375	3842.308594
2929.31543	3866.881836
2932.192383	3885.459961
2935.068359	3916.938232
2937.943359	3909.761963
2940.817383	3836.375977
2943.69043	3794.759521
2946.561523	3590.494629
2949.432617	3503.999756
2952.301758	3396.776855
2955.170898	3373.025879
2958.038086	3259.64502
2960.905273	3277.200439
2963.770508	3191.294189
2966.634766	3188.133789
2969.499023	3126.293213
2972.361328	3084.260986
2975.222656	3028.381592
2978.083008	3005.286865
2980.942383	2936.374756
2983.800781	2831.105225
2986.657227	2832.125732
2989.513672	2716.360352
2992.369141	2689.646484
2995.223633	2561.625
2998.076172	2479.409912
3000.928711	2407.530762
3003.779297	2429.196777
3006.629883	2327.770264
3009.478516	2339.88208
3012.327148	2246.157715
3015.173828	2231.343262
3018.019531	2231.2771
3020.865234	2186.91626
3023.708984	2193.783691
3026.551758	2168.497314
3029.393555	2106.675537
3032.234375	2081.339111
3035.074219	2104.707764
3037.913086	2108.073975
3040.750977	2094.898926
3043.587891	2127.006592
3046.423828	2126.897705
3049.258789	2120.686768
3052.091797	2115.343018
3054.924805	2124.823242
3057.756836	2149.143555
3060.586914	2127.217773
3063.416992	2120.993652
3066.246094	2135.728516
3069.073242	2160.085693
3071.900391	2102.291016
3074.725586	2071.5625
3077.550781	2086.299072
3080.374023	2086.169434
3083.196289	2072.033203
3086.018555	2055.259033
3088.838867	2043.728638
3091.658203	2008.528931
3094.477539	2062.720215
3097.294922	2054.686523
3100.111328	2064.191895
3102.926758	2060.539795
3105.741211	2030.548218
3108.554688	2068.156006
3111.367188	2044.294434
3114.178711	2041.507202
3116.990234	2016.739014
3119.799805	1999.867798
3122.607422	2041.928223
3125.415039	2031.213501
3128.22168	2060.108398
3131.027344	2003.595093
3133.832031	2010.474243
3136.635742	2110.778564
3139.438477	2032.180786
3142.240234	1985.276978
3145.041016	1987.746338
3147.839844	2029.050415
3150.638672	2012.112549
3153.436523	1979.264404
3156.233398	2041.812622
3159.02832	2031.930542
3161.823242	2006.126343
3164.617188	1978.534424
3167.410156	2024.358643
3170.201172	2027.730713
3172.992188	2025.792358
3175.782227	1951.223877
3178.570313	2005.075684
3181.358398	2031.48877
3184.144531	2009.154175
3186.930664	1979.707642
3189.71582	1949.352539
3192.499023	2010.397583
3195.282227	2017.322998
3198.063477	2006.488525
3200.844727	2010.929565
