399.333984	931.145813
403.220703	937.908752
407.103516	916.050659
410.986328	911.993103
414.867188	906.658447
418.748047	888.579346
422.625	878.768555
426.501953	875.961792
430.375	891.010803
434.248047	862.683228
438.119141	880.292419
441.988281	876.203186
445.855469	866.359924
449.722656	866.095642
453.585938	856.238953
457.449219	866.845093
461.310547	862.099854
465.169922	852.868164
469.027344	857.0802
472.882813	858.732178
476.736328	879.61908
480.589844	839.59082
484.441406	869.470398
488.289063	857.648621
492.136719	869.578857
495.984375	878.30658
499.828125	863.258606
503.669922	879.064331
507.511719	865.933167
511.351563	873.386169
515.189453	866.035767
519.025391	879.292236
522.859375	884.826477
526.691406	880.049683
530.523438	891.393494
534.351563	882.743164
538.179688	886.996338
542.005859	889.315308
545.830078	885.821045
549.654297	892.665771
553.474609	890.462769
557.294922	890.198425
561.113281	883.461365
564.927734	859.235718
568.744141	840.819031
572.556641	863.862
576.367188	862.936035
580.177734	838.010315
583.986328	825.391846
587.792969	828.342529
591.597656	829.996521
595.400391	838.148987
599.201172	817.057922
603.001953	856.425049
606.800781	835.323242
610.597656	847.396057
614.392578	834.736389
618.185547	891.765381
621.976563	854.349609
625.767578	844.93573
629.556641	866.820801
633.34375	898.512085
637.128906	853.200623
640.912109	897.321045
644.693359	907.504639
648.474609	857.562744
652.253906	886.046997
656.03125	879.883423
659.806641	899.892944
663.580078	887.836731
667.353516	919.001709
671.123047	901.045105
674.892578	904.707153
678.660156	878.202393
682.425781	877.264343
686.191406	885.515198
689.953125	886.549072
693.714844	903.351196
697.474609	917.538269
701.232422	893.599731
704.988281	928.186768
708.744141	951.615173
712.498047	923.051147
716.248047	934.640869
719.998047	956.124329
723.748047	961.145264
727.494141	965.51062
731.240234	938.869751
734.982422	927.387329
738.724609	983.249878
742.464844	966.491028
746.205078	978.797424
749.941406	987.808105
753.677734	964.414429
757.412109	990.631409
761.144531	991.051392
764.875	991.471497
768.605469	975.989563
772.332031	1025.4552
776.058594	1078.278198
779.783203	1077.407959
783.505859	1103.084961
787.228516	1067.696411
790.947266	1080.105103
794.666016	1059.296265
798.382813	1041.128906
802.097656	1068.838867
805.8125	1069.290649
809.523438	1068.411255
813.234375	1026.907349
816.943359	1039.333374
820.650391	1083.096191
824.357422	1079.552612
828.060547	1053.324951
831.763672	1044.426392
835.464844	1041.528809
839.164063	1020.594421
842.861328	1033.720825
846.558594	1031.482666
850.253906	1039.942627
853.947266	1048.409546
857.638672	1080.97937
861.328125	1026.526001
865.017578	1002.171875
868.705078	985.839233
872.390625	1033.857178
876.074219	1050.390137
879.755859	1030.030029
883.4375	1042.546875
887.117188	1035.597778
890.794922	1050.142456
894.470703	1059.994019
898.146484	1021.437866
901.818359	1037.3396
905.490234	1002.105896
909.160156	1015.319153
912.830078	1021.133911
916.496094	999.999146
920.162109	1001.092834
923.826172	1007.58252
927.488281	987.089294
931.148438	1004.377808
934.808594	1008.17511
938.466797	983.602234
942.123047	968.470154
945.777344	997.272705
949.429688	1018.658752
953.082031	985.927734
956.732422	992.433105
960.380859	996.911926
964.027344	999.361572
967.673828	993.67926
971.318359	1000.197632
974.960938	1002.65094
978.601563	992.211365
982.240234	996.699646
985.878906	1024.964722
989.515625	1028.11084
993.150391	1035.338135
996.783203	1065.014038
1000.416016	1107.641479
1004.044922	1104.700439
1007.673828	1041.834106
1011.302734	1005.482666
1014.927734	1020.89502
1018.552734	1009.048401
1022.175781	1008.104797
1025.796875	968.94812
1029.416016	1026.010986
1033.035156	1030.535889
1036.650391	1029.598511
1040.265625	1021.825256
1043.880859	1045.499023
1047.492188	1023.359924
1051.103516	1026.522949
1054.712891	1035.165527
1058.320313	1054.088745
1061.925781	1028.489136
1065.53125	1066.618408
1069.134766	1091.74939
1072.736328	1070.249146
1076.335938	1059.025757
1079.935547	1102.7229
1083.533203	1075.017334
1087.128906	1078.21228
1090.722656	1061.472534
1094.316406	1125.1875
1097.90625	1068.545654
1101.496094	1110.289063
1105.085938	1078.383911
1108.671875	1054.719116
1112.257813	1050.331665
1115.841797	1042.493042
1119.423828	1061.548462
1123.003906	1088.899902
1126.583984	1069.330811
1130.162109	1022.811096
1133.738281	1029.452393
1137.314453	1030.569458
1140.886719	1013.708679
1144.458984	1004.443054
1148.029297	1004.858276
1151.599609	1017.043274
1155.166016	1030.623291
1158.732422	1074.009399
1162.296875	1034.940796
1165.861328	1052.011597
1169.421875	1071.177612
1172.982422	1029.97644
1176.541016	1046.371216
1180.097656	1055.832886
1183.654297	1042.370117
1187.208984	1032.371826
1190.761719	1073.831055
1194.3125	1093.755249
1197.863281	1058.010742
1201.412109	1123.903076
1204.958984	1078.388184
1208.503906	1096.255127
1212.048828	1142.024902
1215.591797	1173.88208
1219.132813	1186.925049
1222.671875	1206.959229
1226.210938	1235.389648
1229.748047	1187.691284
1233.283203	1252.480957
1236.816406	1240.40979
1240.349609	1259.80603
1243.880859	1264.522217
1247.410156	1248.939697
1250.939453	1291.474487
1254.464844	1259.774536
1257.990234	1242.767944
1261.513672	1185.7771
1265.037109	1214.324219
1268.558594	1214.822144
1272.078125	1221.639038
1275.595703	1210.901733
1279.111328	1221.937988
1282.626953	1232.280029
1286.140625	1239.113892
1289.652344	1269.873169
1293.164063	1253.501465
1296.673828	1282.178833
1300.181641	1278.477173
1303.6875	1277.590942
1307.193359	1268.243896
1310.697266	1330.825439
1314.199219	1365.23584
1317.699219	1342.501343
1321.199219	1321.160034
1324.697266	1331.5896
1328.193359	1286.904663
1331.689453	1359.543213
1335.181641	1321.905273
1338.673828	1325.275146
1342.166016	1276.973877
1345.654297	1284.576294
1349.142578	1253.220703
1352.628906	1260.819092
1356.115234	1224.464478
1359.597656	1260.428711
1363.080078	1278.682129
1366.5625	1257.906738
1370.041016	1274.753052
1373.519531	1248.985229
1376.996094	1258.022705
1380.470703	1209.473267
1383.945313	1238.418579
1387.417969	1240.345703
1390.888672	1207.390747
1394.357422	1219.276855
1397.826172	1233.309814
1401.292969	1220.981323
1404.757813	1231.460449
1408.222656	1224.113892
1411.683594	1206.770142
1415.144531	1253.665771
1418.605469	1227.034424
1422.0625	1216.814819
1425.519531	1265.915283
1428.976563	1221.378052
1432.429688	1266.942627
1435.882813	1313.259521
1439.333984	1294.46106
1442.783203	1360.164917
1446.232422	1365.731934
1449.679688	1341.912964
1453.125	1365.404663
1456.570313	1391.067139
1460.011719	1381.58252
1463.453125	1348.396118
1466.894531	1344.63208
1470.332031	1354.5177
1473.769531	1327.748779
1477.207031	1335.477295
1480.640625	1342.492432
1484.074219	1383.340576
1487.505859	1319.096924
1490.935547	1284.334229
1494.365234	1218.556641
1497.792969	1230.583252
1501.21875	1184.202515
1504.644531	1192.616943
1508.066406	1223.413086
1511.490234	1192.135742
1514.910156	1198.395508
1518.330078	1183.703247
1521.748047	1194.301758
1525.164063	1177.425659
1528.580078	1154.747437
1531.992188	1202.260864
1535.40625	1200.572998
1538.816406	1201.056519
1542.226563	1197.192139
1545.634766	1210.723877
1549.041016	1254.727783
1552.447266	1292.96228
1555.851563	1261.544556
1559.253906	1295.455078
1562.65625	1337.383301
1566.056641	1310.305054
1569.455078	1320.283203
1572.851563	1407.364868
1576.248047	1360.635498
1579.642578	1340.072876
1583.035156	1356.631348
1586.427734	1285.78418
1589.818359	1245.488525
1593.207031	1226.303345
1596.595703	1286.603516
1599.982422	1275.445068
1603.367188	1270.116943
1606.751953	1300.566284
1610.132813	1273.327271
1613.513672	1286.261719
1616.894531	1329.91333
1620.273438	1277.78418
1623.650391	1286.344727
1627.025391	1279.539795
1630.400391	1301.288574
1633.773438	1309.86792
1637.144531	1316.255127
1640.513672	1337.310547
1643.882813	1329.777344
1647.251953	1351.588135
1650.617188	1360.203003
1653.982422	1389.386353
1657.345703	1391.410767
1660.707031	1427.24353
1664.068359	1399.874878
1667.427734	1471.044067
1670.787109	1406.143799
1674.142578	1397.871704
1677.498047	1382.965088
1680.853516	1359.942505
1684.205078	1349.430176
1687.556641	1318.265015
1690.90625	1290.762573
1694.255859	1301.6073
1697.603516	1286.624512
1700.949219	1258.337158
1704.294922	1219.684448
1707.638672	1218.692017
1710.980469	1219.916626
1714.320313	1243.330933
1717.660156	1253.444946
1720.998047	1210.270264
1724.335938	1175.947266
1727.669922	1166.043457
1731.003906	1204.303711
1734.337891	1224.800415
1737.669922	1183.010254
1741	1207.966187
1744.328125	1189.146484
1747.65625	1180.707764
1750.982422	1163.347534
1754.306641	1171.241089
1757.630859	1205.161987
1760.953125	1176.633423
1764.273438	1184.540771
1767.59375	1182.033203
1770.912109	1189.203735
1774.228516	1157.642578
1777.544922	1161.827637
1780.859375	1178.689697
1784.171875	1208.989868
1787.484375	1157.23999
1790.792969	1185.315796
1794.103516	1163.383545
1797.410156	1193.724487
1800.716797	1165.799194
1804.023438	1196.912109
1807.326172	1154.755249
1810.628906	1188.880737
1813.929688	1131.716919
1817.230469	1150.883911
1820.529297	1191.040039
1823.826172	1222.235107
1827.123047	1186.733521
1830.417969	1188.702148
1833.710938	1188.421265
1837.001953	1185.137451
1840.292969	1191.612061
1843.583984	1208.607544
1846.871094	1220.356079
1850.158203	1174.980835
1853.443359	1188.22876
1856.728516	1190.954224
1860.011719	1176.37085
1863.292969	1187.375366
1866.574219	1169.765625
1869.853516	1199.61377
1873.130859	1190.286377
1876.408203	1192.263184
1879.683594	1179.907349
1882.957031	1164.522705
1886.230469	1172.530884
1889.501953	1196.406494
1892.771484	1187.809692
1896.041016	1200.371094
1899.308594	1194.793213
1902.574219	1207.366577
1905.839844	1188.164307
1909.103516	1195.444824
1912.365234	1196.671509
1915.626953	1177.441528
1918.886719	1207.464966
1922.146484	1194.289795
1925.402344	1195.516846
1928.658203	1236.206055
1931.914063	1206.323975
1935.167969	1217.429443
1938.419922	1200.432007
1941.669922	1168.219604
1944.919922	1218.10083
1948.167969	1217.817261
1951.416016	1203.835938
1954.662109	1202.784668
1957.90625	1230.671387
1961.150391	1203.726318
1964.392578	1217.153809
1967.632813	1183.319702
1970.873047	1176.155029
1974.111328	1165.932251
1977.347656	1205.318481
1980.583984	1172.189209
1983.818359	1223.067261
1987.050781	1205.967529
1990.283203	1204.909302
1993.513672	1187.023682
1996.744141	1211.206177
1999.970703	1216.271484
2003.199219	1199.899902
2006.423828	1169.726807
2009.648438	1210.79834
2012.871094	1213.570313
2016.09375	1186.434082
2019.314453	1202.240845
2022.533203	1208.082031
2025.751953	1197.035278
2028.96875	1195.197021
2032.183594	1230.241333
2035.398438	1193.821655
2038.611328	1229.661133
2041.824219	1254.757813
2045.035156	1209.068848
2048.244141	1203.379639
2051.451172	1208.468872
2054.658203	1218.955322
2057.865234	1197.075439
2061.068359	1219.131836
2064.271484	1230.405151
2067.474609	1176.091309
2070.673828	1205.884521
2073.875	1197.857178
2077.072266	1190.595947
2080.269531	1187.193359
2083.464844	1213.943115
2086.660156	1187.340942
2089.853516	1221.075317
2093.044922	1183.617188
2096.236328	1228.991821
2099.425781	1204.677246
2102.613281	1158.643188
2105.800781	1201.734131
2108.986328	1216.936035
2112.169922	1186.370605
2115.353516	1204.682739
2118.535156	1172.535278
2121.716797	1228.1427
2124.896484	1218.515137
2128.074219	1204.99292
2131.251953	1198.459351
2134.427734	1221.484985
2137.603516	1165.139893
2140.777344	1203.742188
2143.949219	1206.543823
2147.119141	1224.931763
2150.289063	1230.081787
2153.458984	1206.38208
2156.625	1201.386841
2159.791016	1183.120117
2162.957031	1196.848755
2166.121094	1206.682495
2169.283203	1214.96106
2172.445313	1172.439819
2175.603516	1179.928955
2178.763672	1180.383545
2181.921875	1219.964722
2185.078125	1195.383789
2188.232422	1169.217529
2191.386719	1198.654541
2194.539063	1221.060425
2197.691406	1202.713257
2200.841797	1175.723999
2203.990234	1162.052612
2207.138672	1180.552979
2210.285156	1179.436279
2213.429688	1190.887085
2216.574219	1189.772949
2219.71875	1216.958984
2222.859375	1189.114014
2226	1221.827393
2229.140625	1205.768311
2232.279297	1217.253906
2235.416016	1214.570313
2238.550781	1200.852783
2241.685547	1216.290283
2244.820313	1178.116943
2247.951172	1202.234497
2251.082031	1179.809204
2254.212891	1188.945435
2257.341797	1195.718994
2260.46875	1188.276123
2263.595703	1172.923462
2266.720703	1201.836914
2269.84375	1178.567261
2272.966797	1205.130615
2276.087891	1181.052246
2279.208984	1221.098511
2282.328125	1204.929199
2285.445313	1216.484741
2288.5625	1208.22876
2291.677734	1188.862793
2294.792969	1190.110229
2297.90625	1187.389893
2301.017578	1201.341309
2304.128906	1213.7146
2307.238281	1225.302368
2310.345703	1178.074463
2313.453125	1190.452271
2316.558594	1214.771973
2319.664063	1200.910156
2322.767578	1234.805542
2325.871094	1301.380371
2328.972656	1306.656616
2332.072266	1260.128662
2335.169922	1224.727783
2338.267578	1210.038574
2341.365234	1206.509277
2344.460938	1179.827637
2347.554688	1176.283569
2350.648438	1178.328735
2353.740234	1203.551025
2356.830078	1210.404297
2359.919922	1192.469482
2363.007813	1172.120483
2366.095703	1168.563721
2369.181641	1181.818604
2372.265625	1190.277222
2375.349609	1157.875854
2378.431641	1192.78418
2381.513672	1196.444458
2384.59375	1202.513794
2387.673828	1203.772339
2390.75	1240.355591
2393.828125	1231.188232
2396.902344	1183.449219
2399.976563	1192.738647
2403.050781	1218.115601
2406.123047	1195.250977
2409.193359	1188.46167
2412.262695	1206.620483
2415.331055	1186.945801
2418.398438	1184.172607
2421.464844	1209.602295
2424.530273	1211.672119
2427.59375	1212.936646
2430.65625	1206.940918
2433.717773	1212.239502
2436.77832	1215.927002
2439.837891	1206.69397
2442.895508	1239.469604
2445.953125	1236.704346
2449.008789	1238.78833
2452.063477	1207.70813
2455.117188	1168.512085
2458.168945	1207.000366
2461.220703	1226.081665
2464.270508	1186.037109
2467.319336	1206.745117
2470.367188	1186.931152
2473.413086	1203.599365
2476.458984	1176.466553
2479.50293	1193.142822
2482.545898	1195.21582
2485.587891	1189.979736
2488.628906	1217.242676
2491.668945	1207.133057
2494.707031	1217.345337
2497.745117	1185.263184
2500.78125	1221.515991
2503.816406	1197.55188
2506.850586	1197.187378
2509.882813	1189.489868
2512.915039	1207.052124
2515.945313	1201.797974
2518.974609	1196.539673
2522.00293	1225.546631
2525.030273	1230.903931
2528.056641	1188.088257
2531.081055	1217.123901
2534.105469	1197.151001
2537.12793	1246.648193
2540.149414	1184.963989
2543.169922	1200.951538
2546.188477	1205.493286
2549.207031	1219.043945
2552.223633	1190.835083
2555.239258	1241.258789
2558.254883	1239.264404
2561.267578	1220.049805
2564.280273	1231.169067
2567.291992	1252.963501
2570.301758	1247.685913
2573.311523	1248.152222
2576.319336	1217.403076
2579.326172	1215.392578
2582.332031	1247.085205
2585.335938	1231.103149
2588.339844	1206.88208
2591.341797	1171.943726
2594.34375	1209.429565
2597.34375	1176.936279
2600.342773	1217.74707
2603.34082	1222.322144
2606.336914	1224.426758
2609.333008	1219.93396
2612.327148	1236.891357
2615.320313	1271.195557
2618.313477	1196.52478
2621.304688	1213.491455
2624.293945	1239.560669
2627.283203	1231.755127
2630.271484	1221.462402
2633.257813	1250.0448
2636.243164	1224.85376
2639.227539	1245.178955
2642.210938	1265.518921
2645.193359	1244.447388
2648.174805	1206.783203
2651.155273	1261.12561
2654.133789	1263.252686
2657.112305	1272.848877
2660.088867	1255.889893
2663.064453	1235.596436
2666.039063	1233.562622
2669.012695	1265.597656
2671.984375	1226.995728
2674.956055	1252.398682
2677.925781	1240.383911
2680.895508	1252.494507
2683.863281	1249.628174
2686.830078	1247.592407
2689.795898	1241.388916
2692.760742	1240.181396
2695.723633	1269.822021
2698.686523	1238.596924
2701.647461	1216.526611
2704.608398	1253.702637
2707.567383	1245.81604
2710.525391	1260.476563
2713.482422	1273.476318
2716.438477	1244.689331
2719.392578	1321.245972
2722.34668	1285.762451
2725.299805	1271.173706
2728.250977	1284.199951
2731.201172	1313.147461
2734.150391	1256.662964
2737.098633	1319.144531
2740.045898	1253.397705
2742.992188	1281.536621
2745.9375	1280.330688
2748.881836	1278.284302
2751.824219	1255.245361
2754.765625	1264.106812
2757.707031	1279.696411
2760.646484	1266.718262
2763.584961	1275.592896
2766.522461	1263.444336
2769.458984	1254.652466
2772.393555	1282.051025
2775.328125	1301.890381
2778.261719	1237.50293
2781.193359	1274.194458
2784.124023	1256.958618
2787.054688	1276.816895
2789.983398	1270.536255
2792.911133	1280.285889
2795.837891	1294.263794
2798.762695	1303.184204
2801.6875	1294.368164
2804.611328	1277.093384
2807.533203	1316.454712
2810.455078	1292.408203
2813.375	1284.420288
2816.293945	1314.515747
2819.211914	1281.973877
2822.129883	1332.419312
2825.045898	1345.61731
2827.959961	1321.526855
2830.874023	1303.35437
2833.787109	1340.307495
2836.698242	1389.167969
2839.609375	1370.150391
2842.518555	1473.407227
2845.427734	1540.209106
2848.334961	1576.465088
2851.241211	1662.056152
2854.146484	1639.699951
2857.050781	1701.554077
2859.954102	1731.962769
2862.856445	1784.529541
2865.757813	1779.218018
2868.657227	1945.158081
2871.556641	1989.335449
2874.454102	2020.755127
2877.351563	2041.108765
2880.24707	2062.330078
2883.141602	2069.055664
2886.036133	2079.201172
2888.928711	2106.4375
2891.820313	2088.404541
2894.710938	2191.741455
2897.599609	2124.128174
2900.488281	2208.732666
2903.375977	2231.784424
2906.262695	2218.898193
2909.147461	2289.06958
2912.032227	2402.981934
2914.915039	2418.422852
2917.797852	2465.594482
2920.678711	2574.547852
2923.558594	2531.727295
2926.4375	2642.499023
2929.31543	2660.627686
2932.192383	2695.945801
2935.068359	2780.261475
2937.943359	2777.830566
2940.817383	2657.605957
2943.69043	2631.044678
2946.561523	2544.234863
2949.432617	2469.411865
2952.301758	2390.22876
2955.170898	2342.857666
2958.038086	2280.803711
2960.905273	2278.179932
2963.770508	2304.871338
2966.634766	2184.941406
2969.499023	2186.593262
2972.361328	2190.835449
2975.222656	2066.414795
2978.083008	2017.921753
2980.942383	1985.812012
2983.800781	1959.729858
2986.657227	1848.016113
2989.513672	1803.697876
2992.369141	1780.982056
2995.223633	1705.441528
2998.076172	1719.045898
3000.928711	1652.957397
3003.779297	1621.486572
3006.629883	1571.786743
3009.478516	1472.616699
3012.327148	1507.849365
3015.173828	1425.074097
3018.019531	1459.446167
3020.865234	1389.621094
3023.708984	1418.791504
3026.551758	1385.404785
3029.393555	1401.552246
3032.234375	1373.353271
3035.074219	1379.066528
3037.913086	1376.079712
3040.750977	1389.633789
3043.587891	1397.971069
3046.423828	1421.997925
3049.258789	1350.161865
3052.091797	1382.907593
3054.924805	1370.319092
3057.756836	1415.310913
3060.586914	1434.148071
3063.416992	1432.914917
3066.246094	1399.36084
3069.073242	1373.646729
3071.900391	1388.124023
3074.725586	1367.633545
3077.550781	1375.995117
3080.374023	1350.234619
3083.196289	1339.336914
3086.018555	1345.945068
3088.838867	1361.317749
3091.658203	1342.524536
3094.477539	1307.061523
3097.294922	1351.375122
3100.111328	1347.470703
3102.926758	1341.808105
3105.741211	1358.088257
3108.554688	1337.495361
3111.367188	1346.756958
3114.178711	1352.509521
3116.990234	1367.057129
3119.799805	1350.834229
3122.607422	1353.954102
3125.415039	1316.592529
3128.22168	1333.788086
3131.027344	1344.830688
3133.832031	1322.402222
3136.635742	1352.83728
3139.438477	1337.448242
3142.240234	1301.763184
3145.041016	1297.813965
3147.839844	1325.634521
3150.638672	1289.90625
3153.436523	1328.341675
3156.233398	1276.685059
3159.02832	1286.859863
3161.823242	1310.303711
3164.617188	1323.150391
3167.410156	1297.960693
3170.201172	1299.30542
3172.992188	1295.338379
3175.782227	1275.425415
3178.570313	1354.733032
3181.358398	1284.305054
3184.144531	1295.399048
3186.930664	1318.031128
3189.71582	1307.849609
3192.499023	1304.761353
3195.282227	1318.540771
3198.063477	1345.652954
3200.844727	1324.335693
