399.363281	1084.963135
403.25	1000.227234
407.134766	1058.550781
411.017578	1041.82666
414.898438	1018.083923
418.777344	1029.990967
422.654297	1008.770874
426.53125	1004.745422
430.404297	993.0625
434.277344	994.76886
438.148438	1004.136658
442.017578	996.269165
445.884766	1006.284119
449.751953	997.770935
453.615234	984.134399
457.478516	996.715149
461.339844	971.545471
465.199219	975.166931
469.056641	982.634705
472.912109	988.826904
476.765625	983.483948
480.619141	960.818237
484.470703	974.06665
488.320313	989.252014
492.167969	989.036682
496.013672	997.81604
499.857422	1034.242432
503.699219	1008.965881
507.541016	1009.400818
511.380859	1017.559265
515.21875	992.241943
519.054688	1022.945435
522.888672	1019.519287
526.720703	1011.576782
530.552734	997.177124
534.380859	1027.289185
538.208984	999.972107
542.035156	990.714661
545.859375	981.448975
549.683594	1018.068848
553.503906	1017.213074
557.324219	982.714966
561.140625	947.539612
564.957031	983.559326
568.773438	1010.54071
572.585938	989.588501
576.396484	955.651184
580.207031	965.141846
584.015625	990.862732
587.820313	968.566589
591.626953	974.177429
595.429688	970.046875
599.230469	963.962463
603.03125	978.681702
606.828125	960.88501
610.625	963.248962
614.419922	964.312439
618.214844	981.66156
622.005859	1000.328613
625.796875	990.325195
629.583984	1011.6203
633.371094	981.384521
637.15625	985.720764
640.941406	1022.714111
644.722656	1018.577576
648.503906	1024.895264
652.283203	1008.985168
656.060547	1037.546143
659.835938	993.484985
663.609375	1030.574829
667.382813	1000.883118
671.152344	1038.662476
674.921875	1045.661255
678.689453	1036.924805
682.455078	1003.247131
686.220703	1032.557373
689.982422	1031.683716
693.744141	1011.756531
697.503906	1022.046265
701.261719	1026.426514
705.017578	1045.940186
708.773438	1047.701416
712.525391	1034.979248
716.277344	1082.18457
720.027344	1108.343384
723.775391	1067.283325
727.523438	1100.712036
731.267578	1063.571899
735.011719	1060.723267
738.753906	1084.285645
742.494141	1121.080322
746.232422	1124.199707
749.970703	1118.064819
753.707031	1105.971191
757.439453	1102.469727
761.171875	1130.74231
764.904297	1111.352295
768.632813	1138.98938
772.361328	1143.449097
776.087891	1194.995972
779.8125	1178.91626
783.535156	1214.592041
787.255859	1171.946533
790.976563	1156.499878
794.695313	1141.704346
798.412109	1170.110352
802.126953	1151.981812
805.839844	1181.746216
809.552734	1177.585938
813.263672	1172.755859
816.972656	1193.904663
820.679688	1161.082764
824.384766	1216.917725
828.089844	1178.740479
831.791016	1175.233643
835.492188	1161.708862
839.193359	1156.855469
842.890625	1141.974365
846.587891	1182.56543
850.28125	1183.063965
853.974609	1172.857544
857.666016	1181.383667
861.357422	1159.783813
865.044922	1179.699341
868.732422	1159.420288
872.417969	1165.271973
876.101563	1176.494263
879.785156	1164.910645
883.464844	1164.057983
887.144531	1154.473511
890.822266	1165.036987
894.5	1147.378296
898.173828	1144.498169
901.847656	1150.360718
905.519531	1164.977051
909.189453	1149.980469
912.857422	1134.297363
916.523438	1163.749268
920.189453	1134.575439
923.853516	1181.586426
927.515625	1138.226196
931.177734	1162.327881
934.835938	1158.76355
938.494141	1136.955811
942.150391	1133.377197
945.804688	1110.863892
949.458984	1155.971558
953.109375	1144.275269
956.759766	1133.922729
960.408203	1156.069214
964.056641	1154.520264
967.701172	1129.92395
971.345703	1163.623413
974.988281	1130.869019
978.628906	1168.668457
982.267578	1146.751343
985.90625	1163.532104
989.542969	1157.2229
993.177734	1152.94751
996.810547	1185.392944
1000.443359	1226.029541
1004.074219	1268.061157
1007.703125	1210.710327
1011.330078	1133.555786
1014.955078	1131.983887
1018.580078	1161.772827
1022.203125	1162.25708
1025.824219	1208.459473
1029.443359	1168.004272
1033.0625	1194.441895
1036.679688	1153.263306
1040.294922	1120.935547
1043.908203	1161.061401
1047.519531	1171.80542
1051.130859	1148.340698
1054.740234	1162.510986
1058.347656	1145.871338
1061.953125	1168.27417
1065.558594	1182.469482
1069.162109	1214.50647
1072.763672	1197.17334
1076.363281	1201.102295
1079.962891	1189.928223
1083.560547	1213.777344
1087.15625	1225.963379
1090.75	1228.534546
1094.34375	1209.098877
1097.933594	1231.618042
1101.523438	1190.139893
1105.113281	1227.130371
1108.699219	1200.771362
1112.285156	1163.363159
1115.869141	1169.36084
1119.451172	1211.920898
1123.03125	1233.814331
1126.611328	1243.989746
1130.189453	1221.023438
1133.765625	1213.928589
1137.341797	1166.738159
1140.914063	1214.932861
1144.486328	1131.039673
1148.056641	1151.57666
1151.626953	1158.283569
1155.193359	1183.004028
1158.759766	1192.50061
1162.324219	1190.220215
1165.888672	1221.224976
1169.449219	1186.34668
1173.009766	1200.023438
1176.568359	1219.265747
1180.125	1219.768677
1183.681641	1209.153076
1187.236328	1197.137939
1190.789063	1194.849365
1194.339844	1215.519287
1197.890625	1198.61853
1201.439453	1268.74707
1204.986328	1288.078735
1208.53125	1264.216797
1212.076172	1286.350586
1215.619141	1291.762451
1219.160156	1313.925171
1222.699219	1313.06958
1226.238281	1317.799683
1229.775391	1358.862793
1233.310547	1369.206421
1236.84375	1385.151855
1240.376953	1368.932861
1243.908203	1366.695923
1247.4375	1360.256348
1250.964844	1383.226685
1254.492188	1392.902954
1258.017578	1373.848145
1261.541016	1316.910889
1265.064453	1405.842407
1268.583984	1344.659912
1272.103516	1322.042236
1275.623047	1321.881714
1279.138672	1339.990112
1282.654297	1368.657471
1286.167969	1346.714233
1289.679688	1388.070679
1293.191406	1408.345947
1296.701172	1415.259399
1300.208984	1475.712402
1303.714844	1434.035034
1307.220703	1466.345337
1310.722656	1516.313354
1314.226563	1470.367065
1317.726563	1515.435913
1321.226563	1487.810181
1324.724609	1505.371948
1328.220703	1481.252197
1331.714844	1471.959229
1335.208984	1505.095215
1338.701172	1500.756592
1342.191406	1511.986938
1345.681641	1470.11499
1349.169922	1418.290283
1352.65625	1408.237915
1356.140625	1404.557983
1359.625	1430.665405
1363.107422	1419.185425
1366.587891	1372.911499
1370.068359	1391.935181
1373.544922	1393.212524
1377.021484	1385.250732
1380.498047	1400.0354
1383.970703	1384.244629
1387.443359	1413.272583
1390.914063	1376.828369
1394.384766	1408.724976
1397.851563	1402.172852
1401.318359	1374.94458
1404.785156	1400.460693
1408.248047	1381.769165
1411.710938	1386.612305
1415.171875	1382.177979
1418.630859	1383.453369
1422.089844	1429.743896
1425.546875	1402.446777
1429.001953	1403.015869
1432.457031	1415.746582
1435.908203	1464.270996
1439.361328	1526.437744
1442.810547	1521.326538
1446.257813	1561.353149
1449.705078	1572.021484
1453.152344	1575.526855
1456.595703	1561.81665
1460.039063	1503.597046
1463.480469	1510.667725
1466.919922	1538.574097
1470.359375	1489.614746
1473.796875	1454.992676
1477.232422	1441.197998
1480.666016	1458.328125
1484.099609	1465.395386
1487.53125	1433.586182
1490.962891	1403.911865
1494.390625	1349.71228
1497.818359	1343.048462
1501.246094	1366.669067
1504.669922	1359.284424
1508.09375	1351.171753
1511.515625	1371.935059
1514.935547	1391.99231
1518.355469	1344.858643
1521.773438	1341.063232
1525.189453	1337.987793
1528.605469	1361.679932
1532.019531	1392.62915
1535.431641	1385.949097
1538.841797	1392.302612
1542.251953	1387.065796
1545.660156	1449.248047
1549.068359	1407.765259
1552.472656	1436.629028
1555.876953	1426.319092
1559.28125	1445.046753
1562.681641	1484.855957
1566.082031	1473.098389
1569.480469	1502.0448
1572.878906	1467.009644
1576.273438	1544.726196
1579.667969	1551.897949
1583.0625	1531.40332
1586.453125	1448.970215
1589.84375	1456.839722
1593.234375	1471.276855
1596.621094	1514.170532
1600.007813	1488.510132
1603.392578	1501.516357
1606.777344	1518.914185
1610.160156	1498.337402
1613.541016	1492.360352
1616.919922	1478.335815
1620.298828	1493.556519
1623.675781	1492.691284
1627.050781	1502.072998
1630.425781	1488.02832
1633.798828	1531.114136
1637.169922	1504.610107
1640.541016	1503.745728
1643.910156	1516.082764
1647.277344	1531.364258
1650.642578	1599.509644
1654.007813	1623.648193
1657.371094	1600.788452
1660.734375	1582.31958
1664.09375	1595.450562
1667.453125	1614.475708
1670.8125	1613.648682
1674.167969	1534.792725
1677.523438	1570.016235
1680.878906	1561.802246
1684.230469	1547.685303
1687.582031	1497.429688
1690.933594	1497.289185
1694.28125	1436.642334
1697.628906	1444.596558
1700.974609	1430.402832
1704.320313	1405.854858
1707.664063	1424.151978
1711.005859	1366.310669
1714.345703	1394.221313
1717.685547	1379.237549
1721.023438	1405.694214
1724.361328	1390.702515
1727.695313	1351.992188
1731.03125	1368.834229
1734.363281	1322.669678
1737.695313	1352.121704
1741.025391	1376.402832
1744.353516	1369.526733
1747.681641	1381.952026
1751.007813	1377.300537
1754.332031	1368.186035
1757.65625	1370.216064
1760.978516	1358.859497
1764.298828	1386.928711
1767.619141	1340.584473
1770.9375	1316.54248
1774.253906	1331.963379
1777.570313	1351.867554
1780.884766	1333.019287
1784.197266	1349.955688
1787.509766	1366.905151
1790.818359	1342.068115
1794.128906	1326.918335
1797.435547	1360.312134
1800.742188	1353.377319
1804.048828	1374.845703
1807.351563	1384.364258
1810.654297	1368.451416
1813.955078	1412.405029
1817.255859	1362.794434
1820.554688	1336.365967
1823.851563	1378.859253
1827.148438	1368.158691
1830.443359	1350.699707
1833.736328	1369.23938
1837.027344	1352.516846
1840.318359	1389.091919
1843.609375	1410.672363
1846.896484	1379.667725
1850.183594	1391.488159
1853.46875	1392.788818
1856.753906	1421.174438
1860.037109	1391.629028
1863.318359	1374.859741
1866.599609	1364.102905
1869.878906	1361.625977
1873.15625	1350.854736
1876.433594	1392.863159
1879.708984	1367.761108
1882.982422	1387.167236
1886.255859	1372.612671
1889.527344	1368.620605
1892.796875	1394.09375
1896.066406	1393.130005
1899.333984	1344.524414
1902.599609	1395.738159
1905.865234	1342.553955
1909.128906	1366.551147
1912.390625	1392.838989
1915.652344	1379.747437
1918.912109	1362.09729
1922.169922	1359.598633
1925.427734	1376.820801
1928.683594	1364.459839
1931.939453	1390.806763
1935.191406	1389.073608
1938.445313	1359.987061
1941.695313	1374.961304
1944.945313	1348.126831
1948.193359	1348.654785
1951.441406	1362.119263
1954.6875	1372.54895
1957.931641	1370.039917
1961.173828	1369.052368
1964.416016	1387.879639
1967.658203	1414.345703
1970.896484	1363.03186
1974.134766	1352.119141
1977.373047	1354.937622
1980.607422	1376.849121
1983.84375	1369.747681
1987.076172	1361.876099
1990.308594	1406.751099
1993.539063	1337.700195
1996.767578	1388.721313
1999.996094	1394.621216
2003.222656	1381.382202
2006.449219	1358.940063
2009.673828	1384.758911
2012.896484	1419.797119
2016.119141	1372.034058
2019.339844	1355.689819
2022.558594	1343.170044
2025.777344	1382.852295
2028.994141	1373.405273
2032.208984	1372.403198
2035.423828	1387.543091
2038.636719	1400.387451
2041.847656	1374.006104
2045.058594	1376.079834
2048.267578	1407.411743
2051.476563	1401.026978
2054.683594	1356.881592
2057.888672	1377.450195
2061.09375	1399.57666
2064.296875	1366.177979
2067.498047	1409.152954
2070.699219	1376.503418
2073.898438	1353.096069
2077.097656	1363.665161
2080.292969	1369.604736
2083.490234	1357.764526
2086.683594	1330.444702
2089.876953	1393.639526
2093.068359	1357.022217
2096.259766	1389.299194
2099.449219	1370.469604
2102.636719	1363.250366
2105.824219	1383.936523
2109.009766	1418.599487
2112.195313	1391.215698
2115.378906	1380.887085
2118.560547	1351.137329
2121.742188	1357.874634
2124.921875	1361.508179
2128.099609	1404.015259
2131.277344	1371.116089
2134.453125	1368.533936
2137.626953	1400.973877
2140.800781	1399.179199
2143.972656	1339.742798
2147.144531	1395.584839
2150.314453	1371.178833
2153.482422	1370.148438
2156.650391	1390.960327
2159.816406	1365.74292
2162.980469	1395.156494
2166.144531	1394.913452
2169.306641	1389.200684
2172.46875	1387.391235
2175.628906	1394.181274
2178.787109	1382.984863
2181.945313	1367.866943
2185.101563	1389.530151
2188.255859	1375.185547
2191.410156	1363.963257
2194.564453	1376.244141
2197.714844	1365.797119
2200.865234	1372.597168
2204.013672	1341.739258
2207.162109	1406.620483
2210.308594	1360.831543
2213.455078	1397.489746
2216.599609	1365.806763
2219.742188	1391.488159
2222.884766	1382.585083
2226.025391	1367.380737
2229.164063	1349.016235
2232.302734	1366.855713
2235.439453	1369.743164
2238.576172	1364.752686
2241.710938	1399.171509
2244.84375	1393.399414
2247.976563	1393.933472
2251.107422	1430.769531
2254.236328	1382.370239
2257.365234	1377.371216
2260.492188	1401.601074
2263.619141	1365.780029
2266.744141	1394.767456
2269.867188	1350.214844
2272.990234	1372.887573
2276.111328	1405.86792
2279.232422	1371.562134
2282.351563	1366.541016
2285.46875	1400.348389
2288.585938	1399.297852
2291.701172	1379.21167
2294.816406	1357.523071
2297.929688	1339.786011
2301.041016	1402.230713
2304.152344	1375.759033
2307.261719	1406.479614
2310.369141	1372.834351
2313.476563	1380.515015
2316.583984	1358.766602
2319.6875	1333.817871
2322.791016	1422.69751
2325.894531	1486.158447
2328.996094	1515.407349
2332.095703	1486.493774
2335.195313	1430.447876
2338.292969	1375.954224
2341.388672	1391.63916
2344.484375	1355.448608
2347.578125	1379.921265
2350.671875	1403.613281
2353.763672	1373.77832
2356.853516	1377.498535
2359.943359	1363.625977
2363.03125	1376.145386
2366.119141	1359.859985
2369.205078	1330.750854
2372.289063	1344.072021
2375.373047	1371.826416
2378.457031	1379.561523
2381.537109	1367.254395
2384.617188	1417.510254
2387.697266	1357.859131
2390.773438	1331.078003
2393.851563	1389.407593
2396.925781	1377.079346
2400	1408.946655
2403.074219	1349.981567
2406.146484	1401.970703
2409.216797	1363.07373
2412.286133	1380.493774
2415.355469	1354.442749
2418.421875	1373.483032
2421.488281	1365.94397
2424.553711	1385.808594
2427.617188	1365.364136
2430.679688	1379.595459
2433.741211	1397.065674
2436.801758	1395.171265
2439.861328	1389.236694
2442.918945	1400.265259
2445.976563	1397.560791
2449.032227	1359.274902
2452.086914	1392.953369
2455.140625	1367.583862
2458.192383	1376.194946
2461.243164	1410.726807
2464.293945	1395.865967
2467.342773	1407.738281
2470.390625	1405.025757
2473.436523	1355.269775
2476.482422	1374.441406
2479.526367	1355.479004
2482.569336	1387.656128
2485.611328	1363.810059
2488.652344	1351.322021
2491.692383	1399.790649
2494.730469	1401.943481
2497.768555	1375.625122
2500.804688	1361.493774
2503.839844	1397.012085
2506.873047	1408.12439
2509.90625	1390.729492
2512.938477	1409.997437
2515.96875	1421.126099
2518.998047	1387.40271
2522.026367	1424.640869
2525.053711	1417.012817
2528.079102	1370.18396
2531.104492	1399.288086
2534.12793	1433.31665
2537.150391	1403.607178
2540.171875	1408.222168
2543.192383	1398.932617
2546.211914	1381.451904
2549.230469	1381.150391
2552.24707	1392.314575
2555.262695	1408.40271
2558.277344	1418.765137
2561.291016	1433.234619
2564.303711	1426.38855
2567.31543	1378.509888
2570.325195	1397.904785
2573.333984	1442.769531
2576.341797	1436.736938
2579.348633	1373.997437
2582.354492	1360.535156
2585.359375	1390.648926
2588.363281	1415.026001
2591.365234	1424.607056
2594.366211	1437.488037
2597.366211	1475.08667
2600.365234	1401.484131
2603.363281	1425.084961
2606.360352	1456.123779
2609.355469	1388.204712
2612.350586	1425.02832
2615.34375	1428.86084
2618.335938	1439.302002
2621.327148	1442.31604
2624.317383	1429.630737
2627.306641	1422.722534
2630.293945	1381.902222
2633.280273	1432.054077
2636.266602	1435.069336
2639.250977	1404.969971
2642.234375	1410.461304
2645.216797	1425.898926
2648.197266	1423.942017
2651.177734	1429.445679
2654.157227	1439.929688
2657.134766	1433.82605
2660.111328	1458.430054
2663.086914	1424.925659
2666.061523	1432.099609
2669.035156	1427.644653
2672.007813	1411.547852
2674.978516	1429.53479
2677.949219	1420.91333
2680.917969	1478.031006
2683.885742	1451.104736
2686.852539	1431.653809
2689.818359	1403.023438
2692.783203	1456.050537
2695.74707	1476.599487
2698.708984	1442.114502
2701.670898	1456.832275
2704.630859	1459.874878
2707.589844	1473.774414
2710.547852	1465.130615
2713.504883	1504.945801
2716.460938	1496.306396
2719.416016	1458.39209
2722.369141	1463.113159
2725.322266	1510.516724
2728.273438	1438.241089
2731.223633	1483.994873
2734.173828	1487.05542
2737.12207	1474.194336
2740.069336	1479.767944
2743.014648	1477.797119
2745.959961	1520.292114
2748.904297	1537.63855
2751.84668	1455.920776
2754.788086	1481.654907
2757.729492	1455.312134
2760.668945	1481.064331
2763.607422	1482.449951
2766.544922	1533.465698
2769.481445	1509.626343
2772.416016	1476.509399
2775.350586	1473.683472
2778.28418	1465.800659
2781.21582	1475.609009
2784.146484	1487.110229
2787.077148	1469.102539
2790.005859	1478.921875
2792.933594	1446.549927
2795.860352	1459.744629
2798.785156	1475.4823
2801.709961	1481.092529
2804.633789	1497.694214
2807.555664	1491.478882
2810.477539	1481.029541
2813.397461	1455.341919
2816.316406	1461.799927
2819.234375	1507.212646
2822.151367	1478.964233
2825.067383	1516.789429
2827.982422	1505.476807
2830.896484	1483.979492
2833.80957	1532.875
2836.720703	1528.343628
2839.631836	1576.441406
2842.541016	1629.669434
2845.450195	1688.033203
2848.357422	1780.433228
2851.263672	1849.095703
2854.168945	1883.789307
2857.073242	1946.583374
2859.976563	1966.868408
2862.878906	2013.561157
2865.779297	2084.987061
2868.679688	2164.132813
2871.579102	2263.791748
2874.476563	2347.32251
2877.374023	2383.148438
2880.269531	2360.977783
2883.164063	2379.762207
2886.057617	2382.335938
2888.950195	2360.13916
2891.841797	2343.052979
2894.732422	2425.112305
2897.62207	2497.824463
2900.510742	2424.309082
2903.398438	2483.380615
2906.28418	2481.714355
2909.169922	2608.501953
2912.053711	2714.820557
2914.9375	2734.659424
2917.819336	2815.380859
2920.700195	2829.266113
2923.581055	2946.969727
2926.459961	2986.658691
2929.337891	3046.980957
2932.214844	3019.742676
2935.09082	3078.400879
2937.96582	3138.819824
2940.838867	3026.463867
2943.711914	3005.196533
2946.583984	2891.849121
2949.454102	2678.574707
2952.324219	2647.685059
2955.193359	2540.974121
2958.060547	2556.540771
2960.926758	2511.780273
2963.792969	2517.861328
2966.657227	2494.618164
2969.520508	2456.688232
2972.382813	2379.022461
2975.244141	2356.565918
2978.104492	2271.032227
2980.963867	2318.515381
2983.822266	2188.817871
2986.679688	2170.581787
2989.536133	2095.236572
2992.390625	2025.029053
2995.245117	1993.727295
2998.098633	1877.532471
3000.950195	1853.084839
3003.801758	1813.019531
3006.651367	1772.057983
3009.500977	1687.703247
3012.348633	1691.780518
3015.195313	1694.992432
3018.041992	1668.687378
3020.886719	1651.916626
3023.730469	1599.511597
3026.573242	1628.7677
3029.415039	1558.057495
3032.255859	1543.830811
3035.095703	1544.384766
3037.93457	1610.218018
3040.772461	1549.846436
3043.609375	1546.047119
3046.445313	1574.483765
3049.280273	1597.710571
3052.114258	1611.362183
3054.946289	1634.618164
3057.77832	1568.887817
3060.609375	1634.915894
3063.438477	1632.008179
3066.267578	1674.52063
3069.094727	1606.087524
3071.921875	1607.536011
3074.74707	1574.881592
3077.572266	1543.953125
3080.395508	1520.002686
3083.21875	1531.925659
3086.040039	1548.235229
3088.860352	1518.127563
3091.679688	1493.255981
3094.499023	1484.145752
3097.316406	1510.106689
3100.132813	1493.977173
3102.948242	1505.918335
3105.762695	1492.408813
3108.576172	1502.60083
3111.388672	1504.893066
3114.201172	1504.550171
3117.011719	1535.855591
3119.821289	1507.380371
3122.629883	1472.726074
3125.436523	1508.453003
3128.243164	1537.161987
3131.048828	1503.360962
3133.853516	1515.348511
3136.657227	1503.54834
3139.459961	1474.988281
3142.261719	1488.741333
3145.0625	1523.678345
3147.861328	1448.317139
3150.660156	1525.642822
3153.458008	1499.687744
3156.254883	1486.083252
3159.049805	1493.680786
3161.844727	1533.996826
3164.638672	1448.747559
3167.430664	1513.849243
3170.222656	1501.994141
3173.013672	1491.015625
3175.802734	1430.429077
3178.591797	1484.096802
3181.379883	1484.621826
3184.166016	1487.806763
3186.952148	1466.158447
3189.737305	1477.323975
3192.520508	1490.272339
3195.303711	1470.376831
3198.084961	1462.013794
3200.866211	1463.790283
