399.363281	1204.455322
403.25	1237.407593
407.134766	1212.498657
411.017578	1220.025391
414.898438	1234.562012
418.777344	1212.803223
422.654297	1200.583984
426.53125	1173.690552
430.404297	1158.891846
434.277344	1182.364746
438.148438	1193.728882
442.017578	1192.968506
445.884766	1181.984497
449.751953	1183.774414
453.615234	1184.286499
457.478516	1139.377197
461.339844	1164.830566
465.199219	1182.62207
469.056641	1190.819946
472.912109	1183.00354
476.765625	1134.789185
480.619141	1160.935303
484.470703	1170.419922
488.320313	1156.160278
492.167969	1196.477539
496.013672	1170.008301
499.857422	1181.440308
503.699219	1176.162231
507.541016	1178.599243
511.380859	1216.437134
515.21875	1197.000488
519.054688	1198.160278
522.888672	1196.74292
526.720703	1228.205078
530.552734	1219.703735
534.380859	1181.511597
538.208984	1173.627686
542.035156	1210.299438
545.859375	1215.342651
549.683594	1199.05896
553.503906	1222.85437
557.324219	1222.73291
561.140625	1179.893921
564.957031	1192.055786
568.773438	1160.178467
572.585938	1173.637695
576.396484	1160.526245
580.207031	1172.050659
584.015625	1180.989014
587.820313	1171.108643
591.626953	1156.023926
595.429688	1157.169067
599.230469	1194.715454
603.03125	1165.314087
606.828125	1167.114258
610.625	1182.583374
614.419922	1175.276123
618.214844	1185.550171
622.005859	1203.001099
625.796875	1170.917725
629.583984	1162.939331
633.371094	1163.436523
637.15625	1172.420166
640.941406	1189.248047
644.722656	1217.850342
648.503906	1187.64978
652.283203	1220.852417
656.060547	1223.336182
659.835938	1244.80127
663.609375	1239.439697
667.382813	1236.03833
671.152344	1211.008423
674.921875	1227.258911
678.689453	1264.510498
682.455078	1260.456421
686.220703	1234.079956
689.982422	1189.292969
693.744141	1246.300049
697.503906	1269.834961
701.261719	1259.197144
705.017578	1259.733032
708.773438	1283.302612
712.525391	1285.823486
716.277344	1294.932861
720.027344	1285.599243
723.775391	1284.827148
727.523438	1272.842529
731.267578	1312.970215
735.011719	1312.207764
738.753906	1327.952759
742.494141	1322.570923
746.232422	1345.602905
749.970703	1365.348145
753.707031	1328.885254
757.439453	1320.184326
761.171875	1359.141602
764.904297	1331.900757
768.632813	1359.631226
772.361328	1366.173096
776.087891	1365.425415
779.8125	1401.828857
783.535156	1388.484375
787.255859	1407.663818
790.976563	1362.424561
794.695313	1382.273071
798.412109	1366.901611
802.126953	1393.419067
805.839844	1409.977661
809.552734	1377.289673
813.263672	1390.52478
816.972656	1405.769531
820.679688	1437.689697
824.384766	1385.619141
828.089844	1392.207886
831.791016	1427.498413
835.492188	1436.780151
839.193359	1416.012451
842.890625	1400.57251
846.587891	1433.919067
850.28125	1458.599365
853.974609	1456.537842
857.666016	1435.063232
861.357422	1409.55249
865.044922	1392.728516
868.732422	1404.708008
872.417969	1409.322021
876.101563	1385.09729
879.785156	1419.231567
883.464844	1421.171143
887.144531	1454.005249
890.822266	1432.444458
894.5	1476.736938
898.173828	1457.856567
901.847656	1395.232788
905.519531	1431.488159
909.189453	1406.50415
912.857422	1392.949585
916.523438	1378.0354
920.189453	1425.803345
923.853516	1441.913086
927.515625	1388.541504
931.177734	1405.323364
934.835938	1414.690918
938.494141	1422.714844
942.150391	1398.304932
945.804688	1381.987671
949.458984	1421.797729
953.109375	1393.295532
956.759766	1406.741089
960.408203	1424.938354
964.056641	1424.179443
967.701172	1419.352539
971.345703	1420.624146
974.988281	1432.072266
978.628906	1416.38269
982.267578	1464.501343
985.90625	1432.509766
989.542969	1410.004395
993.177734	1427.588257
996.810547	1424.783813
1000.443359	1500.21936
1004.074219	1581.843384
1007.703125	1477.63855
1011.330078	1452.368286
1014.955078	1410.03894
1018.580078	1448.125366
1022.203125	1439.861816
1025.824219	1464.344482
1029.443359	1441.06189
1033.0625	1446.442505
1036.679688	1464.125122
1040.294922	1485.923096
1043.908203	1492.011719
1047.519531	1452.272583
1051.130859	1448.77063
1054.740234	1445.949951
1058.347656	1453.400391
1061.953125	1484.153564
1065.558594	1490.939819
1069.162109	1449.727051
1072.763672	1523.737549
1076.363281	1507.898071
1079.962891	1539.422485
1083.560547	1504.342041
1087.15625	1509.089478
1090.75	1499.40332
1094.34375	1520.658447
1097.933594	1575.645386
1101.523438	1518.478149
1105.113281	1518.418945
1108.699219	1512.159058
1112.285156	1511.407227
1115.869141	1449.979858
1119.451172	1502.312866
1123.03125	1542.267944
1126.611328	1533.931885
1130.189453	1511.776123
1133.765625	1484.074341
1137.341797	1469.481934
1140.914063	1462.483276
1144.486328	1489.375122
1148.056641	1495.5271
1151.626953	1516.915405
1155.193359	1518.234741
1158.759766	1556.279053
1162.324219	1516.716309
1165.888672	1504.16626
1169.449219	1530.456665
1173.009766	1564.402954
1176.568359	1554.633301
1180.125	1574.724121
1183.681641	1545.492188
1187.236328	1569.071045
1190.789063	1495.995972
1194.339844	1557.840698
1197.890625	1548.041626
1201.439453	1554.25
1204.986328	1630.126709
1208.53125	1619.647095
1212.076172	1596.608643
1215.619141	1616.098022
1219.160156	1631.416382
1222.699219	1687.234985
1226.238281	1678.85022
1229.775391	1672.553955
1233.310547	1698.403076
1236.84375	1722.175171
1240.376953	1701.897583
1243.908203	1762.778809
1247.4375	1743.900513
1250.964844	1686.485962
1254.492188	1703.293213
1258.017578	1748.852661
1261.541016	1731.338135
1265.064453	1720.823975
1268.583984	1696.966553
1272.103516	1695.555908
1275.623047	1704.679565
1279.138672	1720.836792
1282.654297	1729.274414
1286.167969	1729.982788
1289.679688	1720.841797
1293.191406	1755.329712
1296.701172	1821.530396
1300.208984	1757.471313
1303.714844	1834.296387
1307.220703	1797.683105
1310.722656	1831.565552
1314.226563	1823.142212
1317.726563	1876.825317
1321.226563	1835.224731
1324.724609	1852.928589
1328.220703	1812.696533
1331.714844	1865.047363
1335.208984	1862.979736
1338.701172	1923.883667
1342.191406	1892.815063
1345.681641	1873.759277
1349.169922	1815.014893
1352.65625	1819.298706
1356.140625	1809.405273
1359.625	1817.235962
1363.107422	1826.491577
1366.587891	1806.649292
1370.068359	1783.23938
1373.544922	1786.097046
1377.021484	1787.534912
1380.498047	1823.814575
1383.970703	1775.47522
1387.443359	1813.91333
1390.914063	1778.343872
1394.384766	1825.359985
1397.851563	1773.378174
1401.318359	1805.461182
1404.785156	1778.385376
1408.248047	1809.06897
1411.710938	1798.385498
1415.171875	1829.101196
1418.630859	1805.560181
1422.089844	1839.875366
1425.546875	1827.755615
1429.001953	1854.955811
1432.457031	1888.615967
1435.908203	1910.852173
1439.361328	1912.343018
1442.810547	1980.446167
1446.257813	1999.162598
1449.705078	1930.439575
1453.152344	2007.236938
1456.595703	1978.635864
1460.039063	1994.508911
1463.480469	1950.08252
1466.919922	1951.590088
1470.359375	1934.415283
1473.796875	1917.226074
1477.232422	1885.639282
1480.666016	1961.224731
1484.099609	1849.737793
1487.53125	1885.047119
1490.962891	1811.615479
1494.390625	1851.260498
1497.818359	1809.474854
1501.246094	1806.599487
1504.669922	1805.885864
1508.09375	1805.893066
1511.515625	1820.341187
1514.935547	1784.235107
1518.355469	1826.868652
1521.773438	1832.666016
1525.189453	1865.950562
1528.605469	1846.443848
1532.019531	1892.788574
1535.431641	1851.552734
1538.841797	1862.440186
1542.251953	1893.627441
1545.660156	1914.689453
1549.068359	1928.515137
1552.472656	1933.644653
1555.876953	1935.14856
1559.28125	1970.056152
1562.681641	1933.073242
1566.082031	1960.013062
1569.480469	1955.71167
1572.878906	2000.86438
1576.273438	1995.847412
1579.667969	1982.818848
1583.0625	1977.061401
1586.453125	1966.199341
1589.84375	1950.226563
1593.234375	1925.491577
1596.621094	1975.131958
1600.007813	1994.165894
1603.392578	2007.374878
1606.777344	1985.542114
1610.160156	1982.685303
1613.541016	1988.595825
1616.919922	1991.58606
1620.298828	1949.961548
1623.675781	1996.108643
1627.050781	1966.163818
1630.425781	1937.658936
1633.798828	2005.10022
1637.169922	1975.85437
1640.541016	1996.440552
1643.910156	1984.770142
1647.277344	2006.109131
1650.642578	2065.635742
1654.007813	2084.085693
1657.371094	2047.45166
1660.734375	2038.715454
1664.09375	2024.825195
1667.453125	2050.641602
1670.8125	2012.461914
1674.167969	2078.042969
1677.523438	2037.633545
1680.878906	2046.550293
1684.230469	2046.629517
1687.582031	2026.801636
1690.933594	1961.965088
1694.28125	1912.571655
1697.628906	1893.403198
1700.974609	1914.096069
1704.320313	1917.813599
1707.664063	1914.88208
1711.005859	1831.359131
1714.345703	1917.146729
1717.685547	1918.649536
1721.023438	1837.247559
1724.361328	1878.707153
1727.695313	1868.342041
1731.03125	1870.567139
1734.363281	1854.999878
1737.695313	1888.371948
1741.025391	1906.18811
1744.353516	1866.119385
1747.681641	1880.227051
1751.007813	1863.144531
1754.332031	1911.447388
1757.65625	1854.215332
1760.978516	1890.651733
1764.298828	1860.895264
1767.619141	1868.33252
1770.9375	1884.71106
1774.253906	1860.130127
1777.570313	1904.836548
1780.884766	1868.314575
1784.197266	1834.74646
1787.509766	1866.810425
1790.818359	1850.381958
1794.128906	1890.690552
1797.435547	1867.534424
1800.742188	1855.569214
1804.048828	1882.469482
1807.351563	1905.651123
1810.654297	1889.944336
1813.955078	1865.991333
1817.255859	1870.472778
1820.554688	1893.684448
1823.851563	1909.420288
1827.148438	1881.686768
1830.443359	1882.42981
1833.736328	1886.924438
1837.027344	1893.673706
1840.318359	1883.158081
1843.609375	1889.15918
1846.896484	1889.904419
1850.183594	1884.635742
1853.46875	1889.139038
1856.753906	1896.654785
1860.037109	1946.32373
1863.318359	1910.196777
1866.599609	1877.807007
1869.878906	1932.047119
1873.15625	1913.208374
1876.433594	1888.321289
1879.708984	1875.484985
1882.982422	1934.335938
1886.255859	1894.326294
1889.527344	1900.358398
1892.796875	1891.282715
1896.066406	1875.396362
1899.333984	1904.112793
1902.599609	1907.130493
1905.865234	1888.203003
1909.128906	1884.4021
1912.390625	1938.159302
1915.652344	1889.670532
1918.912109	1916.94165
1922.169922	1910.110962
1925.427734	1972.305176
1928.683594	1933.617188
1931.939453	1934.375366
1935.191406	1931.336426
1938.445313	1906.26123
1941.695313	1909.288452
1944.945313	1952.616821
1948.193359	1934.36499
1951.441406	1935.883423
1954.6875	1944.253906
1957.931641	1914.552734
1961.173828	1945.776123
1964.416016	1957.969604
1967.658203	1907.651245
1970.896484	1957.975952
1974.134766	1885.488892
1977.373047	1892.332642
1980.607422	1917.508667
1983.84375	1919.785767
1987.076172	1901.429565
1990.308594	1918.992065
1993.539063	1932.743408
1996.767578	1954.156494
1999.996094	1931.956177
2003.222656	1962.573486
2006.449219	1899.758423
2009.673828	1941.114746
2012.896484	1923.472412
2016.119141	1947.230103
2019.339844	1866.662842
2022.558594	1924.95459
2025.777344	1964.095703
2028.994141	1961.788086
2032.208984	1931.814941
2035.423828	1901.818115
2038.636719	1907.172363
2041.847656	1920.99292
2045.058594	1909.426147
2048.267578	1932.49646
2051.476563	1920.154175
2054.683594	1944.786621
2057.888672	1951.708984
2061.09375	1872.271118
2064.296875	1941.654541
2067.498047	1950.897461
2070.699219	1952.427002
2073.898438	1895.26123
2077.097656	1854.275635
2080.292969	1971.7052
2083.490234	1960.871826
2086.683594	1933.012329
2089.876953	1927.571289
2093.068359	1965.476074
2096.259766	1932.163574
2099.449219	1972.422607
2102.636719	1987.911987
2105.824219	2007.289551
2109.009766	1970.83728
2112.195313	1963.065063
2115.378906	1902.503906
2118.560547	1950.607544
2121.742188	1951.362061
2124.921875	1973.098999
2128.099609	1972.307129
2131.277344	1948.182617
2134.453125	1950.491577
2137.626953	1945.796997
2140.800781	1927.861816
2143.972656	1921.596191
2147.144531	1954.286255
2150.314453	1925.418823
2153.482422	1947.99707
2156.650391	1944.067993
2159.816406	1941.696289
2162.980469	1917.461914
2166.144531	1972.092163
2169.306641	1941.599365
2172.46875	1974.394409
2175.628906	1947.78772
2178.787109	1936.022339
2181.945313	1879.643188
2185.101563	1950.039185
2188.255859	1937.476563
2191.410156	1896.700195
2194.564453	1972.668945
2197.714844	1934.22583
2200.865234	1963.990356
2204.013672	1953.76062
2207.162109	1966.285889
2210.308594	1967.041626
2213.455078	1947.373291
2216.599609	1959.123291
2219.742188	1968.523438
2222.884766	1902.430786
2226.025391	1920.469727
2229.164063	1944.031494
2232.302734	1932.967163
2235.439453	1966.002808
2238.576172	1947.057739
2241.710938	1942.286499
2244.84375	1935.145508
2247.976563	1901.17688
2251.107422	1915.321289
2254.236328	1959.476196
2257.365234	1957.067627
2260.492188	1968.088013
2263.619141	1956.195313
2266.744141	1924.526001
2269.867188	1926.844482
2272.990234	1910.964478
2276.111328	1965.523682
2279.232422	1969.442871
2282.351563	1964.650391
2285.46875	1980.45874
2288.585938	1972.494751
2291.701172	1915.35144
2294.816406	1904.975342
2297.929688	1910.464966
2301.041016	1927.074585
2304.152344	1976.26355
2307.261719	1920.599487
2310.369141	1954.719116
2313.476563	1917.293701
2316.583984	2000.76001
2319.6875	2003.11438
2322.791016	2013.431396
2325.894531	2103.399902
2328.996094	2058.786865
2332.095703	2032.471436
2335.195313	1986.201538
2338.292969	1973.397583
2341.388672	1964.57312
2344.484375	1987.671997
2347.578125	1981.241089
2350.671875	1965.218262
2353.763672	1964.367188
2356.853516	1987.499268
2359.943359	1929.870728
2363.03125	1949.005859
2366.119141	1944.143555
2369.205078	1949.686035
2372.289063	1979.262207
2375.373047	1998.443481
2378.457031	2012.829224
2381.537109	2009.583374
2384.617188	1969.432861
2387.697266	1955.734375
2390.773438	1951.659058
2393.851563	1991.751953
2396.925781	1965.993652
2400	1957.093628
2403.074219	1982.760254
2406.146484	1962.598145
2409.216797	1992.308594
2412.286133	2016.406372
2415.355469	1985.764404
2418.421875	1952.682129
2421.488281	1988.878784
2424.553711	1955.771729
2427.617188	1980.705444
2430.679688	1959.671021
2433.741211	1976.553345
2436.801758	1980.529663
2439.861328	1975.623779
2442.918945	2022.425903
2445.976563	1980.349243
2449.032227	1998.886108
2452.086914	2008.538452
2455.140625	2027.099121
2458.192383	1928.29187
2461.243164	1958.982788
2464.293945	1986.455811
2467.342773	2017.190918
2470.390625	1970.927612
2473.436523	2013.844849
2476.482422	1944.826538
2479.526367	2051.075195
2482.569336	2005.565063
2485.611328	2024.189819
2488.652344	1972.133789
2491.692383	1986.694702
2494.730469	1997.200195
2497.768555	1995.51062
2500.804688	1971.846558
2503.839844	2034.459961
2506.873047	2013.235107
2509.90625	2041.691895
2512.938477	1970.736206
2515.96875	2037.518188
2518.998047	1966.506714
2522.026367	2022.729004
2525.053711	1955.738892
2528.079102	2018.530884
2531.104492	1976.810913
2534.12793	1962.025757
2537.150391	2042.056396
2540.171875	1994.572388
2543.192383	1963.414185
2546.211914	1983.791016
2549.230469	2017.281982
2552.24707	2031.141235
2555.262695	1936.860962
2558.277344	2008.8927
2561.291016	2021.123169
2564.303711	1968.563843
2567.31543	2010.327026
2570.325195	2023.391235
2573.333984	1982.268433
2576.341797	1987.116333
2579.348633	2041.27356
2582.354492	2024.772339
2585.359375	2007.435913
2588.363281	1978.568359
2591.365234	2017.987549
2594.366211	2040.14624
2597.366211	2011.257324
2600.365234	2056.498779
2603.363281	2006.163574
2606.360352	2035.769897
2609.355469	2019.206787
2612.350586	2003.456177
2615.34375	2037.220459
2618.335938	2066.880615
2621.327148	2023.042358
2624.317383	2038.670044
2627.306641	2047.695435
2630.293945	2017.031372
2633.280273	2058.319092
2636.266602	2029.290649
2639.250977	2085.515137
2642.234375	2008.437378
2645.216797	2037.353516
2648.197266	2035.623657
2651.177734	2077.007813
2654.157227	2106.80957
2657.134766	2083.528564
2660.111328	2057.739502
2663.086914	2073.449463
2666.061523	2040.160522
2669.035156	2020.973145
2672.007813	2035.023071
2674.978516	2063.220459
2677.949219	2103.084961
2680.917969	2093.044922
2683.885742	2085.494873
2686.852539	2123.744629
2689.818359	2098.703125
2692.783203	2081.143799
2695.74707	2099.422607
2698.708984	2047.652466
2701.670898	2060.925537
2704.630859	2110.099365
2707.589844	2110.87915
2710.547852	2079.082275
2713.504883	2090.713135
2716.460938	2100.68042
2719.416016	2135.741699
2722.369141	2156.606934
2725.322266	2187.529541
2728.273438	2074.48291
2731.223633	2096.18457
2734.173828	2082.715332
2737.12207	2103.597412
2740.069336	2116.110107
2743.014648	2106.825439
2745.959961	2115.991699
2748.904297	2119.288818
2751.84668	2076.408447
2754.788086	2116.649902
2757.729492	2031.723389
2760.668945	2140.902832
2763.607422	2099.646973
2766.544922	2080.230713
2769.481445	2112.971924
2772.416016	2102.805176
2775.350586	2107.788574
2778.28418	2123.726318
2781.21582	2081.527344
2784.146484	2076.390381
2787.077148	2103.296143
2790.005859	2137.813965
2792.933594	2121.718994
2795.860352	2101.390625
2798.785156	2109.762207
2801.709961	2084.344238
2804.633789	2160.330811
2807.555664	2146.748779
2810.477539	2121.314697
2813.397461	2127.168457
2816.316406	2138.104492
2819.234375	2149.894775
2822.151367	2082.069824
2825.067383	2144.689453
2827.982422	2135.301758
2830.896484	2132.690674
2833.80957	2149.587891
2836.720703	2222.505127
2839.631836	2291.230713
2842.541016	2368.498291
2845.450195	2484.051025
2848.357422	2561.444092
2851.263672	2684.802002
2854.168945	2684.080811
2857.073242	2714.837158
2859.976563	2754.126465
2862.878906	2721.926025
2865.779297	2802.127197
2868.679688	2889.202637
2871.579102	2931.167236
2874.476563	3039.667725
2877.374023	3055.274658
2880.269531	3085.397949
2883.164063	3154.806641
2886.057617	3140.584717
2888.950195	3140.018799
2891.841797	3097.580811
2894.732422	3083.320557
2897.62207	3138.314209
2900.510742	3097.538086
2903.398438	3155.998535
2906.28418	3218.781006
2909.169922	3245.640869
2912.053711	3365.897705
2914.9375	3403.112793
2917.819336	3463.501221
2920.700195	3547.088379
2923.581055	3594.702637
2926.459961	3674.105225
2929.337891	3763.867188
2932.214844	3685.357178
2935.09082	3744.256348
2937.96582	3715.530518
2940.838867	3626.597656
2943.711914	3577.164307
2946.583984	3402.073975
2949.454102	3375.761719
2952.324219	3206.497314
2955.193359	3168.034912
2958.060547	3230.357666
2960.926758	3091.023926
2963.792969	3030.918701
2966.657227	3094.120117
2969.520508	3015.850098
2972.382813	3026.434326
2975.244141	2993.848877
2978.104492	2880.902344
2980.963867	2856.881104
2983.822266	2798.263428
2986.679688	2792.354004
2989.536133	2677.438965
2992.390625	2597.056396
2995.245117	2559.035156
2998.098633	2540.038086
3000.950195	2484.641113
3003.801758	2415.337158
3006.651367	2374.592285
3009.500977	2348.561279
3012.348633	2279.13208
3015.195313	2292.969727
3018.041992	2254.724854
3020.886719	2199.081543
3023.730469	2236.362305
3026.573242	2219.782715
3029.415039	2197.973877
3032.255859	2203.981445
3035.095703	2223.914063
3037.93457	2237.767822
3040.772461	2235.958252
3043.609375	2194.080322
3046.445313	2214.907471
3049.280273	2245.33667
3052.114258	2250.500977
3054.946289	2266.135498
3057.77832	2280.035645
3060.609375	2269.50415
3063.438477	2281.667969
3066.267578	2238.808838
3069.094727	2225.628418
3071.921875	2187.962402
3074.74707	2171.255371
3077.572266	2155.411133
3080.395508	2148.30542
3083.21875	2167.455811
3086.040039	2194.500977
3088.860352	2168.12793
3091.679688	2131.219727
3094.499023	2103.05127
3097.316406	2102.924316
3100.132813	2126.483154
3102.948242	2104.424316
3105.762695	2121.854248
3108.576172	2093.629639
3111.388672	2119.852295
3114.201172	2127.637695
3117.011719	2116.966309
3119.821289	2131.791016
3122.629883	2138.708008
3125.436523	2106.905762
3128.243164	2103.253174
3131.048828	2098.716553
3133.853516	2139.108398
3136.657227	2170.714844
3139.459961	2126.522217
3142.261719	2122.867676
3145.0625	2099.800049
3147.861328	2128.787842
3150.660156	2124.24585
3153.458008	2112.634277
3156.254883	2121.335205
3159.049805	2104.410645
3161.844727	2131.680908
3164.638672	2078.484131
3167.430664	2086.29834
3170.222656	2167.580322
3173.013672	2131.160645
3175.802734	2106.229248
3178.591797	2142.415527
3181.379883	2074.038818
3184.166016	2084.525391
3186.952148	2051.557617
3189.737305	2057.606201
3192.520508	2108.92627
3195.303711	2114.110596
3198.084961	2092.651611
3200.866211	2054.458008
