399.363281	987.716919
403.25	987.509827
407.134766	959.947815
411.017578	966.728577
414.898438	914.301758
418.777344	931.896606
422.654297	917.006531
426.53125	898.915649
430.404297	944.589294
434.277344	900.970886
438.148438	905.82959
442.017578	886.424133
445.884766	902.780579
449.751953	914.037415
453.615234	916.351257
457.478516	903.31311
461.339844	899.223572
465.199219	873.360291
469.056641	914.093689
472.912109	901.030884
476.765625	921.936035
480.619141	893.471191
484.470703	889.365173
488.320313	902.588196
492.167969	868.939392
496.013672	879.594421
499.857422	902.471313
503.699219	917.007874
507.541016	898.102966
511.380859	919.085815
515.21875	909.823364
519.054688	911.503662
522.888672	906.740601
526.720703	916.801941
530.552734	895.911377
534.380859	890.48938
538.208984	927.669434
542.035156	924.19342
545.859375	893.577271
549.683594	887.497498
553.503906	906.632385
557.324219	884.378784
561.140625	870.519653
564.957031	898.736267
568.773438	888.757568
572.585938	881.362366
576.396484	862.938782
580.207031	825.689209
584.015625	850.05249
587.820313	838.731934
591.626953	867.017883
595.429688	869.988464
599.230469	878.161316
603.03125	842.12146
606.828125	864.601379
610.625	838.286926
614.419922	834.739075
618.214844	877.437378
622.005859	880.419495
625.796875	853.413879
629.583984	854.43103
633.371094	876.981934
637.15625	853.85614
640.941406	877.731689
644.722656	918.614563
648.503906	879.135315
652.283203	888.011597
656.060547	901.474487
659.835938	905.786011
663.609375	908.791504
667.382813	934.070251
671.152344	916.119995
674.921875	911.26593
678.689453	905.751587
682.455078	948.787048
686.220703	921.621399
689.982422	880.641541
693.744141	905.981995
697.503906	936.601868
701.261719	921.219421
705.017578	903.192383
708.773438	935.82373
712.525391	948.731018
716.277344	948.475769
720.027344	983.802979
723.775391	987.517212
727.523438	997.169861
731.267578	969.882568
735.011719	1007.918091
738.753906	974.008118
742.494141	969.136597
746.232422	1020.437561
749.970703	1000.373779
753.707031	996.167847
757.439453	1010.486938
761.171875	1011.577393
764.904297	1007.369995
768.632813	1012.434998
772.361328	1034.738647
776.087891	1065.018555
779.8125	1104.611938
783.535156	1088.486816
787.255859	1080.315552
790.976563	1062.837402
794.695313	1040.027588
798.412109	1073.044312
802.126953	1037.581787
805.839844	1049.997559
809.552734	1063.089233
813.263672	1092.174683
816.972656	1059.323975
820.679688	1086.432251
824.384766	1088.224487
828.089844	1067.337158
831.791016	1069.122314
835.492188	1040.86438
839.193359	1069.356567
842.890625	1064.461792
846.587891	1083.628418
850.28125	1113.51123
853.974609	1091.901611
857.666016	1104.409668
861.357422	1059.340576
865.044922	1063.13623
868.732422	1052.86084
872.417969	1052.633423
876.101563	1057.100952
879.785156	1062.913818
883.464844	1043.892822
887.144531	1053.0625
890.822266	1040.067627
894.5	1058.653076
898.173828	1035.562378
901.847656	1050.797363
905.519531	1064.69873
909.189453	1060.432739
912.857422	1023.157837
916.523438	1057.280029
920.189453	1024.016724
923.853516	1052.097534
927.515625	1022.851746
931.177734	1048.255127
934.835938	1056.797729
938.494141	1029.542969
942.150391	1037.408447
945.804688	1013.502686
949.458984	1040.983154
953.109375	1049.539307
956.759766	1044.562866
960.408203	1050.417969
964.056641	1045.437134
967.701172	1025.539795
971.345703	1026.646729
974.988281	1033.181396
978.628906	1060.081421
982.267578	1043.550537
985.90625	1024.967896
989.542969	1093.348022
993.177734	1074.09021
996.810547	1082.699707
1000.443359	1166.15686
1004.074219	1239.473633
1007.703125	1107.20752
1011.330078	1110.394165
1014.955078	1024.305786
1018.580078	1016.55127
1022.203125	995.148499
1025.824219	1013.304504
1029.443359	1057.415894
1033.0625	1076.978271
1036.679688	1054.197388
1040.294922	1048.484863
1043.908203	1044.818481
1047.519531	1065.091187
1051.130859	1080.589966
1054.740234	1046.807495
1058.347656	1044.503052
1061.953125	1042.881714
1065.558594	1067.992676
1069.162109	1097.239014
1072.763672	1085.345703
1076.363281	1074.814941
1079.962891	1109.592651
1083.560547	1093.567383
1087.15625	1089.897949
1090.75	1135.036621
1094.34375	1113.498901
1097.933594	1122.905396
1101.523438	1098.590698
1105.113281	1101.111938
1108.699219	1111.901978
1112.285156	1092.375977
1115.869141	1080.417725
1119.451172	1136.046509
1123.03125	1155.838379
1126.611328	1149.413452
1130.189453	1118.811035
1133.765625	1103.382935
1137.341797	1039.558228
1140.914063	1038.605103
1144.486328	1007.213257
1148.056641	1030.467407
1151.626953	1045.432373
1155.193359	1094.348022
1158.759766	1072.626831
1162.324219	1085.547363
1165.888672	1081.141235
1169.449219	1131.53894
1173.009766	1130.617798
1176.568359	1125.529419
1180.125	1096.819336
1183.681641	1077.813965
1187.236328	1028.203857
1190.789063	1083.571289
1194.339844	1082.626221
1197.890625	1108.826538
1201.439453	1108.586914
1204.986328	1196.819458
1208.53125	1161.769287
1212.076172	1174.099976
1215.619141	1195.508057
1219.160156	1208.559937
1222.699219	1217.43396
1226.238281	1307.324341
1229.775391	1293.888916
1233.310547	1305.603638
1236.84375	1331.312012
1240.376953	1330.459961
1243.908203	1341.503418
1247.4375	1304.950073
1250.964844	1326.496826
1254.492188	1340.35376
1258.017578	1284.828369
1261.541016	1300.782593
1265.064453	1268.344849
1268.583984	1273.075806
1272.103516	1282.022827
1275.623047	1234.786377
1279.138672	1240.211182
1282.654297	1274.461182
1286.167969	1274.983276
1289.679688	1314.903198
1293.191406	1368.228149
1296.701172	1308.938965
1300.208984	1382.027466
1303.714844	1440.377197
1307.220703	1425.456909
1310.722656	1411.22937
1314.226563	1423.095215
1317.726563	1415.206787
1321.226563	1404.487061
1324.724609	1406.473755
1328.220703	1409.875122
1331.714844	1438.02356
1335.208984	1460.536499
1338.701172	1459.717529
1342.191406	1459.605347
1345.681641	1380.180176
1349.169922	1372.950439
1352.65625	1340.200195
1356.140625	1338.619629
1359.625	1332.781494
1363.107422	1365.256348
1366.587891	1358.003906
1370.068359	1313.816284
1373.544922	1318.614136
1377.021484	1272.952393
1380.498047	1273.470459
1383.970703	1264.030151
1387.443359	1288.739502
1390.914063	1282.856567
1394.384766	1289.788086
1397.851563	1281.050171
1401.318359	1265.889893
1404.785156	1282.804932
1408.248047	1253.365234
1411.710938	1248.165161
1415.171875	1305.072998
1418.630859	1305.602905
1422.089844	1273.265259
1425.546875	1269.493164
1429.001953	1333.651733
1432.457031	1328.469604
1435.908203	1353.341431
1439.361328	1451.261353
1442.810547	1458.296021
1446.257813	1447.422363
1449.705078	1498.187378
1453.152344	1477.280518
1456.595703	1462.81311
1460.039063	1459.816895
1463.480469	1460.407837
1466.919922	1435.858887
1470.359375	1376.079224
1473.796875	1350.03772
1477.232422	1374.31604
1480.666016	1341.057617
1484.099609	1342.319458
1487.53125	1297.499878
1490.962891	1305.947876
1494.390625	1229.369629
1497.818359	1225.540649
1501.246094	1217.381226
1504.669922	1219.315674
1508.09375	1175.057495
1511.515625	1162.534424
1514.935547	1201.288574
1518.355469	1192.378662
1521.773438	1171.894165
1525.189453	1186.108032
1528.605469	1221.315552
1532.019531	1216.01709
1535.431641	1249.092041
1538.841797	1274.224976
1542.251953	1258.7948
1545.660156	1261.476563
1549.068359	1301.149414
1552.472656	1320.537842
1555.876953	1315.988037
1559.28125	1365.1698
1562.681641	1377.341919
1566.082031	1359.727295
1569.480469	1413.347046
1572.878906	1432.825439
1576.273438	1411.572754
1579.667969	1420.874634
1583.0625	1415.619629
1586.453125	1365.193604
1589.84375	1356.996216
1593.234375	1372.85144
1596.621094	1296.818604
1600.007813	1349.87439
1603.392578	1367.934692
1606.777344	1449.540649
1610.160156	1366.84021
1613.541016	1385.658813
1616.919922	1354.775635
1620.298828	1342.884277
1623.675781	1358.788086
1627.050781	1329.319946
1630.425781	1394.294312
1633.798828	1382.398315
1637.169922	1393.211792
1640.541016	1371.040771
1643.910156	1405.328735
1647.277344	1423.500977
1650.642578	1447.559937
1654.007813	1463.559814
1657.371094	1486.18396
1660.734375	1539.693237
1664.09375	1487.371582
1667.453125	1521.064087
1670.8125	1512.105835
1674.167969	1480.320435
1677.523438	1463.973877
1680.878906	1424.776123
1684.230469	1371.543945
1687.582031	1359.557007
1690.933594	1346.085083
1694.28125	1320.796021
1697.628906	1271.126831
1700.974609	1261.2948
1704.320313	1226.336914
1707.664063	1226.086182
1711.005859	1221.398926
1714.345703	1173.808594
1717.685547	1165.396484
1721.023438	1162.899292
1724.361328	1161.880859
1727.695313	1161.602051
1731.03125	1176.14502
1734.363281	1166.974365
1737.695313	1120.710938
1741.025391	1151.578003
1744.353516	1182.469482
1747.681641	1130.958008
1751.007813	1155.922119
1754.332031	1126.654053
1757.65625	1173.196411
1760.978516	1159.530273
1764.298828	1118.322876
1767.619141	1170.871338
1770.9375	1154.208618
1774.253906	1095.070557
1777.570313	1125.314209
1780.884766	1128.74231
1784.197266	1115.764526
1787.509766	1115.460327
1790.818359	1143.519653
1794.128906	1141.732178
1797.435547	1141.437012
1800.742188	1096.302856
1804.048828	1131.126465
1807.351563	1147.279785
1810.654297	1131.273071
1813.955078	1101.032227
1817.255859	1124.67981
1820.554688	1143.851318
1823.851563	1160.789673
1827.148438	1174.74231
1830.443359	1147.457275
1833.736328	1104.394775
1837.027344	1137.855469
1840.318359	1142.809692
1843.609375	1153.025635
1846.896484	1142.208618
1850.183594	1136.64502
1853.46875	1128.068726
1856.753906	1127.760986
1860.037109	1125.94751
1863.318359	1121.873535
1866.599609	1168.262573
1869.878906	1161.187378
1873.15625	1175.967285
1876.433594	1143.248901
1879.708984	1108.995483
1882.982422	1107.922485
1886.255859	1116.663452
1889.527344	1170.729492
1892.796875	1142.476807
1896.066406	1141.414185
1899.333984	1144.131348
1902.599609	1168.032349
1905.865234	1145.030518
1909.128906	1141.694824
1912.390625	1159.562988
1915.652344	1157.745239
1918.912109	1155.925659
1922.169922	1128.322754
1925.427734	1159.108643
1928.683594	1148.938965
1931.939453	1168.368774
1935.191406	1136.929077
1938.445313	1143.452881
1941.695313	1155.30188
1944.945313	1134.464233
1948.193359	1142.515259
1951.441406	1162.747681
1954.6875	1154.067749
1957.931641	1105.018311
1961.173828	1125.258911
1964.416016	1155.423096
1967.658203	1145.963135
1970.896484	1173.870239
1974.134766	1189.590088
1977.373047	1206.085327
1980.607422	1167.61084
1983.84375	1117.646851
1987.076172	1136.425171
1990.308594	1133.810791
1993.539063	1171.730469
1996.767578	1185.19519
1999.996094	1141.262451
2003.222656	1155.490967
2006.449219	1168.198242
2009.673828	1161.756836
2012.896484	1149.943726
2016.119141	1150.391968
2019.339844	1170.788208
2022.558594	1153.591187
2025.777344	1140.987549
2028.994141	1183.678711
2032.208984	1151.097412
2035.423828	1152.314209
2038.636719	1109.69751
2041.847656	1147.056641
2045.058594	1131.34082
2048.267578	1138.710083
2051.476563	1196.148926
2054.683594	1142.677734
2057.888672	1180.891846
2061.09375	1117.348022
2064.296875	1186.43811
2067.498047	1137.509033
2070.699219	1173.463379
2073.898438	1158.472656
2077.097656	1155.831787
2080.292969	1164.782349
2083.490234	1190.750244
2086.683594	1144.02771
2089.876953	1167.685669
2093.068359	1144.914917
2096.259766	1170.914307
2099.449219	1182.214111
2102.636719	1153.99646
2105.824219	1192.433838
2109.009766	1161.870972
2112.195313	1177.839111
2115.378906	1156.560913
2118.560547	1170.209229
2121.742188	1190.859131
2124.921875	1212.30188
2128.099609	1176.232056
2131.277344	1162.687744
2134.453125	1160.025146
2137.626953	1148.020264
2140.800781	1162.478882
2143.972656	1149.686279
2147.144531	1151.688599
2150.314453	1152.133179
2153.482422	1158.816528
2156.650391	1157.703369
2159.816406	1153.467529
2162.980469	1178.114868
2166.144531	1162.948608
2169.306641	1194.650024
2172.46875	1181.041138
2175.628906	1183.060181
2178.787109	1163.960083
2181.945313	1140.149902
2185.101563	1182.861938
2188.255859	1169.220947
2191.410156	1222.161255
2194.564453	1182.660889
2197.714844	1190.956177
2200.865234	1193.767334
2204.013672	1176.964233
2207.162109	1160.932861
2210.308594	1170.802002
2213.455078	1172.822998
2216.599609	1171.701904
2219.742188	1171.365723
2222.884766	1161.591675
2226.025391	1159.677368
2229.164063	1182.947144
2232.302734	1203.872437
2235.439453	1214.573853
2238.576172	1172.489624
2241.710938	1172.939209
2244.84375	1186.005981
2247.976563	1169.105469
2251.107422	1164.818359
2254.236328	1197.633057
2257.365234	1205.199829
2260.492188	1161.41687
2263.619141	1197.428711
2266.744141	1135.422974
2269.867188	1176.98877
2272.990234	1213.046997
2276.111328	1185.013672
2279.232422	1160.918091
2282.351563	1163.738403
2285.46875	1206.978271
2288.585938	1178.105713
2291.701172	1176.176514
2294.816406	1185.353271
2297.929688	1149.295166
2301.041016	1191.81665
2304.152344	1170.824951
2307.261719	1212.592041
2310.369141	1174.103271
2313.476563	1161.827515
2316.583984	1171.816895
2319.6875	1206.484497
2322.791016	1200.575195
2325.894531	1283.862549
2328.996094	1303.473389
2332.095703	1261.726318
2335.195313	1254.233276
2338.292969	1198.077271
2341.388672	1188.957764
2344.484375	1155.084839
2347.578125	1177.085571
2350.671875	1204.694824
2353.763672	1190.7677
2356.853516	1204.012085
2359.943359	1186.874512
2363.03125	1169.723511
2366.119141	1174.970215
2369.205078	1188.227539
2372.289063	1236.738525
2375.373047	1182.719604
2378.457031	1208.018188
2381.537109	1203.665039
2384.617188	1179.253052
2387.697266	1188.527954
2390.773438	1218.682983
2393.851563	1206.294922
2396.925781	1181.042358
2400	1194.349609
2403.074219	1144.147461
2406.146484	1164.689453
2409.216797	1191.683716
2412.286133	1178.450684
2415.355469	1213.522705
2418.421875	1187.398315
2421.488281	1231.364136
2424.553711	1169.754639
2427.617188	1232.295532
2430.679688	1217.432495
2433.741211	1248.56189
2436.801758	1195.745728
2439.861328	1239.812988
2442.918945	1211.193115
2445.976563	1210.033813
2449.032227	1225.854126
2452.086914	1215.800781
2455.140625	1224.351685
2458.192383	1228.861084
2461.243164	1209.88855
2464.293945	1218.446045
2467.342773	1224.578369
2470.390625	1232.336548
2473.436523	1212.524414
2476.482422	1220.283325
2479.526367	1193.14624
2482.569336	1179.79187
2485.611328	1216.78833
2488.652344	1181.492554
2491.692383	1188.440063
2494.730469	1209.216919
2497.768555	1232.449463
2500.804688	1200.360596
2503.839844	1218.722168
2506.873047	1198.81958
2509.90625	1195.196289
2512.938477	1206.240601
2515.96875	1221.369385
2518.998047	1199.805664
2522.026367	1230.445801
2525.053711	1223.561157
2528.079102	1226.469849
2531.104492	1218.761108
2534.12793	1221.669556
2537.150391	1223.762329
2540.171875	1224.220947
2543.192383	1240.223267
2546.211914	1224.319946
2549.230469	1241.152344
2552.24707	1263.730225
2555.262695	1242.081665
2558.277344	1268.774414
2561.291016	1284.00769
2564.303711	1245.93689
2567.31543	1236.556274
2570.325195	1248.510376
2573.333984	1266.221191
2576.341797	1255.193848
2579.348633	1213.752441
2582.354492	1261.064087
2585.359375	1238.508179
2588.363281	1295.736084
2591.365234	1277.290649
2594.366211	1243.188477
2597.366211	1265.889648
2600.365234	1237.524536
2603.363281	1281.6698
2606.360352	1266.481445
2609.355469	1309.020142
2612.350586	1269.075562
2615.34375	1286.882813
2618.335938	1292.316528
2621.327148	1264.711182
2624.317383	1313.111694
2627.306641	1257.385864
2630.293945	1277.701294
2633.280273	1290.585938
2636.266602	1267.892822
2639.250977	1284.922363
2642.234375	1260.553223
2645.216797	1300.791016
2648.197266	1302.931763
2651.177734	1282.687012
2654.157227	1267.403564
2657.134766	1314.340576
2660.111328	1250.082886
2663.086914	1297.047729
2666.061523	1293.375366
2669.035156	1286.375977
2672.007813	1278.539795
2674.978516	1271.529175
2677.949219	1306.940796
2680.917969	1333.223877
2683.885742	1312.071777
2686.852539	1281.742432
2689.818359	1323.041138
2692.783203	1331.865356
2695.74707	1325.687866
2698.708984	1305.326416
2701.670898	1299.133911
2704.630859	1358.877319
2707.589844	1347.689453
2710.547852	1351.528687
2713.504883	1349.521118
2716.460938	1313.23877
2719.416016	1376.441162
2722.369141	1392.843506
2725.322266	1402.562866
2728.273438	1398.894531
2731.223633	1414.484985
2734.173828	1363.9021
2737.12207	1350.995605
2740.069336	1378.322144
2743.014648	1380.507446
2745.959961	1372.625854
2748.904297	1407.543579
2751.84668	1366.0802
2754.788086	1395.140991
2757.729492	1347.760254
2760.668945	1380.197266
2763.607422	1398.363159
2766.544922	1362.706787
2769.481445	1368.256714
2772.416016	1404.11499
2775.350586	1400.42041
2778.28418	1354.602051
2781.21582	1351.728638
2784.146484	1377.515869
2787.077148	1367.058105
2790.005859	1366.716187
2792.933594	1311.516113
2795.860352	1344.923706
2798.785156	1364.842285
2801.709961	1385.619995
2804.633789	1364.997803
2807.555664	1344.360229
2810.477539	1355.848267
2813.397461	1341.114502
2816.316406	1378.002441
2819.234375	1400.522339
2822.151367	1425.599487
2825.067383	1430.35791
2827.982422	1455.463745
2830.896484	1410.20459
2833.80957	1453.983276
2836.720703	1513.917236
2839.631836	1500.887695
2842.541016	1616.93103
2845.450195	1694.82959
2848.357422	1771.084839
2851.263672	1878.001099
2854.168945	1893.144409
2857.073242	2002.734863
2859.976563	2012.827271
2862.878906	2099.55249
2865.779297	2184.637207
2868.679688	2290.231934
2871.579102	2389.936768
2874.476563	2488.861084
2877.374023	2588.709961
2880.269531	2607.570801
2883.164063	2570.109131
2886.057617	2590.683594
2888.950195	2629.210449
2891.841797	2631.02124
2894.732422	2636.251709
2897.62207	2671.415039
2900.510742	2704.892578
2903.398438	2752.941162
2906.28418	2827.562256
2909.169922	2957.900635
2912.053711	2999.238281
2914.9375	3196.577881
2917.819336	3237.173584
2920.700195	3329.254639
2923.581055	3373.358154
2926.459961	3515.331787
2929.337891	3557.815918
2932.214844	3624.378174
2935.09082	3619.677002
2937.96582	3632.161133
2940.838867	3561.253662
2943.711914	3481.693115
2946.583984	3328.078613
2949.454102	3188.984375
2952.324219	2982.628174
2955.193359	2899.294434
2958.060547	2903.789063
2960.926758	2877.255371
2963.792969	2822.246582
2966.657227	2751.670898
2969.520508	2668.962646
2972.382813	2626.765381
2975.244141	2656.209717
2978.104492	2541.413818
2980.963867	2468.013428
2983.822266	2409.255615
2986.679688	2311.540039
2989.536133	2254.412354
2992.390625	2129.742188
2995.245117	2033.549805
2998.098633	2003.971436
3000.950195	1918.059692
3003.801758	1846.818604
3006.651367	1827.543213
3009.500977	1741.473755
3012.348633	1657.077271
3015.195313	1650.72998
3018.041992	1585.339844
3020.886719	1546.826294
3023.730469	1553.463745
3026.573242	1513.172119
3029.415039	1530.234985
3032.255859	1519.477417
3035.095703	1525.243164
3037.93457	1510.993774
3040.772461	1508.052856
3043.609375	1582.629639
3046.445313	1516.10498
3049.280273	1555.871948
3052.114258	1562.533081
3054.946289	1600.599976
3057.77832	1592.447388
3060.609375	1606.983521
3063.438477	1656.457764
3066.267578	1610.754395
3069.094727	1558.027222
3071.921875	1594.42395
3074.74707	1504.925781
3077.572266	1500.215088
3080.395508	1452.62207
3083.21875	1502.162476
3086.040039	1467.671021
3088.860352	1471.698975
3091.679688	1423.150024
3094.499023	1427.164429
3097.316406	1388.210693
3100.132813	1419.409912
3102.948242	1415.528076
3105.762695	1404.620117
3108.576172	1402.485962
3111.388672	1394.200439
3114.201172	1414.909912
3117.011719	1418.051025
3119.821289	1471.322754
3122.629883	1402.344971
3125.436523	1388.762451
3128.243164	1420.070068
3131.048828	1434.666138
3133.853516	1401.697388
3136.657227	1424.228638
3139.459961	1417.681396
3142.261719	1375.851074
3145.0625	1449.567749
3147.861328	1413.013794
3150.660156	1390.559937
3153.458008	1425.498291
3156.254883	1376.526611
3159.049805	1386.736816
3161.844727	1371.313599
3164.638672	1377.990723
3167.430664	1408.561157
3170.222656	1430.302002
3173.013672	1459.141235
3175.802734	1412.714722
3178.591797	1392.835938
3181.379883	1404.851074
3184.166016	1422.194336
3186.952148	1423.583984
3189.737305	1442.720093
3192.520508	1406.838379
3195.303711	1430.420898
3198.084961	1412.273315
3200.866211	1391.844238
