399.363281	884.750305
403.25	881.319092
407.134766	863.253296
411.017578	852.17218
414.898438	841.717896
418.777344	810.23407
422.654297	828.428406
426.53125	803.923828
430.404297	793.429504
434.277344	808.449097
438.148438	774.966248
442.017578	775.301758
445.884766	772.44281
449.751953	774.694641
453.615234	762.880005
457.478516	776.004822
461.339844	782.74054
465.199219	774.114807
469.056641	782.13623
472.912109	767.73468
476.765625	797.558044
480.619141	773.529236
484.470703	773.86322
488.320313	766.493774
492.167969	763.613403
496.013672	781.933105
499.857422	818.266357
503.699219	780.0354
507.541016	775.224976
511.380859	773.628235
515.21875	786.195557
519.054688	798.129333
522.888672	824.251038
526.720703	783.988159
530.552734	780.455566
534.380859	792.406494
538.208984	770.152832
542.035156	771.129944
545.859375	797.952209
549.683594	786.660217
553.503906	780.531616
557.324219	797.04071
561.140625	780.555176
564.957031	770.530334
568.773438	761.792236
572.585938	771.840149
576.396484	737.161072
580.207031	748.503845
584.015625	772.18512
587.820313	736.811707
591.626953	735.17926
595.429688	732.895386
599.230469	740.359558
603.03125	720.517822
606.828125	729.283752
610.625	737.406128
614.419922	729.908325
618.214844	742.597351
622.005859	768.330566
625.796875	767.355286
629.583984	746.81189
633.371094	743.868591
637.15625	766.381592
640.941406	775.852112
644.722656	768.996643
648.503906	753.637939
652.283203	733.688477
656.060547	745.777161
659.835938	775.54657
663.609375	798.138977
667.382813	801.754578
671.152344	803.407104
674.921875	793.915833
678.689453	780.481079
682.455078	783.438293
686.220703	796.244141
689.982422	797.23999
693.744141	750.933594
697.503906	795.289978
701.261719	823.245361
705.017578	830.173889
708.773438	824.604126
712.525391	819.687805
716.277344	836.50293
720.027344	884.961426
723.775391	882.700623
727.523438	891.649292
731.267578	858.379028
735.011719	823.760193
738.753906	804.959961
742.494141	803.319763
746.232422	862.481262
749.970703	875.409668
753.707031	870.489258
757.439453	847.697327
761.171875	865.269409
764.904297	873.583862
768.632813	894.494263
772.361328	863.718384
776.087891	940.346436
779.8125	1012.395142
783.535156	1020.788269
787.255859	961.460938
790.976563	963.860596
794.695313	900.47113
798.412109	927.445374
802.126953	979.716614
805.839844	957.507263
809.552734	986.536133
813.263672	970.96991
816.972656	924.076904
820.679688	937.131104
824.384766	936.859924
828.089844	921.245361
831.791016	937.65094
835.492188	895.984619
839.193359	909.053223
842.890625	895.404114
846.587891	897.787109
850.28125	924.247803
853.974609	940.025574
857.666016	923.018799
861.357422	903.318909
865.044922	888.961426
868.732422	887.9953
872.417969	875.630127
876.101563	888.742798
879.785156	888.445679
883.464844	882.777527
887.144531	891.879456
890.822266	848.582275
894.5	877.841797
898.173828	882.917786
901.847656	889.343201
905.519531	856.739319
909.189453	869.218262
912.857422	890.463867
916.523438	879.382019
920.189453	837.954407
923.853516	849.771057
927.515625	848.778015
931.177734	868.708496
934.835938	839.360779
938.494141	833.632507
942.150391	820.465088
945.804688	850.557983
949.458984	840.768127
953.109375	833.676575
956.759766	819.809204
960.408203	877.718689
964.056641	860.469971
967.701172	845.240051
971.345703	822.538025
974.988281	817.454773
978.628906	834.084534
982.267578	854.801636
985.90625	848.366394
989.542969	875.90155
993.177734	870.828857
996.810547	904.516663
1000.443359	934.830566
1004.074219	970.614685
1007.703125	907.011292
1011.330078	883.546753
1014.955078	860.062439
1018.580078	827.694946
1022.203125	842.363525
1025.824219	871.373657
1029.443359	869.006042
1033.0625	859.807007
1036.679688	855.382507
1040.294922	862.573547
1043.908203	830.111023
1047.519531	840.717407
1051.130859	886.234253
1054.740234	870.171631
1058.347656	837.657227
1061.953125	846.913147
1065.558594	887.708984
1069.162109	868.87616
1072.763672	909.028503
1076.363281	901.169861
1079.962891	931.069092
1083.560547	904.665955
1087.15625	902.979797
1090.75	928.791382
1094.34375	951.185242
1097.933594	955.02002
1101.523438	919.622253
1105.113281	884.194946
1108.699219	885.250305
1112.285156	867.008789
1115.869141	865.299438
1119.451172	874.624756
1123.03125	859.805725
1126.611328	875.349121
1130.189453	877.783203
1133.765625	872.619141
1137.341797	831.508301
1140.914063	804.192932
1144.486328	804.525452
1148.056641	840.15271
1151.626953	834.26886
1155.193359	835.306152
1158.759766	853.66687
1162.324219	860.258179
1165.888672	851.598083
1169.449219	869.98761
1173.009766	882.145569
1176.568359	876.954773
1180.125	843.974304
1183.681641	877.678345
1187.236328	855.793701
1190.789063	868.665283
1194.339844	865.544373
1197.890625	875.645813
1201.439453	907.342224
1204.986328	955.783691
1208.53125	981.963318
1212.076172	955.176331
1215.619141	979.284302
1219.160156	1029.229736
1222.699219	1051.293335
1226.238281	1074.771362
1229.775391	1061.240356
1233.310547	1094.526367
1236.84375	1129.237915
1240.376953	1103.120605
1243.908203	1114.070679
1247.4375	1123.62915
1250.964844	1112.184204
1254.492188	1089.519165
1258.017578	1071.741699
1261.541016	1084.102417
1265.064453	1054.381714
1268.583984	1021.829285
1272.103516	1006.802185
1275.623047	1041.631592
1279.138672	1032.923706
1282.654297	1024.911377
1286.167969	1052.757813
1289.679688	1097.511475
1293.191406	1101.47998
1296.701172	1115.30896
1300.208984	1112.243286
1303.714844	1181.052856
1307.220703	1177.306152
1310.722656	1167.20874
1314.226563	1159.21936
1317.726563	1229.571167
1321.226563	1199.710205
1324.724609	1204.438843
1328.220703	1195.036987
1331.714844	1203.302002
1335.208984	1217.938843
1338.701172	1230.464722
1342.191406	1168.675293
1345.681641	1128.78772
1349.169922	1065.488892
1352.65625	1076.554321
1356.140625	1089.755493
1359.625	1094.455566
1363.107422	1050.197144
1366.587891	1076.890747
1370.068359	1080.170044
1373.544922	1083.451782
1377.021484	1055.463013
1380.498047	1060.869873
1383.970703	1036.405151
1387.443359	1078.812256
1390.914063	1048.63916
1394.384766	1083.251099
1397.851563	1050.917114
1401.318359	1040.65271
1404.785156	1032.518921
1408.248047	1020.098022
1411.710938	1019.798767
1415.171875	1016.64325
1418.630859	1039.197021
1422.089844	1021.756042
1425.546875	1024.315186
1429.001953	1008.998657
1432.457031	1053.046509
1435.908203	1090.688721
1439.361328	1121.91748
1442.810547	1167.496338
1446.257813	1229.592407
1449.705078	1184.213135
1453.152344	1202.621094
1456.595703	1165.085083
1460.039063	1187.088013
1463.480469	1188.286621
1466.919922	1189.48584
1470.359375	1162.661133
1473.796875	1135.095581
1477.232422	1205.313354
1480.666016	1203.642334
1484.099609	1183.25647
1487.53125	1134.052368
1490.962891	1092.011475
1494.390625	1017.508728
1497.818359	1019.361511
1501.246094	989.482849
1504.669922	993.489746
1508.09375	946.975098
1511.515625	936.526184
1514.935547	962.186707
1518.355469	961.129456
1521.773438	952.841736
1525.189453	904.045776
1528.605469	977.486511
1532.019531	935.17511
1535.431641	958.72345
1538.841797	940.275146
1542.251953	950.074829
1545.660156	937.407593
1549.068359	990.730225
1552.472656	991.128906
1555.876953	1025.643188
1559.28125	1056.554321
1562.681641	1022.109741
1566.082031	1123.537354
1569.480469	1144.345825
1572.878906	1136.805176
1576.273438	1181.646484
1579.667969	1156.644409
1583.0625	1099.581177
1586.453125	1100.022583
1589.84375	1060.381104
1593.234375	1043.308838
1596.621094	1059.77356
1600.007813	1077.710571
1603.392578	1092.011963
1606.777344	1087.338013
1610.160156	1046.133179
1613.541016	1080.170776
1616.919922	1047.702881
1620.298828	1048.122681
1623.675781	1077.079224
1627.050781	1055.550293
1630.425781	1048.649902
1633.798828	1093.025024
1637.169922	1049.48938
1640.541016	1084.36853
1643.910156	1125.876587
1647.277344	1163.015015
1650.642578	1188.437866
1654.007813	1168.351074
1657.371094	1202.611572
1660.734375	1210.441406
1664.09375	1199.896362
1667.453125	1237.887329
1670.8125	1201.590576
1674.167969	1168.94519
1677.523438	1204.759155
1680.878906	1169.141602
1684.230469	1143.81311
1687.582031	1146.481079
1690.933594	1104.158569
1694.28125	1088.365356
1697.628906	1060.010498
1700.974609	1005.048157
1704.320313	996.583435
1707.664063	987.37262
1711.005859	978.154236
1714.345703	955.614807
1717.685547	927.877563
1721.023438	914.182434
1724.361328	911.583984
1727.695313	906.019958
1731.03125	917.496887
1734.363281	888.205322
1737.695313	906.359192
1741.025391	914.139282
1744.353516	901.141174
1747.681641	882.191833
1751.007813	892.942444
1754.332031	905.187744
1757.65625	882.49939
1760.978516	921.525391
1764.298828	887.664185
1767.619141	914.068665
1770.9375	877.198608
1774.253906	879.781189
1777.570313	895.779968
1780.884766	884.951843
1784.197266	883.810791
1787.509766	879.684082
1790.818359	904.664368
1794.128906	887.101257
1797.435547	928.538147
1800.742188	875.099304
1804.048828	918.80658
1807.351563	892.245605
1810.654297	907.562378
1813.955078	904.927185
1817.255859	883.570007
1820.554688	886.915527
1823.851563	881.270874
1827.148438	856.130005
1830.443359	890.966797
1833.736328	906.323914
1837.027344	893.171509
1840.318359	885.264526
1843.609375	903.641541
1846.896484	885.963135
1850.183594	880.298523
1853.46875	901.702881
1856.753906	899.801331
1860.037109	907.682312
1863.318359	902.769409
1866.599609	876.761902
1869.878906	889.917175
1873.15625	892.529053
1876.433594	886.093262
1879.708984	894.740601
1882.982422	883.017212
1886.255859	875.059448
1889.527344	914.679688
1892.796875	888.593079
1896.066406	892.721924
1899.333984	884.754578
1902.599609	863.920288
1905.865234	877.125183
1909.128906	895.639893
1912.390625	881.601196
1915.652344	912.2547
1918.912109	909.580811
1922.169922	905.388062
1925.427734	892.847412
1928.683594	937.212402
1931.939453	899.621216
1935.191406	920.479614
1938.445313	909.443848
1941.695313	893.838806
1944.945313	853.889648
1948.193359	877.044006
1951.441406	910.86969
1954.6875	909.703796
1957.931641	891.782471
1961.173828	913.463379
1964.416016	885.621155
1967.658203	900.454102
1970.896484	907.670959
1974.134766	920.234558
1977.373047	898.457275
1980.607422	900.335632
1983.84375	892.284058
1987.076172	913.267029
1990.308594	922.798157
1993.539063	887.21106
1996.767578	914.337158
1999.996094	887.903748
2003.222656	891.31311
2006.449219	897.789063
2009.673828	869.784912
2012.896484	877.790344
2016.119141	913.411194
2019.339844	920.67218
2022.558594	886.492249
2025.777344	915.24707
2028.994141	912.531006
2032.208984	881.380981
2035.423828	923.235046
2038.636719	875.915039
2041.847656	894.719543
2045.058594	896.606812
2048.267578	920.053101
2051.476563	935.044983
2054.683594	896.112061
2057.888672	920.355652
2061.09375	893.724182
2064.296875	898.699829
2067.498047	869.723633
2070.699219	907.118103
2073.898438	934.501282
2077.097656	914.77594
2080.292969	908.947571
2083.490234	909.300171
2086.683594	901.144165
2089.876953	920.065125
2093.068359	917.325378
2096.259766	917.680908
2099.449219	925.008911
2102.636719	915.292053
2105.824219	902.466187
2109.009766	920.654785
2112.195313	924.890747
2115.378906	908.948181
2118.560547	913.958984
2121.742188	916.643005
2124.921875	906.89502
2128.099609	889.365112
2131.277344	927.039368
2134.453125	888.496765
2137.626953	901.293213
2140.800781	887.626221
2143.972656	910.557739
2147.144531	900.77948
2150.314453	877.741577
2153.482422	894.456604
2156.650391	895.581848
2159.816406	907.633728
2162.980469	874.412598
2166.144531	874.749817
2169.306641	848.521851
2172.46875	862.136597
2175.628906	897.655701
2178.787109	883.139099
2181.945313	871.741272
2185.101563	921.395447
2188.255859	891.207886
2191.410156	892.334351
2194.564453	944.40448
2197.714844	912.622131
2200.865234	925.522644
2204.013672	894.492798
2207.162109	913.675354
2210.308594	928.16095
2213.455078	924.589905
2216.599609	914.729065
2219.742188	919.011108
2222.884766	928.801453
2226.025391	927.584534
2229.164063	912.199402
2232.302734	918.060974
2235.439453	962.522217
2238.576172	888.034851
2241.710938	889.951904
2244.84375	921.835815
2247.976563	879.590149
2251.107422	885.451416
2254.236328	904.737976
2257.365234	882.970764
2260.492188	918.072388
2263.619141	888.389343
2266.744141	910.86853
2269.867188	903.30719
2272.990234	905.235352
2276.111328	889.749756
2279.232422	918.598206
2282.351563	878.547302
2285.46875	902.658081
2288.585938	910.93103
2291.701172	871.623718
2294.816406	909.246887
2297.929688	918.32489
2301.041016	923.439575
2304.152344	954.770386
2307.261719	904.278992
2310.369141	913.368103
2313.476563	928.030579
2316.583984	887.016846
2319.6875	888.150818
2322.791016	925.907776
2325.894531	985.993652
2328.996094	1025.40979
2332.095703	1016.235718
2335.195313	934.495483
2338.292969	913.314575
2341.388672	894.511169
2344.484375	925.185486
2347.578125	911.163269
2350.671875	890.739197
2353.763672	913.454712
2356.853516	932.189941
2359.943359	950.939148
2363.03125	980.903625
2366.119141	920.446716
2369.205078	939.212219
2372.289063	909.130981
2375.373047	904.668274
2378.457031	884.169922
2381.537109	888.514893
2384.617188	896.071899
2387.697266	902.029297
2390.773438	887.920532
2393.851563	914.760254
2396.925781	911.089783
2400	899.378967
2403.074219	920.624695
2406.146484	903.277771
2409.216797	924.540588
2412.286133	907.986572
2415.355469	922.824829
2418.421875	923.979492
2421.488281	913.046875
2424.553711	890.013184
2427.617188	923.415222
2430.679688	904.401489
2433.741211	917.656616
2436.801758	939.802856
2439.861328	938.54248
2442.918945	963.136902
2445.976563	942.484558
2449.032227	933.136963
2452.086914	930.253418
2455.140625	930.60437
2458.192383	943.907776
2461.243164	930.496582
2464.293945	907.353394
2467.342773	893.107422
2470.390625	959.114502
2473.436523	921.356323
2476.482422	922.514709
2479.526367	932.602051
2482.569336	913.46582
2485.611328	916.24646
2488.652344	939.343445
2491.692383	922.626221
2494.730469	946.555786
2497.768555	931.4552
2500.804688	908.205017
2503.839844	910.174561
2506.873047	921.918335
2509.90625	943.447449
2512.938477	870.44928
2515.96875	905.835388
2518.998047	929.828979
2522.026367	917.122742
2525.053711	932.975647
2528.079102	921.077209
2531.104492	943.477966
2534.12793	932.391296
2537.150391	918.026184
2540.171875	922.459106
2543.192383	957.164429
2546.211914	945.246948
2549.230469	993.085632
2552.24707	950.049927
2555.262695	945.489624
2558.277344	954.859253
2561.291016	947.017151
2564.303711	963.776062
2567.31543	944.44342
2570.325195	929.200317
2573.333984	919.693726
2576.341797	957.003113
2579.348633	959.00415
2582.354492	919.902649
2585.359375	956.430969
2588.363281	934.575317
2591.365234	948.915039
2594.366211	969.851624
2597.366211	939.739807
2600.365234	941.738037
2603.363281	940.440674
2606.360352	935.01947
2609.355469	955.164001
2612.350586	977.798828
2615.34375	972.384827
2618.335938	955.405884
2621.327148	930.979492
2624.317383	965.207397
2627.306641	925.059021
2630.293945	983.29248
2633.280273	936.502136
2636.266602	969.126953
2639.250977	957.896423
2642.234375	969.847473
2645.216797	972.693359
2648.197266	949.018372
2651.177734	975.07428
2654.157227	972.118469
2657.134766	968.330444
2660.111328	978.650574
2663.086914	962.406128
2666.061523	965.255127
2669.035156	986.387817
2672.007813	949.34491
2674.978516	969.655334
2677.949219	989.980652
2680.917969	970.373962
2683.885742	996.541809
2686.852539	1001.907776
2689.818359	987.281982
2692.783203	976.812317
2695.74707	1023.864624
2698.708984	986.709961
2701.670898	1012.940674
2704.630859	1010.811035
2707.589844	991.979614
2710.547852	1019.911316
2713.504883	1001.904541
2716.460938	1032.367798
2719.416016	1031.91272
2722.369141	1038.985962
2725.322266	1056.943359
2728.273438	1049.798828
2731.223633	1056.04834
2734.173828	1074.868774
2737.12207	1003.189636
2740.069336	1038.771973
2743.014648	1033.283813
2745.959961	1039.537476
2748.904297	1028.1698
2751.84668	1027.70874
2754.788086	1037.326416
2757.729492	1046.110596
2760.668945	1059.103882
2763.607422	1033.426514
2766.544922	1039.694824
2769.481445	1053.540771
2772.416016	1019.414429
2775.350586	1041.683716
2778.28418	1039.539185
2781.21582	1006.211975
2784.146484	1031.029419
2787.077148	1044.901245
2790.005859	1022.506165
2792.933594	1012.753723
2795.860352	1002.149658
2798.785156	1030.388306
2801.709961	1039.214966
2804.633789	1070.023071
2807.555664	1033.212646
2810.477539	1029.362061
2813.397461	1016.200989
2816.316406	1050.430542
2819.234375	1083.838257
2822.151367	1089.317261
2825.067383	1084.631592
2827.982422	1078.246826
2830.896484	1110.864746
2833.80957	1096.001465
2836.720703	1098.947754
2839.631836	1228.384888
2842.541016	1244.968994
2845.450195	1339.722412
2848.357422	1408.199463
2851.263672	1430.817505
2854.168945	1517.237061
2857.073242	1522.895264
2859.976563	1624.730347
2862.878906	1665.338501
2865.779297	1757.930298
2868.679688	1842.06897
2871.579102	1956.952515
2874.476563	2000.297363
2877.374023	2073.526855
2880.269531	2081.960938
2883.164063	2081.865234
2886.057617	2121.901367
2888.950195	2118.4021
2891.841797	2135.408203
2894.732422	2209.69873
2897.62207	2201.095459
2900.510742	2236.112793
2903.398438	2276.289551
2906.28418	2260.851318
2909.169922	2343.883545
2912.053711	2414.125732
2914.9375	2586.399902
2917.819336	2644.777588
2920.700195	2725.494873
2923.581055	2816.56543
2926.459961	2887.96167
2929.337891	2863.251953
2932.214844	2921.833008
2935.09082	3000.216553
2937.96582	2976.378174
2940.838867	2972.296875
2943.711914	2858.119141
2946.583984	2765.368164
2949.454102	2620.90625
2952.324219	2529.723389
2955.193359	2491.015869
2958.060547	2426.43042
2960.926758	2421.273438
2963.792969	2364.375244
2966.657227	2318.64917
2969.520508	2208.171875
2972.382813	2163.218506
2975.244141	2111.324219
2978.104492	2072.349365
2980.963867	2002.23645
2983.822266	1981.346924
2986.679688	1872.234985
2989.536133	1808.02832
2992.390625	1727.332397
2995.245117	1665.623657
2998.098633	1603.004028
3000.950195	1510.883545
3003.801758	1446.429077
3006.651367	1416.606079
3009.500977	1372.0177
3012.348633	1316.118408
3015.195313	1293.158569
3018.041992	1230.244507
3020.886719	1256.742065
3023.730469	1192.031494
3026.573242	1174.207642
3029.415039	1152.892944
3032.255859	1174.181152
3035.095703	1158.941162
3037.93457	1156.745728
3040.772461	1185.023071
3043.609375	1199.384155
3046.445313	1182.387573
3049.280273	1158.405518
3052.114258	1188.466797
3054.946289	1195.870605
3057.77832	1221.603394
3060.609375	1218.549194
3063.438477	1225.970825
3066.267578	1228.156494
3069.094727	1206.750244
3071.921875	1163.474976
3074.74707	1128.912964
3077.572266	1140.688354
3080.395508	1141.095825
3083.21875	1131.874146
3086.040039	1129.651245
3088.860352	1136.186646
3091.679688	1140.097412
3094.499023	1162.420166
3097.316406	1113.725586
3100.132813	1115
3102.948242	1136.459351
3105.762695	1152.666382
3108.576172	1102.141479
3111.388672	1099.02002
3114.201172	1095.017212
3117.011719	1094.527954
3119.821289	1087.881836
3122.629883	1106.744019
3125.436523	1113.298218
3128.243164	1111.93335
3131.048828	1144.914673
3133.853516	1121.53418
3136.657227	1115.763306
3139.459961	1124.094482
3142.261719	1142.13269
3145.0625	1120.481445
3147.861328	1105.875244
3150.660156	1095.672852
3153.458008	1102.244019
3156.254883	1108.81958
3159.049805	1085.349121
3161.844727	1134.361938
3164.638672	1117.074585
3167.430664	1101.544312
3170.222656	1088.658081
3173.013672	1095.241333
3175.802734	1081.45752
3178.591797	1070.321777
3181.379883	1130.971558
3184.166016	1096.791992
3186.952148	1099.840576
3189.737305	1111.763916
3192.520508	1088.19165
3195.303711	1099.230957
3198.084961	1107.613159
3200.866211	1112.054199
