399.363281	874.58075
403.25	868.601685
407.134766	828.265137
411.017578	845.171509
414.898438	821.343506
418.777344	796.857544
422.654297	815.68335
426.53125	816.036865
430.404297	794.067322
434.277344	796.963623
438.148438	800.500549
442.017578	807.233521
445.884766	804.388367
449.751953	777.890625
453.615234	801.247864
457.478516	800.954651
461.339844	795.540833
465.199219	804.208618
469.056641	773.168213
472.912109	817.079895
476.765625	782.171082
480.619141	792.77124
484.470703	774.504883
488.320313	799.233459
492.167969	789.302673
496.013672	780.005554
499.857422	829.193726
503.699219	802.542603
507.541016	771.364929
511.380859	818.681458
515.21875	800.361267
519.054688	794.908508
522.888672	802.339783
526.720703	811.711426
530.552734	790.130615
534.380859	818.863098
538.208984	801.785278
542.035156	806.005127
545.859375	790.198853
549.683594	800.880859
553.503906	768.244873
557.324219	784.748657
561.140625	753.371704
564.957031	751.752747
568.773438	766.326721
572.585938	771.192078
576.396484	744.941162
580.207031	735.531494
584.015625	717.677917
587.820313	746.549316
591.626953	758.559509
595.429688	753.037048
599.230469	737.759521
603.03125	710.11322
606.828125	733.837708
610.625	733.501099
614.419922	758.557739
618.214844	749.762756
622.005859	758.555359
625.796875	751.708313
629.583984	742.898438
633.371094	769.969238
637.15625	794.451782
640.941406	784.342041
644.722656	761.809814
648.503906	774.554199
652.283203	755.921509
656.060547	788.953735
659.835938	780.127869
663.609375	771.29425
667.382813	813.545044
671.152344	775.228882
674.921875	810.305542
678.689453	788.35144
682.455078	769.003052
686.220703	789.023438
689.982422	796.583313
693.744141	792.980591
697.503906	822.237854
701.261719	773.271973
705.017578	803.860962
708.773438	837.766235
712.525391	817.712646
716.277344	845.724243
720.027344	853.332153
723.775391	869.516174
727.523438	831.634399
731.267578	835.946411
735.011719	832.341003
738.753906	874.956482
742.494141	875.988525
746.232422	875.038452
749.970703	870.120178
753.707031	896.286438
757.439453	907.91626
761.171875	887.77832
764.904297	896.102295
768.632813	876.60437
772.361328	912.770691
776.087891	898.567993
779.8125	958.657227
783.535156	973.001038
787.255859	928.261353
790.976563	888.133484
794.695313	888.509155
798.412109	894.203613
802.126953	893.251465
805.839844	903.610046
809.552734	925.29364
813.263672	911.699463
816.972656	958.055237
820.679688	946.462402
824.384766	957.530884
828.089844	953.932556
831.791016	916.962524
835.492188	909.337646
839.193359	888.347412
842.890625	923.469055
846.587891	915.836426
850.28125	929.597961
853.974609	953.406738
857.666016	939.752258
861.357422	932.11261
865.044922	915.757507
868.732422	943.620667
872.417969	919.21051
876.101563	947.768738
879.785156	938.77301
883.464844	907.616089
887.144531	919.414856
890.822266	954.739075
894.5	907.41687
898.173828	934.695862
901.847656	908.852234
905.519531	895.100769
909.189453	904.22937
912.857422	905.956055
916.523438	882.751343
920.189453	891.885498
923.853516	886.864258
927.515625	870.36853
931.177734	924.732422
934.835938	892.031799
938.494141	886.325684
942.150391	873.85614
945.804688	857.319153
949.458984	860.383789
953.109375	885.104675
956.759766	888.859985
960.408203	914.290283
964.056641	913.317688
967.701172	883.197876
971.345703	872.71759
974.988281	871.047241
978.628906	882.27002
982.267578	898.933594
985.90625	888.441345
989.542969	882.017212
993.177734	894.621948
996.810547	899.756042
1000.443359	995.383606
1004.074219	1038.680298
1007.703125	920.630127
1011.330078	906.027161
1014.955078	913.220032
1018.580078	859.739197
1022.203125	878.51355
1025.824219	891.844421
1029.443359	892.898621
1033.0625	923.319336
1036.679688	916.871643
1040.294922	901.532898
1043.908203	867.035217
1047.519531	877.656982
1051.130859	880.075134
1054.740234	881.125793
1058.347656	912.313538
1061.953125	915.433594
1065.558594	919.241516
1069.162109	911.394165
1072.763672	894.621277
1076.363281	905.287964
1079.962891	928.322571
1083.560547	937.637817
1087.15625	926.344543
1090.75	912.979187
1094.34375	918.860107
1097.933594	921.305298
1101.523438	924.440674
1105.113281	931.710083
1108.699219	927.962769
1112.285156	893.198242
1115.869141	897.015625
1119.451172	925.667542
1123.03125	932.951355
1126.611328	943.002258
1130.189453	955.133118
1133.765625	893.346436
1137.341797	849.479431
1140.914063	852.596619
1144.486328	873.702148
1148.056641	849.841431
1151.626953	895.887024
1155.193359	891.408813
1158.759766	884.8479
1162.324219	876.894958
1165.888672	898.061462
1169.449219	923.407898
1173.009766	900.19104
1176.568359	919.309692
1180.125	895.376892
1183.681641	906.864746
1187.236328	868.307373
1190.789063	904.830688
1194.339844	891.983826
1197.890625	935.507141
1201.439453	940.070557
1204.986328	987.828918
1208.53125	963.843323
1212.076172	950.295898
1215.619141	983.469238
1219.160156	1017.367493
1222.699219	1067.348877
1226.238281	1060.804321
1229.775391	1061.240356
1233.310547	1089.633911
1236.84375	1058.616821
1240.376953	1090.529541
1243.908203	1058.786987
1247.4375	1061.322021
1250.964844	1049.851563
1254.492188	1086.716553
1258.017578	1045.806885
1261.541016	1049.040894
1265.064453	1063.501465
1268.583984	1047.796143
1272.103516	1044.71521
1275.623047	1057.083984
1279.138672	1049.78772
1282.654297	1027.723267
1286.167969	1082.997314
1289.679688	1095.400879
1293.191406	1095.849365
1296.701172	1108.971924
1300.208984	1126.331299
1303.714844	1116.926514
1307.220703	1180.126099
1310.722656	1177.787598
1314.226563	1193.085693
1317.726563	1168.163208
1321.226563	1138.2771
1324.724609	1166.998779
1328.220703	1162.528564
1331.714844	1188.455078
1335.208984	1200.256836
1338.701172	1184.472656
1342.191406	1168.675293
1345.681641	1133.036621
1349.169922	1100.202271
1352.65625	1111.990601
1356.140625	1100.390625
1359.625	1129.211426
1363.107422	1101.997437
1366.587891	1060.563477
1370.068359	1100.054932
1373.544922	1047.928833
1377.021484	1043.380249
1380.498047	1043.093994
1383.970703	1073.394287
1387.443359	1060.310303
1390.914063	1065.724976
1394.384766	1076.12915
1397.851563	1070.866821
1401.318359	1025.684448
1404.785156	1046.067139
1408.248047	1056.479126
1411.710938	1040.494507
1415.171875	1060.193359
1418.630859	1071.337158
1422.089844	1060.339844
1425.546875	1075.781128
1429.001953	1069.06665
1432.457031	1101.692627
1435.908203	1147.942627
1439.361328	1185.638306
1442.810547	1231.243042
1446.257813	1229.592407
1449.705078	1263.065186
1453.152344	1216.963623
1456.595703	1222.478394
1460.039063	1206.466187
1463.480469	1214.134521
1466.919922	1177.993286
1470.359375	1148.289551
1473.796875	1132.938965
1477.232422	1125.48645
1480.666016	1099.321899
1484.099609	1091.849121
1487.53125	1076.449707
1490.962891	1022.140076
1494.390625	993.007813
1497.818359	1003.501587
1501.246094	972.174133
1504.669922	999.261658
1508.09375	954.192871
1511.515625	957.466248
1514.935547	977.356323
1518.355469	1026.168335
1521.773438	972.361267
1525.189453	1030.612183
1528.605469	1007.874695
1532.019531	1005.38562
1535.431641	988.411987
1538.841797	1008.369019
1542.251953	1003.702209
1545.660156	1038.90564
1549.068359	1014.664429
1552.472656	1081.099609
1555.876953	1101.132935
1559.28125	1060.911255
1562.681641	1100.565918
1566.082031	1104.64209
1569.480469	1113.810547
1572.878906	1138.259766
1576.273438	1171.459839
1579.667969	1177.025757
1583.0625	1151.283325
1586.453125	1132.80481
1589.84375	1107.752075
1593.234375	1075.388184
1596.621094	1082.384033
1600.007813	1129.516602
1603.392578	1124.859863
1606.777344	1144.297363
1610.160156	1128.684204
1613.541016	1130.598145
1616.919922	1120.81543
1620.298828	1149.05835
1623.675781	1140.006348
1627.050781	1100.93457
1630.425781	1100.643066
1633.798828	1114.270142
1637.169922	1137.435425
1640.541016	1137.890503
1643.910156	1205.824829
1647.277344	1200.43689
1650.642578	1201.650879
1654.007813	1249.129639
1657.371094	1255.505859
1660.734375	1244.983398
1664.09375	1233.717041
1667.453125	1254.068848
1670.8125	1233.966553
1674.167969	1245.500854
1677.523438	1211.386841
1680.878906	1154.407593
1684.230469	1134.232178
1687.582031	1120.676147
1690.933594	1071.704956
1694.28125	1081.724487
1697.628906	1064.439575
1700.974609	1065.602173
1704.320313	1021.701172
1707.664063	1014.717529
1711.005859	1007.728088
1714.345703	1012.567078
1717.685547	996.691467
1721.023438	983.023682
1724.361328	952.312744
1727.695313	976.397644
1731.03125	980.491455
1734.363281	992.002319
1737.695313	987.94635
1741.025391	988.338867
1744.353516	960.524475
1747.681641	940.85614
1751.007813	972.430664
1754.332031	959.439575
1757.65625	936.772766
1760.978516	975.076477
1764.298828	952.397461
1767.619141	952.775146
1770.9375	939.004578
1774.253906	978.114075
1777.570313	955.399231
1780.884766	905.826843
1784.197266	934.527344
1787.509766	946.089417
1790.818359	947.210449
1794.128906	949.825623
1797.435547	941.984375
1800.742188	940.862549
1804.048828	965.905701
1807.351563	946.842346
1810.654297	964.425293
1813.955078	982.770386
1817.255859	965.187927
1820.554688	986.543701
1823.851563	974.194031
1827.148438	972.329773
1830.443359	981.71344
1833.736328	982.851257
1837.027344	956.218933
1840.318359	937.073914
1843.609375	965.236389
1846.896484	973.883118
1850.183594	941.941956
1853.46875	965.62677
1856.753906	950.208252
1860.037109	964.882813
1863.318359	983.333435
1866.599609	1022.888855
1869.878906	963.762939
1873.15625	977.711304
1876.433594	988.65387
1879.708984	958.111755
1882.982422	957.73407
1886.255859	970.945984
1889.527344	989.455322
1892.796875	983.043884
1896.066406	953.950073
1899.333984	946.006836
1902.599609	994.037903
1905.865234	970.967712
1909.128906	972.863281
1912.390625	985.363525
1915.652344	985.750305
1918.912109	953.543884
1922.169922	989.557312
1925.427734	996.772705
1928.683594	988.057129
1931.939453	992.240479
1935.191406	973.642639
1938.445313	942.873718
1941.695313	969.84552
1944.945313	997.598633
1948.193359	987.340088
1951.441406	946.634827
1954.6875	988.113403
1957.931641	967.176575
1961.173828	1010.218872
1964.416016	991.560303
1967.658203	996.522827
1970.896484	992.33606
1974.134766	1036.980713
1977.373047	1017.539063
1980.607422	971.354492
1983.84375	1000.763794
1987.076172	977.463196
1990.308594	1012.249146
1993.539063	996.582825
1996.767578	987.025024
1999.996094	1024.916504
2003.222656	1013.830383
2006.449219	1008.863647
2009.673828	987.799805
2012.896484	1005.817383
2016.119141	983.20166
2019.339844	986.653687
2022.558594	1018.506714
2025.777344	1019.671265
2028.994141	984.73468
2032.208984	1019.697083
2035.423828	996.263672
2038.636719	992.037231
2041.847656	1000.116455
2045.058594	998.196594
2048.267578	1037.850708
2051.476563	992.041138
2054.683594	1003.984497
2057.888672	1022.103516
2061.09375	1017.873962
2064.296875	1009.012329
2067.498047	997.828491
2070.699219	1019.832336
2073.898438	1022.545166
2077.097656	984.311279
2080.292969	1041.115967
2083.490234	1029.921631
2086.683594	1014.85083
2089.876953	1043.101563
2093.068359	1013.315552
2096.259766	1029.196533
2099.449219	1017.974609
2102.636719	1026.119141
2105.824219	1029.617798
2109.009766	1038.548218
2112.195313	1012.569153
2115.378906	1039.352417
2118.560547	1013.353027
2121.742188	1029.281372
2124.921875	1025.016724
2128.099609	1019.193787
2131.277344	1019.587769
2134.453125	1057.32666
2137.626953	1007.922852
2140.800781	1053.472168
2143.972656	1011.817383
2147.144531	1055.065186
2150.314453	1036.764038
2153.482422	1020.787903
2156.650391	1048.486084
2159.816406	1024.697388
2162.980469	1035.242065
2166.144531	1034.079224
2169.306641	1054.792358
2172.46875	1044.256104
2175.628906	1040.748901
2178.787109	1070.092407
2181.945313	1053.288818
2185.101563	1042.734741
2188.255859	1042.353027
2191.410156	1068.607666
2194.564453	1059.614014
2197.714844	1039.636597
2200.865234	1040.820801
2204.013672	1045.928833
2207.162109	1071.449219
2210.308594	1035.739624
2213.455078	1062.060791
2216.599609	1019.24707
2219.742188	1068.379883
2222.884766	1061.712036
2226.025391	1084.935547
2229.164063	1090.86145
2232.302734	1092.854736
2235.439453	1046.014282
2238.576172	1050.355347
2241.710938	1126.431641
2244.84375	1051.160889
2247.976563	1117.828857
2251.107422	1072.485229
2254.236328	1080.001343
2257.365234	1065.409302
2260.492188	1095.84021
2263.619141	1088.355957
2266.744141	1084.028442
2269.867188	1140.603271
2272.990234	1111.761963
2276.111328	1121.686279
2279.232422	1089.647461
2282.351563	1109.076782
2285.46875	1087.310669
2288.585938	1083.762207
2291.701172	1105.590088
2294.816406	1097.28479
2297.929688	1111.196899
2301.041016	1118.767212
2304.152344	1123.960205
2307.261719	1113.264404
2310.369141	1097.790527
2313.476563	1106.161499
2316.583984	1126.471558
2319.6875	1137.246948
2322.791016	1140.068726
2325.894531	1157.228394
2328.996094	1215.831543
2332.095703	1197.165527
2335.195313	1176.890259
2338.292969	1157.396851
2341.388672	1124.32312
2344.484375	1102.399658
2347.578125	1143.545776
2350.671875	1152.768311
2353.763672	1136.42395
2356.853516	1128.061768
2359.943359	1140.487183
2363.03125	1144.920898
2366.119141	1162.164063
2369.205078	1133.780518
2372.289063	1135.011963
2375.373047	1125.827271
2378.457031	1109.420776
2381.537109	1169.182983
2384.617188	1119.889282
2387.697266	1142.784424
2390.773438	1142.414917
2393.851563	1128.391724
2396.925781	1185.059448
2400	1161.396484
2403.074219	1154.599976
2406.146484	1192.037109
2409.216797	1141.795532
2412.286133	1180.060547
2415.355469	1192.585938
2418.421875	1143.897949
2421.488281	1176.565308
2424.553711	1197.164429
2427.617188	1221.811401
2430.679688	1204.524048
2433.741211	1194.487061
2436.801758	1174.753662
2439.861328	1173.581909
2442.918945	1186.953125
2445.976563	1182.551392
2449.032227	1207.256104
2452.086914	1174.546021
2455.140625	1166.087769
2458.192383	1181.098999
2461.243164	1190.452515
2464.293945	1194.952026
2467.342773	1244.028931
2470.390625	1187.745361
2473.436523	1188.192871
2476.482422	1191.074341
2479.526367	1223.177734
2482.569336	1227.69812
2485.611328	1153.430786
2488.652344	1205.869995
2491.692383	1217.703979
2494.730469	1189.700195
2497.768555	1182.82605
2500.804688	1184.084473
2503.839844	1206.510498
2506.873047	1219.994385
2509.90625	1193.566895
2512.938477	1253.512085
2515.96875	1225.446045
2518.998047	1230.799927
2522.026367	1223.918335
2525.053711	1207.236206
2528.079102	1206.055908
2531.104492	1244.083862
2534.12793	1238.830078
2537.150391	1224.579834
2540.171875	1216.860962
2543.192383	1215.680664
2546.211914	1217.772705
2549.230469	1219.047363
2552.24707	1245.712036
2555.262695	1264.203247
2558.277344	1245.824951
2561.291016	1263.509521
2564.303711	1246.75708
2567.31543	1234.915161
2570.325195	1239.480957
2573.333984	1253.903809
2576.341797	1270.801636
2579.348633	1281.137451
2582.354492	1260.241943
2585.359375	1259.067749
2588.363281	1231.566284
2591.365234	1236.140869
2594.366211	1258.831177
2597.366211	1243.6521
2600.365234	1244.115845
2603.363281	1279.197144
2606.360352	1245.043579
2609.355469	1242.20813
2612.350586	1274.851563
2615.34375	1257.991821
2618.335938	1263.414917
2621.327148	1268.015503
2624.317383	1236.258789
2627.306641	1234.238647
2630.293945	1276.047363
2633.280273	1269.076172
2636.266602	1276.168945
2639.250977	1278.299072
2642.234375	1255.583862
2645.216797	1296.648315
2648.197266	1313.706665
2651.177734	1265.274902
2654.157227	1249.15564
2657.134766	1250.448975
2660.111328	1269.174561
2663.086914	1274.627563
2666.061523	1263.470703
2669.035156	1298.840942
2672.007813	1292.671997
2674.978516	1298.140625
2677.949219	1333.562134
2680.917969	1279.129272
2683.885742	1281.268066
2686.852539	1290.903687
2689.818359	1262.221191
2692.783203	1312.695801
2695.74707	1281.498291
2698.708984	1274.465576
2701.670898	1272.433716
2704.630859	1349.695679
2707.589844	1283.394531
2710.547852	1332.31665
2713.504883	1359.548462
2716.460938	1302.371704
2719.416016	1323.758423
2722.369141	1345.160645
2725.322266	1349.841309
2728.273438	1368.756836
2731.223633	1339.950195
2734.173828	1323.688843
2737.12207	1363.566895
2740.069336	1362.392578
2743.014648	1370.442993
2745.959961	1330.675171
2748.904297	1365.577393
2751.84668	1319.900513
2754.788086	1350.624146
2757.729492	1351.961426
2760.668945	1385.240723
2763.607422	1352.115479
2766.544922	1324.853882
2769.481445	1392.65979
2772.416016	1356.132568
2775.350586	1332.209839
2778.28418	1341.96582
2781.21582	1334.874146
2784.146484	1341.265503
2787.077148	1314.770874
2790.005859	1332.970093
2792.933594	1287.885132
2795.860352	1295.111694
2798.785156	1304.032471
2801.709961	1307.045166
2804.633789	1296.536621
2807.555664	1323.222412
2810.477539	1327.090454
2813.397461	1330.114868
2816.316406	1334.834106
2819.234375	1345.483643
2822.151367	1386.634766
2825.067383	1383.752686
2827.982422	1396.973877
2830.896484	1387.308838
2833.80957	1396.29895
2836.720703	1468.94104
2839.631836	1508.527954
2842.541016	1596.549561
2845.450195	1646.405884
2848.357422	1790.631348
2851.263672	1855.896973
2854.168945	1933.966919
2857.073242	1915.955322
2859.976563	1976.230347
2862.878906	2040.805908
2865.779297	2098.614502
2868.679688	2198.213623
2871.579102	2306.408203
2874.476563	2366.080566
2877.374023	2373.765869
2880.269531	2420.706299
2883.164063	2405.369385
2886.057617	2514.687744
2888.950195	2519.019287
2891.841797	2402.868408
2894.732422	2487.513916
2897.62207	2524.333252
2900.510742	2526.106201
2903.398438	2578.368652
2906.28418	2613.547363
2909.169922	2701.846191
2912.053711	2703.683594
2914.9375	2878.634033
2917.819336	3001.415283
2920.700195	3022.229248
2923.581055	3088.527344
2926.459961	3224.389893
2929.337891	3164.601807
2932.214844	3258.505127
2935.09082	3318.968018
2937.96582	3277.196045
2940.838867	3185.525146
2943.711914	3104.108154
2946.583984	2942.613281
2949.454102	2861.04834
2952.324219	2719.151123
2955.193359	2695.155273
2958.060547	2626.335205
2960.926758	2588.495605
2963.792969	2566.14917
2966.657227	2510.144775
2969.520508	2455.825439
2972.382813	2379.885742
2975.244141	2330.659912
2978.104492	2298.675049
2980.963867	2223.458984
2983.822266	2165.477295
2986.679688	2149.827393
2989.536133	2039.006104
2992.390625	1998.201782
2995.245117	1916.679199
2998.098633	1812.580933
3000.950195	1762.119873
3003.801758	1743.687988
3006.651367	1687.963257
3009.500977	1609.649048
3012.348633	1563.378662
3015.195313	1549.186646
3018.041992	1539.325073
3020.886719	1480.819092
3023.730469	1480.4823
3026.573242	1427.127319
3029.415039	1457.20105
3032.255859	1448.156738
3035.095703	1447.806396
3037.93457	1383.917114
3040.772461	1419.241455
3043.609375	1429.331421
3046.445313	1442.913696
3049.280273	1425.126465
3052.114258	1480.569824
3054.946289	1488.950439
3057.77832	1540.092896
3060.609375	1479.542236
3063.438477	1526.351196
3066.267578	1502.438965
3069.094727	1478.509277
3071.921875	1447.569092
3074.74707	1475.19458
3077.572266	1409.239868
3080.395508	1405.368042
3083.21875	1385.736206
3086.040039	1392.36084
3088.860352	1368.32959
3091.679688	1394.231445
3094.499023	1420.151367
3097.316406	1358.394531
3100.132813	1383.442261
3102.948242	1354.0979
3105.762695	1344.923706
3108.576172	1355.06311
3111.388672	1343.246582
3114.201172	1362.180298
3117.011719	1354.753052
3119.821289	1358.75293
3122.629883	1376.831787
3125.436523	1348.278931
3128.243164	1383.093628
3131.048828	1332.504517
3133.853516	1359.408569
3136.657227	1379.280884
3139.459961	1333.043701
3142.261719	1338.808838
3145.0625	1337.519653
3147.861328	1360.941528
3150.660156	1330.523071
3153.458008	1338.943848
3156.254883	1359.739624
3159.049805	1323.984497
3161.844727	1354.514771
3164.638672	1366.492676
3167.430664	1366.091919
3170.222656	1330.287109
3173.013672	1344.924438
3175.802734	1329.457642
3178.591797	1353.850708
3181.379883	1303.808105
3184.166016	1298.062622
3186.952148	1319.808716
3189.737305	1312.289673
3192.520508	1321.629272
3195.303711	1286.579712
3198.084961	1291.475098
3200.866211	1340.327393
