399.363281	1042.378174
403.25	1005.314209
407.134766	979.668396
411.017578	1002.368286
414.898438	984.975464
418.777344	972.663086
422.654297	949.506409
426.53125	962.668518
430.404297	983.495422
434.277344	946.274658
438.148438	957.53656
442.017578	942.623901
445.884766	964.115967
449.751953	920.429321
453.615234	948.324463
457.478516	944.896179
461.339844	935.064514
465.199219	927.785217
469.056641	933.951355
472.912109	923.46051
476.765625	954.633362
480.619141	937.086426
484.470703	931.074219
488.320313	939.821533
492.167969	928.024719
496.013672	942.560242
499.857422	944.25238
503.699219	949.804077
507.541016	957.933594
511.380859	962.851807
515.21875	946.525391
519.054688	979.141724
522.888672	973.763367
526.720703	971.603699
530.552734	933.966675
534.380859	959.534607
538.208984	978.023071
542.035156	959.068604
545.859375	932.990295
549.683594	965.71106
553.503906	955.779358
557.324219	951.661438
561.140625	950.775757
564.957031	945.356567
568.773438	941.227966
572.585938	916.357666
576.396484	906.377502
580.207031	910.65802
584.015625	890.932922
587.820313	908.193481
591.626953	926.767456
595.429688	903.124695
599.230469	909.361755
603.03125	860.979797
606.828125	905.586975
610.625	916.388245
614.419922	917.431641
618.214844	923.035461
622.005859	937.115662
625.796875	921.217529
629.583984	909.218994
633.371094	912.8703
637.15625	934.149963
640.941406	963.284363
644.722656	961.08252
648.503906	917.699646
652.283203	939.016663
656.060547	937.454956
659.835938	894.660034
663.609375	935.63623
667.382813	912.454346
671.152344	935.123901
674.921875	986.658447
678.689453	975.92926
682.455078	940.913269
686.220703	943.283447
689.982422	966.669922
693.744141	961.168701
697.503906	976.695007
701.261719	979.083313
705.017578	988.051697
708.773438	975.968018
712.525391	984.942139
716.277344	1016.976807
720.027344	1020.703857
723.775391	1066.624146
727.523438	1040.697144
731.267578	1025.964233
735.011719	1009.898315
738.753906	1047.966675
742.494141	1065.587769
746.232422	1051.500122
749.970703	1063.847534
753.707031	1046.439209
757.439453	1056.147461
761.171875	1049.974976
764.904297	1068.302246
768.632813	1058.816162
772.361328	1107.654175
776.087891	1137.965088
779.8125	1146.408081
783.535156	1126.318359
787.255859	1128.786987
790.976563	1114.650635
794.695313	1063.286987
798.412109	1106.286133
802.126953	1081.479492
805.839844	1093.913818
809.552734	1095.041748
813.263672	1112.819458
816.972656	1109.958252
820.679688	1139.754028
824.384766	1125.565552
828.089844	1139.382324
831.791016	1123.178955
835.492188	1097.614624
839.193359	1092.066162
842.890625	1124.60083
846.587891	1114.37915
850.28125	1106.154663
853.974609	1159.476318
857.666016	1111.103027
861.357422	1143.043213
865.044922	1086.582764
868.732422	1083.689331
872.417969	1107.611816
876.101563	1085.943115
879.785156	1092.439209
883.464844	1094.912598
887.144531	1095.373047
890.822266	1071.645874
894.5	1111.081543
898.173828	1099.444458
901.847656	1119.415283
905.519531	1097.003174
909.189453	1114.96936
912.857422	1112.069458
916.523438	1085.581909
920.189453	1102.216797
923.853516	1099.307007
927.515625	1085.599243
931.177734	1088.754272
934.835938	1083.133301
938.494141	1090.342651
942.150391	1074.579468
945.804688	1031.081787
949.458984	1086.978516
953.109375	1107.057495
956.759766	1077.734253
960.408203	1094.439331
964.056641	1081.346436
967.701172	1093.999512
971.345703	1102.594238
974.988281	1108.4823
978.628906	1091.300171
982.267578	1079.535034
985.90625	1075.231323
989.542969	1118.490234
993.177734	1096.523804
996.810547	1109.223145
1000.443359	1222.627686
1004.074219	1229.944458
1007.703125	1121.507202
1011.330078	1115.16272
1014.955078	1101.997559
1018.580078	1084.730347
1022.203125	1087.910767
1025.824219	1065.163818
1029.443359	1119.536499
1033.0625	1092.685547
1036.679688	1083.575562
1040.294922	1070.356689
1043.908203	1093.366943
1047.519531	1130.761475
1051.130859	1097.69873
1054.740234	1082.408569
1058.347656	1117.789551
1061.953125	1140.180786
1065.558594	1150.251465
1069.162109	1142.500122
1072.763672	1146.405029
1076.363281	1146.881104
1079.962891	1181.002075
1083.560547	1176.68396
1087.15625	1181.982666
1090.75	1152.911255
1094.34375	1135.507446
1097.933594	1186.206421
1101.523438	1184.633179
1105.113281	1165.842773
1108.699219	1168.392578
1112.285156	1110.984253
1115.869141	1090.070435
1119.451172	1158.119141
1123.03125	1200.001709
1126.611328	1202.569458
1130.189453	1183.039063
1133.765625	1105.455688
1137.341797	1130.104858
1140.914063	1100.838501
1144.486328	1110.978394
1148.056641	1102.440918
1151.626953	1116.743286
1155.193359	1088.11438
1158.759766	1094.800049
1162.324219	1099.411377
1165.888672	1109.573975
1169.449219	1149.576904
1173.009766	1203.493652
1176.568359	1157.469238
1180.125	1113.490356
1183.681641	1138.271606
1187.236328	1120.665649
1190.789063	1103.740356
1194.339844	1103.499512
1197.890625	1137.365112
1201.439453	1179.614502
1204.986328	1207.965698
1208.53125	1210.553833
1212.076172	1247.306885
1215.619141	1278.51001
1219.160156	1283.222778
1222.699219	1290.731323
1226.238281	1292.658813
1229.775391	1302.971313
1233.310547	1309.098267
1236.84375	1340.401855
1240.376953	1345.849121
1243.908203	1331.00647
1247.4375	1340.654175
1250.964844	1339.103394
1254.492188	1320.735474
1258.017578	1316.37085
1261.541016	1315.508423
1265.064453	1336.39209
1268.583984	1348.87085
1272.103516	1293.958496
1275.623047	1251.643555
1279.138672	1290.803345
1282.654297	1308.906128
1286.167969	1324.913574
1289.679688	1340.93396
1293.191406	1406.938354
1296.701172	1401.177246
1300.208984	1421.473755
1303.714844	1447.424072
1307.220703	1435.326538
1310.722656	1485.987183
1314.226563	1480.950317
1317.726563	1439.911133
1321.226563	1446.854736
1324.724609	1419.189209
1328.220703	1449.450562
1331.714844	1471.959229
1335.208984	1496.607788
1338.701172	1480.94458
1342.191406	1436.953857
1345.681641	1420.544678
1349.169922	1402.704712
1352.65625	1359.335815
1356.140625	1383.287476
1359.625	1344.839722
1363.107422	1345.387817
1366.587891	1369.362061
1370.068359	1341.513062
1373.544922	1340.638428
1377.021484	1334.787598
1380.498047	1331.064697
1383.970703	1347.966919
1387.443359	1334.994629
1390.914063	1354.047241
1394.384766	1362.432129
1397.851563	1315.249512
1401.318359	1300.103149
1404.785156	1327.728027
1408.248047	1310.433594
1411.710938	1304.543091
1415.171875	1320.065552
1418.630859	1312.030884
1422.089844	1334.713501
1425.546875	1313.096191
1429.001953	1363.685669
1432.457031	1404.300415
1435.908203	1447.094849
1439.361328	1462.000854
1442.810547	1529.921631
1446.257813	1506.179077
1449.705078	1547.649048
1453.152344	1513.136841
1456.595703	1522.358643
1460.039063	1485.654297
1463.480469	1483.383789
1466.919922	1460.998901
1470.359375	1424.223999
1473.796875	1418.330322
1477.232422	1385.822632
1480.666016	1371.994019
1484.099609	1370.389404
1487.53125	1373.103394
1490.962891	1312.430786
1494.390625	1280.533325
1497.818359	1252.935181
1501.246094	1255.604736
1504.669922	1238.795898
1508.09375	1227.747437
1511.515625	1215.967651
1514.935547	1251.131592
1518.355469	1227.788696
1521.773438	1233.344482
1525.189453	1238.904297
1528.605469	1273.409546
1532.019531	1243.522339
1535.431641	1246.9198
1538.841797	1280.744507
1542.251953	1267.491089
1545.660156	1261.476563
1549.068359	1359.896973
1552.472656	1334.323608
1555.876953	1357.362183
1559.28125	1355.729736
1562.681641	1364.99231
1566.082031	1367.721436
1569.480469	1414.801147
1572.878906	1424.097534
1576.273438	1417.393677
1579.667969	1462.365356
1583.0625	1471.69104
1586.453125	1423.473022
1589.84375	1391.249146
1593.234375	1377.225952
1596.621094	1373.402344
1600.007813	1376.871948
1603.392578	1379.614014
1606.777344	1410.837524
1610.160156	1382.181519
1613.541016	1378.350464
1616.919922	1392.794189
1620.298828	1380.917969
1623.675781	1376.349121
1627.050781	1360.064087
1630.425781	1378.183716
1633.798828	1372.14209
1637.169922	1371.225342
1640.541016	1392.302856
1643.910156	1438.334839
1647.277344	1455.786621
1650.642578	1486.464966
1654.007813	1478.981201
1657.371094	1533.201172
1660.734375	1500.741577
1664.09375	1511.634155
1667.453125	1523.270752
1670.8125	1487.82373
1674.167969	1514.181519
1677.523438	1455.136963
1680.878906	1434.353271
1684.230469	1443.769287
1687.582031	1379.463745
1690.933594	1359.361572
1694.28125	1330.388306
1697.628906	1292.533813
1700.974609	1279.756348
1704.320313	1220.42688
1707.664063	1248.996826
1711.005859	1229.531738
1714.345703	1222.624756
1717.685547	1186.114624
1721.023438	1201.391113
1724.361328	1214.458008
1727.695313	1227.53479
1731.03125	1187.261719
1734.363281	1188.475098
1737.695313	1156.312622
1741.025391	1193.871826
1744.353516	1183.953979
1747.681641	1164.37439
1751.007813	1152.950684
1754.332031	1183.135376
1757.65625	1155.353027
1760.978516	1154.323975
1764.298828	1166.68689
1767.619141	1165.660889
1770.9375	1140.060303
1774.253906	1156.156128
1777.570313	1175.245361
1780.884766	1147.380737
1784.197266	1182.889404
1787.509766	1139.336304
1790.818359	1159.194458
1794.128906	1167.120605
1797.435547	1177.293701
1800.742188	1188.221924
1804.048828	1170.749512
1807.351563	1212.347168
1810.654297	1182.898682
1813.955078	1160.163086
1817.255859	1171.104614
1820.554688	1141.604126
1823.851563	1185.519165
1827.148438	1191.235229
1830.443359	1160.956787
1833.736328	1160.664795
1837.027344	1178.385986
1840.318359	1120.283813
1843.609375	1183.822998
1846.896484	1176.024048
1850.183594	1182.501831
1853.46875	1179.959839
1856.753906	1203.747559
1860.037109	1177.126953
1863.318359	1187.378906
1866.599609	1193.872437
1869.878906	1155.15918
1873.15625	1191.043823
1876.433594	1176.430176
1879.708984	1167.84021
1882.982422	1175.846802
1886.255859	1174.799316
1889.527344	1174.506104
1892.796875	1156.833374
1896.066406	1184.50061
1899.333984	1199.333984
1902.599609	1169.545288
1905.865234	1143.516968
1909.128906	1161.37915
1912.390625	1190.615967
1915.652344	1191.841064
1918.912109	1203.678589
1922.169922	1177.611084
1925.427734	1165.177246
1928.683594	1174.740723
1931.939453	1141.038574
1935.191406	1183.256836
1938.445313	1166.24585
1941.695313	1156.822021
1944.945313	1164.878906
1948.193359	1195.000977
1951.441406	1195.468872
1954.6875	1199.743286
1957.931641	1202.497437
1961.173828	1179.350586
1964.416016	1151.612305
1967.658203	1218.395996
1970.896484	1218.109619
1974.134766	1169.750854
1977.373047	1202.268677
1980.607422	1163.028931
1983.84375	1168.067017
1987.076172	1173.872925
1990.308594	1196.50293
1993.539063	1191.616211
1996.767578	1195.141968
1999.996094	1176.472534
2003.222656	1179.228638
2006.449219	1188.881104
2009.673828	1180.148682
2012.896484	1154.543457
2016.119141	1214.046997
2019.339844	1206.080566
2022.558594	1198.875244
2025.777344	1190.896118
2028.994141	1162.171265
2032.208984	1190.286987
2035.423828	1218.424316
2038.636719	1179.678345
2041.847656	1186.291992
2045.058594	1188.292603
2048.267578	1167.197021
2051.476563	1203.080933
2054.683594	1194.302368
2057.888672	1212.495361
2061.09375	1207.568604
2064.296875	1215.751831
2067.498047	1186.127075
2070.699219	1210.520142
2073.898438	1208.673096
2077.097656	1179.782837
2080.292969	1197.244751
2083.490234	1166.007446
2086.683594	1207.455811
2089.876953	1210.245483
2093.068359	1144.140869
2096.259766	1183.304932
2099.449219	1213.202637
2102.636719	1215.997681
2105.824219	1191.658569
2109.009766	1206.856689
2112.195313	1222.066284
2115.378906	1191.490601
2118.560547	1237.766113
2121.742188	1214.163574
2124.921875	1207.63916
2128.099609	1196.444824
2131.277344	1226.460693
2134.453125	1220.710571
2137.626953	1193.16272
2140.800781	1162.478882
2143.972656	1168.380371
2147.144531	1178.961304
2150.314453	1168.503174
2153.482422	1218.083008
2156.650391	1186.567993
2159.816406	1177.660645
2162.980469	1207.001709
2166.144531	1219.963501
2169.306641	1218.089844
2172.46875	1199.800293
2175.628906	1207.299927
2178.787109	1223.409668
2181.945313	1195.709717
2185.101563	1194.604492
2188.255859	1209.160767
2191.410156	1202.575317
2194.564453	1202.254272
2197.714844	1205.853027
2200.865234	1240.043457
2204.013672	1218.550293
2207.162109	1191.545654
2210.308594	1219.487305
2213.455078	1202.673828
2216.599609	1218.852905
2219.742188	1199.667236
2222.884766	1218.216309
2226.025391	1221.044312
2229.164063	1229.383545
2232.302734	1201.510254
2235.439453	1196.457642
2238.576172	1217.403564
2241.710938	1236.000488
2244.84375	1241.205811
2247.976563	1198.293579
2251.107422	1225.584717
2254.236328	1252.106812
2257.365234	1232.842041
2260.492188	1268.077637
2263.619141	1232.205444
2266.744141	1233.467773
2269.867188	1265.579224
2272.990234	1239.950928
2276.111328	1201.637085
2279.232422	1247.234619
2282.351563	1238.997192
2285.46875	1187.958252
2288.585938	1239.151611
2291.701172	1188.07312
2294.816406	1241.685303
2297.929688	1204.85498
2301.041016	1230.723389
2304.152344	1223.25
2307.261719	1221.332886
2310.369141	1221.003906
2313.476563	1250.892944
2316.583984	1195.682739
2319.6875	1188.180298
2322.791016	1253.120239
2325.894531	1358.727905
2328.996094	1327.375732
2332.095703	1292.811157
2335.195313	1246.259766
2338.292969	1230.781128
2341.388672	1224.865845
2344.484375	1210.963257
2347.578125	1202.639648
2350.671875	1237.448486
2353.763672	1253.103271
2356.853516	1197.616211
2359.943359	1275.650146
2363.03125	1220.928955
2366.119141	1231.797852
2369.205078	1265.093994
2372.289063	1205.499634
2375.373047	1243.618408
2378.457031	1242.487183
2381.537109	1233.335693
2384.617188	1177.648682
2387.697266	1231.061401
2390.773438	1238.75354
2393.851563	1235.20752
2396.925781	1248.530518
2400	1240.162476
2403.074219	1236.612061
2406.146484	1252.362793
2409.216797	1244.790527
2412.286133	1250.896362
2415.355469	1276.332764
2418.421875	1292.121338
2421.488281	1273.269287
2424.553711	1255.208862
2427.617188	1250.844482
2430.679688	1268.259766
2433.741211	1260.668091
2436.801758	1286.980957
2439.861328	1265.659302
2442.918945	1260.481201
2445.976563	1294.097656
2449.032227	1278.413818
2452.086914	1297.501343
2455.140625	1306.892212
2458.192383	1290.385132
2461.243164	1265.766846
2464.293945	1261.383301
2467.342773	1229.44104
2470.390625	1269.630859
2473.436523	1234.422852
2476.482422	1296.551025
2479.526367	1276.747559
2482.569336	1256.928955
2485.611328	1281.770264
2488.652344	1241.623535
2491.692383	1281.109131
2494.730469	1261.26123
2497.768555	1251.159912
2500.804688	1262.209717
2503.839844	1294.434326
2506.873047	1270.488159
2509.90625	1237.56189
2512.938477	1313.824219
2515.96875	1299.641479
2518.998047	1329.49231
2522.026367	1292.457764
2525.053711	1271.720093
2528.079102	1281.995728
2531.104492	1307.799316
2534.12793	1333.621826
2537.150391	1298.15271
2540.171875	1297.003662
2543.192383	1279.491577
2546.211914	1277.515625
2549.230469	1306.64856
2552.24707	1289.119507
2555.262695	1317.45874
2558.277344	1307.296631
2561.291016	1308.605591
2564.303711	1297.611694
2567.31543	1330.098022
2570.325195	1301.044678
2573.333984	1303.994263
2576.341797	1294.624023
2579.348633	1310.721191
2582.354492	1285.726318
2585.359375	1315.812134
2588.363281	1326.175537
2591.365234	1358.767334
2594.366211	1308.22937
2597.366211	1320.247925
2600.365234	1314.972778
2603.363281	1322.881104
2606.360352	1294.515503
2609.355469	1339.539185
2612.350586	1362.317139
2615.34375	1321.55188
2618.335938	1341.036377
2621.327148	1322.536011
2624.317383	1327.98645
2627.306641	1321.867188
2630.293945	1353.784546
2633.280273	1326.987061
2636.266602	1353.13623
2639.250977	1345.360107
2642.234375	1349.172974
2645.216797	1348.845703
2648.197266	1409.022949
2651.177734	1361.455811
2654.157227	1353.666626
2657.134766	1340.06311
2660.111328	1347.200928
2663.086914	1371.781616
2666.061523	1360.660767
2669.035156	1404.376953
2672.007813	1374.139404
2674.978516	1354.690063
2677.949219	1346.872803
2680.917969	1378.164063
2683.885742	1342.875488
2686.852539	1350.0354
2689.818359	1345.536133
2692.783203	1406.876465
2695.74707	1377.381348
2698.708984	1397.074585
2701.670898	1411.775635
2704.630859	1388.091431
2707.589844	1415.324463
2710.547852	1440.071411
2713.504883	1446.452637
2716.460938	1418.565308
2719.416016	1445.012329
2722.369141	1435.507202
2725.322266	1452.774048
2728.273438	1441.589722
2731.223633	1496.556885
2734.173828	1495.433228
2737.12207	1451.565918
2740.069336	1429.464233
2743.014648	1449.281128
2745.959961	1415.415527
2748.904297	1415.097412
2751.84668	1414.778809
2754.788086	1414.459717
2757.729492	1432.625488
2760.668945	1426.427979
2763.607422	1423.589233
2766.544922	1416.542114
2769.481445	1406.123535
2772.416016	1387.279053
2775.350586	1410.525635
2778.28418	1426.207275
2781.21582	1462.96814
2784.146484	1419.667603
2787.077148	1378.864868
2790.005859	1389.494751
2792.933594	1390.004517
2795.860352	1413.309692
2798.785156	1396.936279
2801.709961	1418.570679
2804.633789	1374.295044
2807.555664	1410.309937
2810.477539	1424.359741
2813.397461	1461.264893
2816.316406	1423.710083
2819.234375	1462.334961
2822.151367	1445.081787
2825.067383	1451.542114
2827.982422	1470.721924
2830.896484	1493.307373
2833.80957	1542.206299
2836.720703	1573.319824
2839.631836	1629.92334
2842.541016	1712.044678
2845.450195	1828.207153
2848.357422	2011.592041
2851.263672	2079.48877
2854.168945	2096.406494
2857.073242	2138.859619
2859.976563	2201.769287
2862.878906	2222.154297
2865.779297	2330.279785
2868.679688	2446.151855
2871.579102	2531.423828
2874.476563	2654.273682
2877.374023	2709.829102
2880.269531	2786.755859
2883.164063	2728.02002
2886.057617	2762.314209
2888.950195	2816.279053
2891.841797	2830.12085
2894.732422	2793.537842
2897.62207	2803.959717
2900.510742	2833.208008
2903.398438	2901.841309
2906.28418	2968.811768
2909.169922	3068.372314
2912.053711	3108.893555
2914.9375	3219.716553
2917.819336	3333.191406
2920.700195	3440.744385
2923.581055	3564.675293
2926.459961	3605.446289
2929.337891	3620.48999
2932.214844	3630.390381
2935.09082	3670.36792
2937.96582	3663.102295
2940.838867	3640.354492
2943.711914	3509.216309
2946.583984	3335.822266
2949.454102	3203.616699
2952.324219	3069.592773
2955.193359	3005.240234
2958.060547	2990.81665
2960.926758	2903.114502
2963.792969	2858.462402
2966.657227	2797.388184
2969.520508	2791.495117
2972.382813	2670.789307
2975.244141	2616.487549
2978.104492	2542.277588
2980.963867	2475.790771
2983.822266	2400.611084
2986.679688	2373.803711
2989.536133	2218.078857
2992.390625	2230.993408
2995.245117	2103.672363
2998.098633	2015.229736
3000.950195	1949.247681
3003.801758	1904.01709
3006.651367	1805.869263
3009.500977	1808.253418
3012.348633	1703.926636
3015.195313	1670.691406
3018.041992	1658.268921
3020.886719	1636.283447
3023.730469	1602.118164
3026.573242	1607.908325
3029.415039	1583.271606
3032.255859	1567.314453
3035.095703	1555.695801
3037.93457	1529.271851
3040.772461	1564.648315
3043.609375	1580.016602
3046.445313	1529.174805
3049.280273	1564.588379
3052.114258	1591.307373
3054.946289	1603.216675
3057.77832	1644.801758
3060.609375	1642.771851
3063.438477	1622.403076
3066.267578	1643.074219
3069.094727	1601.718506
3071.921875	1569.94812
3074.74707	1499.679077
3077.572266	1526.457886
3080.395508	1506.876587
3083.21875	1526.67334
3086.040039	1463.29248
3088.860352	1490.971191
3091.679688	1494.132324
3094.499023	1471.872925
3097.316406	1490.813843
3100.132813	1443.096069
3102.948242	1400.609375
3105.762695	1463.438599
3108.576172	1464.838135
3111.388672	1474.145142
3114.201172	1450.941772
3117.011719	1469.041016
3119.821289	1451.974854
3122.629883	1508.796387
3125.436523	1447.727661
3128.243164	1440.31897
3131.048828	1454.041626
3133.853516	1436.93811
3136.657227	1470.057861
3139.459961	1466.171753
3142.261719	1471.984253
3145.0625	1465.448608
3147.861328	1420.957031
3150.660156	1457.659912
3153.458008	1425.498291
3156.254883	1460.46106
3159.049805	1443.302124
3161.844727	1480.947876
3164.638672	1439.018555
3167.430664	1463.417114
3170.222656	1466.590576
3173.013672	1469.765991
3175.802734	1416.257568
3178.591797	1414.986694
3181.379883	1443.850098
3184.166016	1417.760986
3186.952148	1474.141235
3189.737305	1456.916504
3192.520508	1441.45459
3195.303711	1433.972534
3198.084961	1438.920044
3200.866211	1439.808228
