399.363281	897.462219
403.25	849.525513
407.134766	874.06781
411.017578	873.174194
414.898438	887.560303
418.777344	846.541748
422.654297	837.987183
426.53125	843.450623
430.404297	840.627075
434.277344	849.924377
438.148438	826.034851
442.017578	814.258484
445.884766	819.722229
449.751953	858.428162
453.615234	809.560852
457.478516	836.140381
461.339844	817.301453
465.199219	804.848877
469.056641	798.791016
472.912109	808.748901
476.765625	798.199158
480.619141	788.922852
484.470703	834.180908
488.320313	792.171997
492.167969	825.909851
496.013672	817.271057
499.857422	836.264343
503.699219	820.548401
507.541016	809.322021
511.380859	821.899536
515.21875	828.692627
519.054688	854.816528
522.888672	851.317932
526.720703	830.408508
530.552734	837.860962
534.380859	829.187561
538.208984	829.544312
542.035156	823.442749
545.859375	804.413391
549.683594	836.432434
553.503906	807.691772
557.324219	813.861389
561.140625	792.205261
564.957031	797.078003
568.773438	786.407959
572.585938	773.784302
576.396484	782.5448
580.207031	782.231934
584.015625	778.674072
587.820313	779.657166
591.626953	767.651794
595.429688	758.234863
599.230469	774.809998
603.03125	785.546509
606.828125	770.919922
610.625	779.710999
614.419922	767.022339
618.214844	796.012207
622.005859	812.644836
625.796875	815.600281
629.583984	794.425232
633.371094	784.977112
637.15625	783.354248
640.941406	794.79126
644.722656	795.78418
648.503906	790.241333
652.283203	806.926575
656.060547	815.121338
659.835938	802.379822
663.609375	788.972473
667.382813	829.920776
671.152344	814.547363
674.921875	822.106079
678.689453	814.586121
682.455078	816.245544
686.220703	819.875427
689.982422	827.448425
693.744141	800.864441
697.503906	811.721619
701.261719	830.478333
705.017578	832.1474
708.773438	881.201111
712.525391	858.532471
716.277344	854.945496
720.027344	873.100464
723.775391	866.879272
727.523438	865.269104
731.267578	859.698608
735.011719	854.783203
738.753906	868.353027
742.494141	854.848511
746.232422	875.699341
749.970703	884.005127
753.707031	916.791931
757.439453	914.533691
761.171875	932.796143
764.904297	893.453064
768.632813	893.169067
772.361328	922.713745
776.087891	941.672729
779.8125	963.964661
783.535156	953.089661
787.255859	932.2453
790.976563	957.882141
794.695313	936.357056
798.412109	913.483826
802.126953	924.511963
805.839844	933.552917
809.552734	920.633911
813.263672	943.665527
816.972656	947.395325
820.679688	961.125916
824.384766	964.198914
828.089844	949.262939
831.791016	950.330872
835.492188	942.052429
839.193359	928.423218
842.890625	926.141907
846.587891	910.488525
850.28125	954.342651
853.974609	939.356506
857.666016	942.429626
861.357422	922.737915
865.044922	928.485718
868.732422	922.174744
872.417969	915.858154
876.101563	915.572815
879.785156	906.563538
883.464844	934.468689
887.144531	965.755005
890.822266	933.910828
894.5	938.336304
898.173828	923.264343
901.847656	929.706726
905.519531	922.021057
909.189453	908.942383
912.857422	878.339539
916.523438	921.834961
920.189453	903.345825
923.853516	896.306152
927.515625	877.790283
931.177734	882.208252
934.835938	867.046814
938.494141	903.214478
942.150391	904.94458
945.804688	876.926636
949.458984	892.851074
953.109375	882.397949
956.759766	889.536987
960.408203	876.364136
964.056641	898.411926
967.701172	879.130981
971.345703	922.897156
974.988281	859.514709
978.628906	891.771423
982.267578	894.859863
985.90625	903.384521
989.542969	898.325684
993.177734	910.257446
996.810547	896.355652
1000.443359	944.355774
1004.074219	1011.454041
1007.703125	943.101074
1011.330078	903.983459
1014.955078	883.915222
1018.580078	887.010864
1022.203125	896.929565
1025.824219	857.72644
1029.443359	884.706848
1033.0625	912.392456
1036.679688	888.859924
1040.294922	926.138794
1043.908203	899.172974
1047.519531	883.129517
1051.130859	891.024719
1054.740234	911.934387
1058.347656	876.697693
1061.953125	917.489197
1065.558594	893.192871
1069.162109	900.421753
1072.763672	916.575134
1076.363281	933.42804
1079.962891	913.216736
1083.560547	906.726685
1087.15625	927.718933
1090.75	934.978699
1094.34375	932.615479
1097.933594	940.570862
1101.523438	932.01239
1105.113281	909.674072
1108.699219	933.47406
1112.285156	909.738953
1115.869141	901.84198
1119.451172	925.667542
1123.03125	943.992188
1126.611328	945.073242
1130.189453	921.292542
1133.765625	892.655518
1137.341797	899.936707
1140.914063	893.394043
1144.486328	885.462219
1148.056641	868.526855
1151.626953	904.887451
1155.193359	883.789917
1158.759766	880.69043
1162.324219	900.463623
1165.888672	907.076782
1169.449219	923.407898
1173.009766	927.259277
1176.568359	921.3927
1180.125	894.682251
1183.681641	870.034241
1187.236328	896.115417
1190.789063	918.044922
1194.339844	910.073975
1197.890625	923.674072
1201.439453	916.394714
1204.986328	964.839966
1208.53125	974.29718
1212.076172	965.63446
1215.619141	965.334351
1219.160156	969.918213
1222.699219	1022.672424
1226.238281	1039.155151
1229.775391	1020.719055
1233.310547	1046.300171
1236.84375	1071.202759
1240.376953	1059.751221
1243.908203	1056.687622
1247.4375	1070.423096
1250.964844	1063.858887
1254.492188	1043.976563
1258.017578	1011.460632
1261.541016	1033.61377
1265.064453	1024.917969
1268.583984	1031.654541
1272.103516	1008.20636
1275.623047	1033.905396
1279.138672	1002.708923
1282.654297	1021.396667
1286.167969	1051.351318
1289.679688	1062.334839
1293.191406	1114.852539
1296.701172	1127.278809
1300.208984	1122.809326
1303.714844	1128.201538
1307.220703	1131.48291
1310.722656	1122.777222
1314.226563	1137.34729
1317.726563	1140.635498
1321.226563	1135.452637
1324.724609	1146.512817
1328.220703	1118.006226
1331.714844	1153.105469
1335.208984	1145.088867
1338.701172	1172.44397
1342.191406	1138.237305
1345.681641	1104.002563
1349.169922	1115.787842
1352.65625	1084.35022
1356.140625	1080.53833
1359.625	1083.815918
1363.107422	1074.323364
1366.587891	1048.495483
1370.068359	1068.097168
1373.544922	1074.21582
1377.021484	1050.487793
1380.498047	1048.782227
1383.970703	1056.322388
1387.443359	1048.924316
1390.914063	1054.334473
1394.384766	1078.977905
1397.851563	1068.016846
1401.318359	1010.716125
1404.785156	1043.214844
1408.248047	1029.371582
1411.710938	1025.507935
1415.171875	1048.056396
1418.630859	1008.485352
1422.089844	1064.626953
1425.546875	1070.062622
1429.001953	1093.379883
1432.457031	1085.954224
1435.908203	1125.756714
1439.361328	1165.591309
1442.810547	1195.430298
1446.257813	1142.890381
1449.705078	1235.825317
1453.152344	1211.226563
1456.595703	1209.564941
1460.039063	1176.32251
1463.480469	1193.312622
1466.919922	1175.120117
1470.359375	1126.013672
1473.796875	1125.031494
1477.232422	1119.014038
1480.666016	1067.666016
1484.099609	1093.288574
1487.53125	1096.610718
1490.962891	1039.427856
1494.390625	1029.759155
1497.818359	986.199829
1501.246094	1010.397583
1504.669922	1024.513794
1508.09375	1002.552124
1511.515625	970.463501
1514.935547	993.248291
1518.355469	997.984802
1521.773438	999.833191
1525.189453	1025.549561
1528.605469	1004.980591
1532.019531	1026.376343
1535.431641	990.584351
1538.841797	1017.061829
1542.251953	1033.414673
1545.660156	1060.655273
1549.068359	1071.236084
1552.472656	1095.611084
1555.876953	1137.426025
1559.28125	1124.086548
1562.681641	1071.508057
1566.082031	1143.159302
1569.480469	1122.534912
1572.878906	1120.804077
1576.273438	1135.079102
1579.667969	1153.004761
1583.0625	1133.806519
1586.453125	1124.791382
1589.84375	1098.277832
1593.234375	1105.280273
1596.621094	1122.499268
1600.007813	1100.330078
1603.392578	1148.948364
1606.777344	1122.389893
1610.160156	1114.073364
1613.541016	1114.519897
1616.919922	1116.428711
1620.298828	1102.979004
1623.675781	1118.055054
1627.050781	1133.142822
1630.425781	1124.808838
1633.798828	1104.013916
1637.169922	1151.360229
1640.541016	1145.22229
1643.910156	1139.8125
1647.277344	1171.82019
1650.642578	1208.991455
1654.007813	1239.583008
1657.371094	1234.201294
1660.734375	1223.670288
1664.09375	1228.570435
1667.453125	1236.41626
1670.8125	1233.230835
1674.167969	1202.07019
1677.523438	1191.503906
1680.878906	1176.508545
1684.230469	1189.506714
1687.582031	1159.015015
1690.933594	1115.22229
1694.28125	1050.733765
1697.628906	1076.250244
1700.974609	1039.755859
1704.320313	1049.773926
1707.664063	1051.670044
1711.005859	1067.615112
1714.345703	1044.371582
1717.685547	1029.988525
1721.023438	1020.035156
1724.361328	1018.959839
1727.695313	1038.626343
1731.03125	1002.724792
1734.363281	1004.606201
1737.695313	1010.939087
1741.025391	1001.694824
1744.353516	1039.949585
1747.681641	1017.342468
1751.007813	968.716248
1754.332031	975.046204
1757.65625	979.894043
1760.978516	1001.852051
1764.298828	971.742981
1767.619141	966.917908
1770.9375	988.896179
1774.253906	986.308472
1777.570313	962.106384
1780.884766	978.889465
1784.197266	981.514771
1787.509766	977.426758
1790.818359	995.727905
1794.128906	1014.7901
1797.435547	999.504456
1800.742188	1010.362305
1804.048828	999.547974
1807.351563	981.245789
1810.654297	965.173462
1813.955078	985.764343
1817.255859	1010.864014
1820.554688	988.04187
1823.851563	986.184082
1827.148438	1009.063904
1830.443359	994.462952
1833.736328	989.603699
1837.027344	986.992065
1840.318359	994.890137
1843.609375	1022.324341
1846.896484	1000.935425
1850.183594	997.571411
1853.46875	1034.062988
1856.753906	999.862793
1860.037109	1010.041138
1863.318359	975.804077
1866.599609	1010.083923
1869.878906	996.918213
1873.15625	989.018677
1876.433594	1022.589355
1879.708984	1003.376892
1882.982422	1015.092407
1886.255859	1020.02179
1889.527344	1021.178284
1892.796875	988.33313
1896.066406	1001.572021
1899.333984	993.647461
1902.599609	1017.489319
1905.865234	1032.268066
1909.128906	1028.130981
1912.390625	980.061768
1915.652344	1031.211548
1918.912109	999.780945
1922.169922	977.424805
1925.427734	1013.461426
1928.683594	1038.142944
1931.939453	1010.460632
1935.191406	1009.33783
1938.445313	1014.292053
1941.695313	1031.411011
1944.945313	1062.98999
1948.193359	1029.176514
1951.441406	1025.77478
1954.6875	1033.78894
1957.931641	1033.432007
1961.173828	1024.694092
1964.416016	1054.81897
1967.658203	1016.346558
1970.896484	1047.253906
1974.134766	1015.615417
1977.373047	1017.539063
1980.607422	1026.336792
1983.84375	1035.141113
1987.076172	1037.838257
1990.308594	1044.359741
1993.539063	1055.47522
1996.767578	1034.463501
1999.996094	1028.743652
2003.222656	983.20105
2006.449219	1044.101074
2009.673828	1046.807251
2012.896484	1011.183838
2016.119141	1029.984253
2019.339844	1031.152832
2022.558594	1006.226257
2025.777344	1018.13562
2028.994141	1035.430786
2032.208984	1023.539185
2035.423828	1066.986084
2038.636719	1039.716553
2041.847656	1068.585938
2045.058594	1038.216797
2048.267578	1033.231201
2051.476563	1052.888306
2054.683594	1021.706421
2057.888672	1032.894897
2061.09375	1024.042847
2064.296875	1042.954712
2067.498047	1054.163696
2070.699219	1046.852905
2073.898438	1017.911316
2077.097656	1055.391846
2080.292969	1048.845093
2083.490234	1050.025269
2086.683594	1045.017822
2089.876953	1053.935059
2093.068359	1052.02124
2096.259766	1001.317627
2099.449219	1022.622925
2102.636719	1023.794067
2105.824219	1016.437439
2109.009766	1037.772583
2112.195313	1052.916748
2115.378906	1039.352417
2118.560547	1090.228027
2121.742188	1030.834961
2124.921875	1032.787964
2128.099609	1014.529236
2131.277344	1037.47522
2134.453125	1051.880615
2137.626953	1048.395386
2140.800781	1019.212891
2143.972656	1070.236328
2147.144531	1026.234009
2150.314453	1047.677368
2153.482422	1032.485229
2156.650391	1036.784302
2159.816406	1052.792725
2162.980469	1019.627563
2166.144531	1032.517212
2169.306641	1013.382019
2172.46875	1027.060303
2175.628906	1061.079102
2178.787109	1027.069702
2181.945313	1032.942993
2185.101563	1044.300415
2188.255859	1035.30481
2191.410156	1090.543823
2194.564453	1054.127808
2197.714844	1028.660034
2200.865234	1031.408691
2204.013672	1015.32782
2207.162109	1051.825562
2210.308594	1064.793823
2213.455078	1036.137695
2216.599609	1020.032898
2219.742188	1021.996948
2222.884766	1029.467529
2226.025391	1016.487854
2229.164063	994.840393
2232.302734	1015.693481
2235.439453	1057.829224
2238.576172	1066.902588
2241.710938	1086.22998
2244.84375	1058.258057
2247.976563	1082.329712
2251.107422	1078.798584
2254.236328	1099.738281
2257.365234	1044.085327
2260.492188	1064.237061
2263.619141	1061.483032
2266.744141	1048.447632
2269.867188	1040.938965
2272.990234	1037.380737
2276.111328	1033.81958
2279.232422	1045.301392
2282.351563	1059.960571
2285.46875	1071.460693
2288.585938	1075.834106
2291.701172	1057.210571
2294.816406	1052.853882
2297.929688	1027.063477
2301.041016	1072.714355
2304.152344	1038.96814
2307.261719	1058.435547
2310.369141	1043.735718
2313.476563	1065.60498
2316.583984	1090.672729
2319.6875	1086.313477
2322.791016	1094.688965
2325.894531	1156.432007
2328.996094	1198.303223
2332.095703	1166.877686
2335.195313	1092.370972
2338.292969	1060.880615
2341.388672	1060.48645
2344.484375	1043.328247
2347.578125	1049.315063
2350.671875	1072.881348
2353.763672	1072.490112
2356.853516	1064.903076
2359.943359	1105.296875
2363.03125	1050.510986
2366.119141	1040.505005
2369.205078	1064.120239
2372.289063	1105.375122
2375.373047	1064.928345
2378.457031	1091.785522
2381.537109	1070.548218
2384.617188	1066.140991
2387.697266	1035.247192
2390.773438	1043.667969
2393.851563	1060.929199
2396.925781	1038.031738
2400	1018.331665
2403.074219	1062.135498
2406.146484	1047.255249
2409.216797	1066.963257
2412.286133	1060.927612
2415.355469	1058.108032
2418.421875	1074.619629
2421.488281	1059.7146
2424.553711	1056.084473
2427.617188	1112.130615
2430.679688	1095.608643
2433.741211	1091.987183
2436.801758	1062.526245
2439.861328	1066.966064
2442.918945	1081.912964
2445.976563	1072.621826
2449.032227	1087.581665
2452.086914	1074.240479
2455.140625	1082.737915
2458.192383	1110.670288
2461.243164	1064.928589
2464.293945	1060.469238
2467.342773	1111.116455
2470.390625	1113.967285
2473.436523	1121.686401
2476.482422	1095.334106
2479.526367	1107.109863
2482.569336	1080.731567
2485.611328	1076.264648
2488.652344	1101.859619
2491.692383	1045.37207
2494.730469	1080.732544
2497.768555	1100.662842
2500.804688	1123.049194
2503.839844	1107.189087
2506.873047	1066.069946
2509.90625	1108.021118
2512.938477	1077.466187
2515.96875	1108.853394
2518.998047	1103.560181
2522.026367	1085.20752
2525.053711	1145.20105
2528.079102	1128.48291
2531.104492	1096.231567
2534.12793	1119.523315
2537.150391	1085.608887
2540.171875	1128.540405
2543.192383	1094.603394
2546.211914	1077.008667
2549.230469	1043.845215
2552.24707	1046.692993
2555.262695	1100.34021
2558.277344	1083.539917
2561.291016	1079.845581
2564.303711	1090.912476
2567.31543	1124.141968
2570.325195	1086.803223
2573.333984	1093.778564
2576.341797	1070.364868
2579.348633	1098.704834
2582.354492	1091.716431
2585.359375	1057.583984
2588.363281	1130.375488
2591.365234	1107.753296
2594.366211	1113.92981
2597.366211	1102.814697
2600.365234	1126.295654
2603.363281	1082.207397
2606.360352	1128.784546
2609.355469	1091.262573
2612.350586	1127.975464
2615.34375	1107.759277
2618.335938	1090.005005
2621.327148	1116.018921
2624.317383	1126.350708
2627.306641	1109.409424
2630.293945	1126.361938
2633.280273	1106.098389
2636.266602	1137.130981
2639.250977	1107.748779
2642.234375	1125.553101
2645.216797	1122.657227
2648.197266	1127.218384
2651.177734	1124.320313
2654.157227	1111.466553
2657.134766	1120.176636
2660.111328	1143.834229
2663.086914	1125.159912
2666.061523	1128.899902
2669.035156	1116.853638
2672.007813	1148.857056
2674.978516	1160.093628
2677.949219	1152.204346
2680.917969	1139.315552
2683.885742	1100.608398
2686.852539	1121.004028
2689.818359	1145.580322
2692.783203	1124.334351
2695.74707	1122.249023
2698.708984	1120.995972
2701.670898	1137.263672
2704.630859	1141.857544
2707.589844	1169.834595
2710.547852	1182.796387
2713.504883	1160.671753
2716.460938	1162.772217
2719.416016	1139.786987
2722.369141	1171.996338
2725.322266	1192.513184
2728.273438	1172.861328
2731.223633	1185.855957
2734.173828	1185.455444
2737.12207	1168.292725
2740.069336	1174.592041
2743.014648	1198.508545
2745.959961	1229.154541
2748.904297	1192.677002
2751.84668	1188.078369
2754.788086	1130.559814
2757.729492	1189.793335
2760.668945	1176.782104
2763.607422	1197.395752
2766.544922	1134.747803
2769.481445	1157.043579
2772.416016	1164.203247
2775.350586	1204.209961
2778.28418	1202.967529
2781.21582	1184.869385
2784.146484	1162.54248
2787.077148	1149.475708
2790.005859	1162.552368
2792.933594	1186.609863
2795.860352	1165.938232
2798.785156	1163.832031
2801.709961	1165.948486
2804.633789	1196.802979
2807.555664	1184.55896
2810.477539	1195.1427
2813.397461	1171.888672
2816.316406	1179.089355
2819.234375	1192.222168
2822.151367	1210.446655
2825.067383	1219.363159
2827.982422	1248.630249
2830.896484	1239.758911
2833.80957	1269.054321
2836.720703	1250.848633
2839.631836	1309.881104
2842.541016	1384.242432
2845.450195	1506.231934
2848.357422	1544.175171
2851.263672	1636.55603
2854.168945	1632.050415
2857.073242	1669.229248
2859.976563	1697.924072
2862.878906	1725.787964
2865.779297	1809.884644
2868.679688	1896.598389
2871.579102	1966.328125
2874.476563	2057.424316
2877.374023	2057.320557
2880.269531	2030.765259
2883.164063	2081.011475
2886.057617	2104.82373
2888.950195	2144.028076
2891.841797	2114.045654
2894.732422	2172.086914
2897.62207	2194.254639
2900.510742	2172.810547
2903.398438	2253.184326
2906.28418	2278.828369
2909.169922	2329.325439
2912.053711	2397.848633
2914.9375	2463.850342
2917.819336	2551.331787
2920.700195	2649.16748
2923.581055	2680.155273
2926.459961	2756.651611
2929.337891	2734.469971
2932.214844	2775.827148
2935.09082	2825.805176
2937.96582	2819.952881
2940.838867	2715.219482
2943.711914	2649.974365
2946.583984	2543.381592
2949.454102	2441.875488
2952.324219	2354.072021
2955.193359	2269.649658
2958.060547	2242.0354
2960.926758	2208.366943
2963.792969	2234.170898
2966.657227	2113.352295
2969.520508	2126.196045
2972.382813	2070.854492
2975.244141	2037.060791
2978.104492	2004.105957
2980.963867	1983.225098
2983.822266	1869.831299
2986.679688	1802.188232
2989.536133	1765.63916
2992.390625	1666.754639
2995.245117	1690.729248
2998.098633	1627.252563
3000.950195	1586.254395
3003.801758	1494.094482
3006.651367	1437.412964
3009.500977	1400.637573
3012.348633	1343.013428
3015.195313	1350.439453
3018.041992	1322.27417
3020.886719	1320.143677
3023.730469	1258.062378
3026.573242	1267.205566
3029.415039	1265.052246
3032.255859	1224.627441
3035.095703	1236.37793
3037.93457	1233.339966
3040.772461	1269.480957
3043.609375	1279.517334
3046.445313	1266.03479
3049.280273	1298.739014
3052.114258	1271.302002
3054.946289	1298.797485
3057.77832	1315.841431
3060.609375	1405.346802
3063.438477	1359.570313
3066.267578	1332.10437
3069.094727	1334.328491
3071.921875	1250.014404
3074.74707	1238.218994
3077.572266	1273.651978
3080.395508	1275.857178
3083.21875	1241.297485
3086.040039	1243.492065
3088.860352	1224.663818
3091.679688	1202.316406
3094.499023	1181.706177
3097.316406	1214.574829
3100.132813	1222.90332
3102.948242	1173.317505
3105.762695	1170.224121
3108.576172	1191.717896
3111.388672	1178.086182
3114.201172	1182.89978
3117.011719	1180.683472
3119.821289	1208.366699
3122.629883	1170.087036
3125.436523	1221.547729
3128.243164	1221.982178
3131.048828	1213.609497
3133.853516	1192.896484
3136.657227	1198.608276
3139.459961	1192.862549
3142.261719	1186.230469
3145.0625	1184.004883
3147.861328	1172.951538
3150.660156	1192.791382
3153.458008	1202.046509
3156.254883	1191.870605
3159.049805	1171.964966
3161.844727	1181.221802
3164.638672	1160.413208
3167.430664	1174.095825
3170.222656	1196.638794
3173.013672	1154.563232
3175.802734	1180.657593
3178.591797	1165.126709
3181.379883	1154.016479
3184.166016	1175.704224
3186.952148	1217.807373
3189.737305	1227.110596
3192.520508	1179.614014
3195.303711	1195.125122
3198.084961	1200.876465
3200.866211	1187.553101
