399.363281	1062.081665
403.25	1011.037048
407.134766	1045.19165
411.017578	1046.917969
414.898438	1018.720581
418.777344	1023.621216
422.654297	1017.692444
426.53125	986.894592
430.404297	991.149048
434.277344	982.645264
438.148438	976.687256
442.017578	976.471558
445.884766	997.978271
449.751953	964.533203
453.615234	995.644775
457.478516	983.920349
461.339844	997.786133
465.199219	1003.339844
469.056641	988.399841
472.912109	966.397278
476.765625	971.302551
480.619141	980.060242
484.470703	984.975159
488.320313	973.203186
492.167969	989.036682
496.013672	975.328186
499.857422	976.391663
503.699219	995.461548
507.541016	988.170593
511.380859	998.894348
515.21875	1012.202637
519.054688	1001.043579
522.888672	1025.963745
526.720703	1013.510986
530.552734	1004.917175
534.380859	982.119446
538.208984	972.213013
542.035156	987.485474
545.859375	1004.709106
549.683594	976.053345
553.503906	972.592834
557.324219	983.361877
561.140625	962.425842
564.957031	1019.172058
568.773438	982.038269
572.585938	959.77771
576.396484	988.068176
580.207031	951.520874
584.015625	948.035645
587.820313	930.265381
591.626953	928.066345
595.429688	962.250122
599.230469	920.411865
603.03125	924.057617
606.828125	932.910706
610.625	939.818604
614.419922	952.592224
618.214844	985.569946
622.005859	963.834534
625.796875	977.286011
629.583984	980.312866
633.371094	957.241394
637.15625	975.276062
640.941406	1003.121887
644.722656	1008.777283
648.503906	973.911987
652.283203	1001.792114
656.060547	1008.107544
659.835938	1000.684143
663.609375	991.944641
667.382813	1013.328674
671.152344	1014.416138
674.921875	1007.637207
678.689453	991.670044
682.455078	1014.401611
686.220703	1006.300293
689.982422	1018.549622
693.744141	1049.204712
697.503906	1027.96167
701.261719	1004.727539
705.017578	1058.438843
708.773438	1026.64209
712.525391	1040.246338
716.277344	1067.693848
720.027344	1093.846558
723.775391	1079.808594
727.523438	1086.862427
731.267578	1099.200195
735.011719	1070.624268
738.753906	1090.88916
742.494141	1089.370361
746.232422	1123.538818
749.970703	1104.179932
753.707031	1069.590576
757.439453	1065.411865
761.171875	1102.937134
764.904297	1087.509277
768.632813	1120.43689
772.361328	1124.225952
776.087891	1118.733765
779.8125	1157.022949
783.535156	1146.893433
787.255859	1143.394897
790.976563	1137.900269
794.695313	1168.95105
798.412109	1136.203735
802.126953	1142.670166
805.839844	1177.753906
809.552734	1164.272339
813.263672	1189.404785
816.972656	1181.912354
820.679688	1154.41748
824.384766	1152.237671
828.089844	1155.392456
831.791016	1159.884155
835.492188	1157.703003
839.193359	1139.489258
842.890625	1164.693604
846.587891	1132.428467
850.28125	1156.981689
853.974609	1236.417969
857.666016	1196.109131
861.357422	1156.435669
865.044922	1150.223633
868.732422	1162.100952
872.417969	1160.578735
876.101563	1169.116089
879.785156	1177.660278
883.464844	1151.302979
887.144531	1126.937988
890.822266	1149.58374
894.5	1112.425903
898.173828	1156.602051
901.847656	1166.506104
905.519531	1148.151733
909.189453	1145.267456
912.857422	1134.970947
916.523438	1114.557739
920.189453	1123.789185
923.853516	1128.981567
927.515625	1152.394897
931.177734	1134.653442
934.835938	1119.5979
938.494141	1122.769287
942.150391	1124.591309
945.804688	1169.686279
949.458984	1135.003174
953.109375	1153.072144
956.759766	1137.984497
960.408203	1141.846924
964.056641	1126.741333
967.701172	1114.334106
971.345703	1101.916138
974.988281	1118.658081
978.628906	1138.128296
982.267578	1110.766846
985.90625	1160.815186
989.542969	1151.107178
993.177734	1130.513916
996.810547	1173.151367
1000.443359	1206.979126
1004.074219	1266.019165
1007.703125	1233.862183
1011.330078	1160.804688
1014.955078	1120.398315
1018.580078	1146.773438
1022.203125	1107.69104
1025.824219	1129.305664
1029.443359	1149.572876
1033.0625	1144.588135
1036.679688	1132.08374
1040.294922	1164.679321
1043.908203	1195.934204
1047.519531	1169.069214
1051.130859	1159.974609
1054.740234	1174.14978
1058.347656	1143.131592
1061.953125	1166.903809
1065.558594	1186.582397
1069.162109	1200.105103
1072.763672	1196.487305
1076.363281	1217.574585
1079.962891	1174.135864
1083.560547	1186.300781
1087.15625	1185.418701
1090.75	1198.285278
1094.34375	1198.782227
1097.933594	1241.938843
1101.523438	1211.478394
1105.113281	1185.812866
1108.699219	1184.926514
1112.285156	1203.336548
1115.869141	1194.182251
1119.451172	1185.02002
1123.03125	1187.580811
1126.611328	1279.197021
1130.189453	1229.310913
1133.765625	1157.964844
1137.341797	1143.237549
1140.914063	1118.125488
1144.486328	1134.498413
1148.056641	1131.50708
1151.626953	1138.205811
1155.193359	1194.778687
1158.759766	1200.122559
1162.324219	1193.686279
1165.888672	1158.811401
1169.449219	1216.872559
1173.009766	1225.703491
1176.568359	1203.990234
1180.125	1204.486816
1183.681641	1152.169922
1187.236328	1195.747559
1190.789063	1169.116333
1194.339844	1212.040405
1197.890625	1215.323975
1201.439453	1223.484497
1204.986328	1234.437866
1208.53125	1303.244385
1212.076172	1266.828735
1215.619141	1314.779785
1219.160156	1314.623047
1222.699219	1310.975342
1226.238281	1356.209229
1229.775391	1364.451904
1233.310547	1348.937378
1236.84375	1387.249512
1240.376953	1341.6521
1243.908203	1352.000244
1247.4375	1364.456909
1250.964844	1379.024414
1254.492188	1416.024536
1258.017578	1382.259399
1261.541016	1359.685913
1265.064453	1372.169434
1268.583984	1357.994263
1272.103516	1339.594482
1275.623047	1349.976929
1279.138672	1356.151489
1282.654297	1362.330811
1286.167969	1395.238159
1289.679688	1381.738892
1293.191406	1427.349121
1296.701172	1463.842896
1300.208984	1439.788086
1303.714844	1444.605225
1307.220703	1462.820557
1310.722656	1507.85022
1314.226563	1452.022705
1317.726563	1473.791382
1321.226563	1444.736328
1324.724609	1447.445923
1328.220703	1497.50647
1331.714844	1500.946045
1335.208984	1503.680664
1338.701172	1516.32312
1342.191406	1486.504028
1345.681641	1517.560913
1349.169922	1452.295288
1352.65625	1440.839233
1356.140625	1422.283325
1359.625	1425.700317
1363.107422	1456.084229
1366.587891	1432.541504
1370.068359	1455.850586
1373.544922	1455.733032
1377.021484	1440.689209
1380.498047	1405.012695
1383.970703	1416.254395
1387.443359	1382.673096
1390.914063	1411.711792
1394.384766	1429.378662
1397.851563	1416.422607
1401.318359	1403.455688
1404.785156	1395.469238
1408.248047	1429.563965
1411.710938	1410.162598
1415.171875	1417.160767
1418.630859	1427.021118
1422.089844	1451.893921
1425.546875	1436.042603
1429.001953	1453.07251
1432.457031	1468.685059
1435.908203	1497.907715
1439.361328	1537.177246
1442.810547	1566.450562
1446.257813	1585.715698
1449.705078	1617.182129
1453.152344	1615.685913
1456.595703	1584.056519
1460.039063	1566.037598
1463.480469	1589.647461
1466.919922	1555.812988
1470.359375	1532.010864
1473.796875	1476.558838
1477.232422	1487.943481
1480.666016	1503.653564
1484.099609	1457.478271
1487.53125	1455.187256
1490.962891	1433.44519
1494.390625	1410.9646
1497.818359	1402.16272
1501.246094	1375.323486
1504.669922	1372.992798
1508.09375	1377.877563
1511.515625	1405.150269
1514.935547	1365.987305
1518.355469	1401.225586
1521.773438	1411.188965
1525.189453	1398.016357
1528.605469	1383.385864
1532.019531	1425.20105
1535.431641	1447.498535
1538.841797	1391.578247
1542.251953	1397.936157
1545.660156	1454.322998
1549.068359	1411.391724
1552.472656	1482.339966
1555.876953	1503.260498
1559.28125	1558.326782
1562.681641	1537.160034
1566.082031	1558.126831
1569.480469	1516.585327
1572.878906	1553.561035
1576.273438	1603.662964
1579.667969	1571.551392
1583.0625	1544.510986
1586.453125	1580.827148
1589.84375	1507.125854
1593.234375	1520.125
1596.621094	1548.450928
1600.007813	1537.397461
1603.392578	1550.42334
1606.777344	1528.407349
1610.160156	1520.984131
1613.541016	1500.399536
1616.919922	1582.15564
1620.298828	1554.995605
1623.675781	1532.935303
1627.050781	1532.085205
1630.425781	1545.879883
1633.798828	1580.197754
1637.169922	1607.213867
1640.541016	1560.933594
1643.910156	1609.233398
1647.277344	1595.20166
1650.642578	1643.553101
1654.007813	1628.788574
1657.371094	1645.601685
1660.734375	1653.608521
1664.09375	1675.590698
1667.453125	1657.136108
1670.8125	1647.496216
1674.167969	1648.890015
1677.523438	1611.991333
1680.878906	1627.368408
1684.230469	1600.748779
1687.582031	1552.726196
1690.933594	1602.763184
1694.28125	1540.682739
1697.628906	1512.508057
1700.974609	1477.664429
1704.320313	1504.109619
1707.664063	1457.409302
1711.005859	1476.473267
1714.345703	1451.913208
1717.685547	1455.450684
1721.023438	1453.068848
1724.361328	1452.906372
1727.695313	1433.482178
1731.03125	1464.437744
1734.363281	1464.278442
1737.695313	1402.557495
1741.025391	1437.246582
1744.353516	1454.890259
1747.681641	1382.69458
1751.007813	1459.017456
1754.332031	1394.197266
1757.65625	1425.976318
1760.978516	1452.573853
1764.298828	1433.060547
1767.619141	1431.395874
1770.9375	1426.006226
1774.253906	1439.235596
1777.570313	1433.844116
1780.884766	1423.974731
1784.197266	1416.334717
1787.509766	1454.202026
1790.818359	1433.131592
1794.128906	1430.712158
1797.435547	1461.158936
1800.742188	1446.791016
1804.048828	1478.015137
1807.351563	1426.246704
1810.654297	1488.162842
1813.955078	1502.972534
1817.255859	1493.083618
1820.554688	1471.950195
1823.851563	1461.291016
1827.148438	1466.366211
1830.443359	1454.195801
1833.736328	1467.524536
1837.027344	1447.838501
1840.318359	1488.956421
1843.609375	1451.985962
1846.896484	1420.997681
1850.183594	1430.579102
1853.46875	1457.464722
1856.753906	1451.268188
1860.037109	1501.514282
1863.318359	1473.494263
1866.599609	1489.139404
1869.878906	1426.429443
1873.15625	1480.512695
1876.433594	1456.209473
1879.708984	1466.589966
1882.982422	1484.525513
1886.255859	1476.804321
1889.527344	1485.693604
1892.796875	1460.587158
1896.066406	1462.673096
1899.333984	1494.252197
1902.599609	1514.508301
1905.865234	1512.832764
1909.128906	1489.957153
1912.390625	1528.411621
1915.652344	1479.761963
1918.912109	1476.552856
1922.169922	1461.208374
1925.427734	1491.366211
1928.683594	1482.085693
1931.939453	1484.944336
1935.191406	1511.348633
1938.445313	1477.751343
1941.695313	1498.852173
1944.945313	1507.043091
1948.193359	1484.813477
1951.441406	1513.550415
1954.6875	1474.557495
1957.931641	1501.789185
1961.173828	1519.137573
1964.416016	1516.68335
1967.658203	1498.215332
1970.896484	1519.395386
1974.134766	1503.965454
1977.373047	1510.660034
1980.607422	1510.486694
1983.84375	1515.660522
1987.076172	1523.130737
1990.308594	1516.0802
1993.539063	1541.911743
1996.767578	1534.097046
1999.996094	1540.819214
2003.222656	1562.095093
2006.449219	1532.829224
2009.673828	1554.884277
2012.896484	1512.559204
2016.119141	1516.216553
2019.339844	1493.023438
2022.558594	1484.394775
2025.777344	1508.007813
2028.994141	1504.754395
2032.208984	1534.540405
2035.423828	1502.082642
2038.636719	1577.262329
2041.847656	1519.407593
2045.058594	1598.499878
2048.267578	1525.209351
2051.476563	1513.478882
2054.683594	1551.822632
2057.888672	1508.489136
2061.09375	1548.402222
2064.296875	1573.688965
2067.498047	1545.746704
2070.699219	1567.963257
2073.898438	1531.500854
2077.097656	1522.05127
2080.292969	1568.243774
2083.490234	1561.119995
2086.683594	1545.481689
2089.876953	1573.164429
2093.068359	1573.000122
2096.259766	1572.835327
2099.449219	1583.516113
2102.636719	1567.854248
2105.824219	1537.448853
2109.009766	1514.775757
2112.195313	1556.485596
2115.378906	1512.067505
2118.560547	1573.220825
2121.742188	1541.203125
2124.921875	1555.787354
2128.099609	1586.708252
2131.277344	1580.322144
2134.453125	1563.038574
2137.626953	1599.44519
2140.800781	1586.826538
2143.972656	1594.449707
2147.144531	1579.480957
2150.314453	1566.059326
2153.482422	1568.223389
2156.650391	1587.551514
2159.816406	1592.06604
2162.980469	1599.706665
2166.144531	1597.980469
2169.306641	1570.468628
2172.46875	1575.763794
2175.628906	1624.850586
2178.787109	1664.588135
2181.945313	1598.713989
2185.101563	1625.163086
2188.255859	1598.379028
2191.410156	1559.822388
2194.564453	1580.016113
2197.714844	1544.558105
2200.865234	1614.174194
2204.013672	1648.534546
2207.162109	1646.028564
2210.308594	1608.96936
2213.455078	1627.655273
2216.599609	1650.284302
2219.742188	1632.83667
2222.884766	1609.083618
2226.025391	1626.223267
2229.164063	1645.736816
2232.302734	1655.029297
2235.439453	1646.21228
2238.576172	1637.388062
2241.710938	1671.911377
2244.84375	1644.952515
2247.976563	1626.650146
2251.107422	1639.900146
2254.236328	1653.160034
2257.365234	1661.690918
2260.492188	1634.674438
2263.619141	1639.252197
2266.744141	1646.205078
2269.867188	1703.786133
2272.990234	1627.682739
2276.111328	1650.469971
2279.232422	1676.44165
2282.351563	1651.7323
2285.46875	1650.778564
2288.585938	1659.337402
2291.701172	1743.247437
2294.816406	1724.078003
2297.929688	1740.610596
2301.041016	1707.132446
2304.152344	1699.046509
2307.261719	1675.061523
2310.369141	1691.599121
2313.476563	1688.268188
2316.583984	1686.525269
2319.6875	1642.601563
2322.791016	1699.753296
2325.894531	1741.019531
2328.996094	1815.779907
2332.095703	1769.445679
2335.195313	1754.172363
2338.292969	1666.300537
2341.388672	1644.591919
2344.484375	1646.015869
2347.578125	1666.606201
2350.671875	1733.546265
2353.763672	1681.459961
2356.853516	1718.875122
2359.943359	1679.539307
2363.03125	1706.580322
2366.119141	1700.825439
2369.205078	1708.677612
2372.289063	1654.858643
2375.373047	1721.193481
2378.457031	1691.385742
2381.537109	1726.509521
2384.617188	1737.593262
2387.697266	1684.483643
2390.773438	1738.108521
2393.851563	1733.145508
2396.925781	1741.033203
2400	1754.552612
2403.074219	1711.799072
2406.146484	1767.1427
2409.216797	1737.235107
2412.286133	1758.016479
2415.355469	1732.108398
2418.421875	1740.013672
2421.488281	1765.653809
2424.553711	1781.638672
2427.617188	1751.66626
2430.679688	1740.226563
2433.741211	1744.919678
2436.801758	1761.726685
2439.861328	1735.738159
2442.918945	1754.169678
2445.976563	1758.873413
2449.032227	1743.365112
2452.086914	1786.086548
2455.140625	1800.517212
2458.192383	1742.10083
2461.243164	1744.377441
2464.293945	1741.794434
2467.342773	1767.574707
2470.390625	1751.214966
2473.436523	1740.52002
2476.482422	1727.382446
2479.526367	1710.987915
2482.569336	1780.649414
2485.611328	1764.261841
2488.652344	1789.303101
2491.692383	1766.402466
2494.730469	1780.890991
2497.768555	1818.168091
2500.804688	1757.816162
2503.839844	1806.509277
2506.873047	1750.178955
2509.90625	1772.019165
2512.938477	1746.60376
2515.96875	1748.890137
2518.998047	1787.881592
2522.026367	1813.031006
2525.053711	1805.548584
2528.079102	1750.699951
2531.104492	1793.833374
2534.12793	1812.483643
2537.150391	1777.19397
2540.171875	1799.940063
2543.192383	1740.893921
2546.211914	1802.107178
2549.230469	1792.957642
2552.24707	1819.837036
2555.262695	1797.577393
2558.277344	1763.825806
2561.291016	1778.424438
2564.303711	1782.370483
2567.31543	1784.677979
2570.325195	1780.420044
2573.333984	1800.793213
2576.341797	1826.931274
2579.348633	1861.306274
2582.354492	1766.640625
2585.359375	1837.202637
2588.363281	1832.952271
2591.365234	1793.309448
2594.366211	1820.324219
2597.366211	1827.592041
2600.365234	1807.675659
2603.363281	1837.197388
2606.360352	1781.813965
2609.355469	1799.799561
2612.350586	1835.951294
2615.34375	1843.23877
2618.335938	1779.515747
2621.327148	1803.308105
2624.317383	1830.423218
2627.306641	1802.170288
2630.293945	1821.034546
2633.280273	1815.093384
2636.266602	1818.250977
2639.250977	1849.559692
2642.234375	1793.927979
2645.216797	1861.705322
2648.197266	1825.099121
2651.177734	1859.771729
2654.157227	1851.338257
2657.134766	1828.792114
2660.111328	1844.411865
2663.086914	1882.463013
2666.061523	1879.007813
2669.035156	1853.112671
2672.007813	1834.67981
2674.978516	1898.56189
2677.949219	1789.452393
2680.917969	1860.022095
2683.885742	1869.868774
2686.852539	1856.40271
2689.818359	1881.251221
2692.783203	1872.779297
2695.74707	1905.989014
2698.708984	1933.384399
2701.670898	1859.839233
2704.630859	1868.873657
2707.589844	1878.749268
2710.547852	1862.737305
2713.504883	1923.589844
2716.460938	1895.878784
2719.416016	1931.700562
2722.369141	1877.201782
2725.322266	1895.468384
2728.273438	1876.075806
2731.223633	1908.591675
2734.173828	1860.704346
2737.12207	1920.056274
2740.069336	1897.28894
2743.014648	1908.05249
2745.959961	1898.687134
2748.904297	1899.386475
2751.84668	1911.000977
2754.788086	1925.983398
2757.729492	1912.407959
2760.668945	1946.733887
2763.607422	1960.062866
2766.544922	1903.583618
2769.481445	1927.00354
2772.416016	1862.893555
2775.350586	1929.262207
2778.28418	1897.959229
2781.21582	1881.801758
2784.146484	1927.173462
2787.077148	1916.074097
2790.005859	1867.845337
2792.933594	1916.636475
2795.860352	1967.151489
2798.785156	1928.17749
2801.709961	1906.072388
2804.633789	1903.390137
2807.555664	1901.551025
2810.477539	1909.859985
2813.397461	1907.174927
2816.316406	1937.498535
2819.234375	1909.418213
2822.151367	1927.058105
2825.067383	1966.742065
2827.982422	1914.057739
2830.896484	1976.660767
2833.80957	1998.59082
2836.720703	2025.628052
2839.631836	2034.857422
2842.541016	2085.705078
2845.450195	2173.119873
2848.357422	2380.426514
2851.263672	2461.210205
2854.168945	2452.753174
2857.073242	2458.752686
2859.976563	2438.37207
2862.878906	2538.023682
2865.779297	2632.636963
2868.679688	2710.27832
2871.579102	2759.848633
2874.476563	2915.181885
2877.374023	2870.184082
2880.269531	2952.288818
2883.164063	2893.613281
2886.057617	2934.798828
2888.950195	2989.68042
2891.841797	2991.622314
2894.732422	2958.517334
2897.62207	3010.045166
2900.510742	2996.596436
2903.398438	3068.712158
2906.28418	3094.652588
2909.169922	3189.120361
2912.053711	3179.998047
2914.9375	3291.703857
2917.819336	3381.200195
2920.700195	3414.158447
2923.581055	3475.451172
2926.459961	3581.415771
2929.337891	3654.831787
2932.214844	3620.083984
2935.09082	3730.509766
2937.96582	3627.86377
2940.838867	3571.571045
2943.711914	3459.330322
2946.583984	3384.865723
2949.454102	3224.27417
2952.324219	3161.723633
2955.193359	3084.484131
2958.060547	3097.662354
2960.926758	2995.345459
2963.792969	3009.361816
2966.657227	2991.47168
2969.520508	2944.229248
2972.382813	2862.42334
2975.244141	2746.880127
2978.104492	2797.973877
2980.963867	2674.54541
2983.822266	2693.663574
2986.679688	2608.157227
2989.536133	2590.06543
2992.390625	2497.535889
2995.245117	2447.358643
2998.098633	2403.207031
3000.950195	2305.310303
3003.801758	2276.674072
3006.651367	2262.755127
3009.500977	2173.373291
3012.348633	2106.483643
3015.195313	2118.523438
3018.041992	2129.703369
3020.886719	2035.800537
3023.730469	2040.876099
3026.573242	2030.310181
3029.415039	1991.044434
3032.255859	2024.810181
3035.095703	1999.434448
3037.93457	1981.003296
3040.772461	1992.162231
3043.609375	2004.199707
3046.445313	2034.543213
3049.280273	1975.129272
3052.114258	2038.61731
3054.946289	2059.409424
3057.77832	2045.31311
3060.609375	2082.706543
3063.438477	2107.02832
3066.267578	2082.450439
3069.094727	2061.349609
3071.921875	2070.828125
3074.74707	2037.464844
3077.572266	1963.838379
3080.395508	1960.164673
3083.21875	1941.606323
3086.040039	1985.208862
3088.860352	1973.653442
3091.679688	1976.110474
3094.499023	1947.009888
3097.316406	1950.335205
3100.132813	1927.344727
3102.948242	1921.888794
3105.762695	1918.184326
3108.576172	1904.816528
3111.388672	1923.065308
3114.201172	1945.720825
3117.011719	1998.282715
3119.821289	1921.602173
3122.629883	1981.230103
3125.436523	1927.369995
3128.243164	1924.533813
3131.048828	1864.449463
3133.853516	1946.165649
3136.657227	1946.857178
3139.459961	1909.638062
3142.261719	1904.142578
3145.0625	1914.523438
3147.861328	1924.028809
3150.660156	1879.683838
3153.458008	1929.810181
3156.254883	1897.804321
3159.049805	1850.75
3161.844727	1938.936646
3164.638672	1918.396484
3167.430664	1912.88269
3170.222656	1898.51355
3173.013672	1876.165161
3175.802734	1919.343506
3178.591797	1894.327759
3181.379883	1894.11145
3184.166016	1948.867188
3186.952148	1904.320801
3189.737305	1911.204834
3192.520508	1978.449707
3195.303711	1915.219116
3198.084961	1919.448242
3200.866211	1947.871338
