399.363281	859.326416
403.25	858.427734
407.134766	848.621887
411.017578	818.441711
414.898438	830.893982
418.777344	836.350098
422.654297	811.859863
426.53125	809.024048
430.404297	827.233154
434.277344	783.563904
438.148438	773.051147
442.017578	817.45166
445.884766	810.777466
449.751953	808.571594
453.615234	802.526794
457.478516	774.725342
461.339844	785.300598
465.199219	769.632751
469.056641	784.698486
472.912109	777.98822
476.765625	766.142944
480.619141	770.322205
484.470703	785.413391
488.320313	799.875427
492.167969	790.587158
496.013672	799.92334
499.857422	773.914124
503.699219	786.466064
507.541016	782.945068
511.380859	804.521851
515.21875	797.785706
519.054688	820.675354
522.888672	809.428711
526.720703	818.803406
530.552734	800.450684
534.380859	777.565002
538.208984	814.696472
542.035156	778.879944
545.859375	783.091614
549.683594	783.428223
553.503906	790.878357
557.324219	769.221924
561.140625	761.138428
564.957031	761.465271
568.773438	759.201111
572.585938	753.046387
576.396484	784.489807
580.207031	730.34259
584.015625	753.367126
587.820313	740.706726
591.626953	735.828674
595.429688	753.686768
599.230469	721.509338
603.03125	752.381897
606.828125	757.90863
610.625	766.694153
614.419922	766.371216
618.214844	760.185181
622.005859	761.813782
625.796875	726.281921
629.583984	755.943176
633.371094	759.528992
637.15625	770.951111
640.941406	786.954346
644.722656	784.677124
648.503906	757.559753
652.283203	784.039673
656.060547	776.524109
659.835938	789.290405
663.609375	780.460754
667.382813	772.93335
671.152344	785.058472
674.921875	797.193787
678.689453	773.266541
682.455078	779.501404
686.220703	781.802795
689.982422	803.807068
693.744141	794.951538
697.503906	815.665222
701.261719	796.943604
705.017578	797.282715
708.773438	820.655518
712.525391	813.103943
716.277344	843.74823
720.027344	840.812195
723.775391	850.398682
727.523438	871.864136
731.267578	848.4823
735.011719	843.562134
738.753906	845.901306
742.494141	846.921021
746.232422	857.854919
749.970703	872.764954
753.707031	875.781006
757.439453	878.137634
761.171875	875.861816
764.904297	853.052307
768.632813	895.819458
772.361328	902.827637
776.087891	934.378052
779.8125	913.543945
783.535156	919.240417
787.255859	932.2453
790.976563	939.946777
794.695313	917.085022
798.412109	915.478333
802.126953	919.19104
805.839844	916.917969
809.552734	929.28772
813.263672	909.035583
816.972656	920.079468
820.679688	929.799316
824.384766	946.862
828.089844	957.267944
831.791016	948.996155
835.492188	891.97876
839.193359	891.019104
842.890625	913.445862
846.587891	917.173462
850.28125	952.336365
853.974609	942.032715
857.666016	904.277283
861.357422	933.451843
865.044922	905.039063
868.732422	892.016357
872.417969	914.517212
876.101563	931.000061
879.785156	906.563538
883.464844	881.434875
887.144531	889.193054
890.822266	908.379456
894.5	869.10376
898.173828	876.193359
901.847656	863.106873
905.519531	866.834412
909.189453	862.485352
912.857422	860.153076
916.523438	882.077454
920.189453	866.26825
923.853516	878.096741
927.515625	873.067383
931.177734	872.758423
934.835938	892.707092
938.494141	897.810059
942.150391	856.284363
945.804688	879.631104
949.458984	862.412964
953.109375	885.781372
956.759766	894.275757
960.408203	882.459412
964.056641	885.538757
967.701172	872.352783
971.345703	857.121216
974.988281	856.122742
978.628906	858.516602
982.267578	869.738586
985.90625	870.781189
989.542969	848.720703
993.177734	901.420044
996.810547	908.597229
1000.443359	954.56134
1004.074219	957.001587
1007.703125	914.501648
1011.330078	846.079468
1014.955078	856.654907
1018.580078	844.057983
1022.203125	847.138062
1025.824219	870.008911
1029.443359	866.95813
1033.0625	866.636292
1036.679688	882.710999
1040.294922	857.105591
1043.908203	897.80542
1047.519531	881.761353
1051.130859	869.809875
1054.740234	879.071838
1058.347656	860.259583
1061.953125	852.394775
1065.558594	873.999207
1069.162109	901.107544
1072.763672	920.691528
1076.363281	901.169861
1079.962891	922.142944
1083.560547	907.413574
1087.15625	922.221375
1090.75	890.979736
1094.34375	897.539246
1097.933594	922.681396
1101.523438	932.01239
1105.113281	891.081238
1108.699219	904.539795
1112.285156	902.157776
1115.869141	894.947205
1119.451172	864.278259
1123.03125	908.109436
1126.611328	871.8974
1130.189453	894.358215
1133.765625	878.83728
1137.341797	848.788208
1140.914063	855.362549
1144.486328	846.723206
1148.056641	848.457336
1151.626953	891.732971
1155.193359	878.941528
1158.759766	862.674744
1162.324219	870.656128
1165.888672	864.774292
1169.449219	890.106934
1173.009766	906.437561
1176.568359	913.060608
1180.125	870.370239
1183.681641	892.966431
1187.236328	895.420227
1190.789063	895.789307
1194.339844	903.116211
1197.890625	917.409546
1201.439453	917.091064
1204.986328	939.064453
1208.53125	910.180359
1212.076172	953.781921
1215.619141	981.37677
1219.160156	963.638184
1222.699219	971.713318
1226.238281	986.080078
1229.775391	1010.938049
1233.310547	1025.332153
1236.84375	1037.640259
1240.376953	1043.662598
1243.908203	974.112
1247.4375	1011.616333
1250.964844	1037.244873
1254.492188	1003.338501
1258.017578	992.535156
1261.541016	1003.460876
1265.064453	1020.708923
1268.583984	1004.985962
1272.103516	1006.802185
1275.623047	985.44104
1279.138672	1033.626343
1282.654297	1020.693665
1286.167969	1035.176636
1289.679688	1027.158203
1293.191406	1050.80481
1296.701172	1070.950073
1300.208984	1113.6521
1303.714844	1074.645386
1307.220703	1113.858521
1310.722656	1107.261475
1314.226563	1101.364136
1317.726563	1122.989502
1321.226563	1126.979126
1324.724609	1088.58667
1328.220703	1108.819092
1331.714844	1115.634888
1335.208984	1121.04126
1338.701172	1133.527588
1342.191406	1141.068848
1345.681641	1100.461792
1349.169922	1118.621582
1352.65625	1055.29248
1356.140625	1051.468628
1359.625	1076.7229
1363.107422	1016.846313
1366.587891	1013.711243
1370.068359	1029.747925
1373.544922	1052.191528
1377.021484	1036.983521
1380.498047	1046.64917
1383.970703	1039.250488
1387.443359	1052.482422
1390.914063	1045.07959
1394.384766	1046.216797
1397.851563	1005.318054
1401.318359	1011.428894
1404.785156	1001.143982
1408.248047	1026.518188
1411.710938	1006.953186
1415.171875	1035.205566
1418.630859	1009.913818
1422.089844	1043.906006
1425.546875	1070.777466
1429.001953	1071.927002
1432.457031	1100.977295
1435.908203	1105.717896
1439.361328	1169.171143
1442.810547	1156.752441
1446.257813	1168.686035
1449.705078	1167.009155
1453.152344	1150.987915
1456.595703	1145.714844
1460.039063	1178.475586
1463.480469	1153.104736
1466.919922	1133.459351
1470.359375	1078.587402
1473.796875	1089.087891
1477.232422	1115.418213
1480.666016	1093.566284
1484.099609	1041.467163
1487.53125	1073.56958
1490.962891	1043.749756
1494.390625	989.404724
1497.818359	1011.431519
1501.246094	976.501282
1504.669922	992.046814
1508.09375	991.003662
1511.515625	992.847717
1514.935547	1001.194275
1518.355469	979.195801
1521.773438	971.638306
1525.189453	1024.826294
1528.605469	1018.727661
1532.019531	992.356873
1535.431641	1010.859436
1538.841797	1021.408264
1542.251953	1001.528137
1545.660156	1024.406006
1549.068359	1079.214233
1552.472656	1086.178589
1555.876953	1120.731201
1559.28125	1084.874268
1562.681641	1072.234497
1566.082031	1087.200439
1569.480469	1101.45105
1572.878906	1161.53418
1576.273438	1129.258179
1579.667969	1125.34436
1583.0625	1148.370483
1586.453125	1105.12207
1589.84375	1096.091553
1593.234375	1122.778198
1596.621094	1079.466553
1600.007813	1086.466553
1603.392578	1109.530884
1606.777344	1135.534424
1610.160156	1097.270996
1613.541016	1083.824951
1616.919922	1076.947998
1620.298828	1109.561768
1623.675781	1099.762207
1627.050781	1095.810547
1630.425781	1076.477173
1633.798828	1128.189453
1637.169922	1117.647583
1640.541016	1112.962524
1643.910156	1096.537842
1647.277344	1162.28125
1650.642578	1173.022705
1654.007813	1159.53894
1657.371094	1171.756592
1660.734375	1192.802856
1664.09375	1171.957642
1667.453125	1168.012451
1670.8125	1173.629517
1674.167969	1149.07019
1677.523438	1126.700195
1680.878906	1141.146973
1684.230469	1106.963501
1687.582031	1112.565918
1690.933594	1065.804321
1694.28125	1049.995972
1697.628906	1046.723511
1700.974609	1043.448242
1704.320313	1041.647583
1707.664063	1012.500366
1711.005859	1003.291992
1714.345703	977.803955
1717.685547	1025.54895
1721.023438	1025.956909
1724.361328	956.75592
1727.695313	983.805847
1731.03125	1015.32373
1734.363281	994.967957
1737.695313	986.462952
1741.025391	989.080872
1744.353516	962.751343
1747.681641	940.113525
1751.007813	965.744751
1754.332031	969.843994
1757.65625	982.86792
1760.978516	969.870117
1764.298828	959.093994
1767.619141	967.662292
1770.9375	965.067383
1774.253906	945.336426
1777.570313	956.889709
1780.884766	972.179626
1784.197266	972.564758
1787.509766	971.457703
1790.818359	974.828064
1794.128906	989.401672
1797.435547	991.287292
1800.742188	985.701111
1804.048828	964.410522
1807.351563	980.497864
1810.654297	951.705933
1813.955078	959.567139
1817.255859	986.902771
1820.554688	979.052856
1823.851563	977.191528
1827.148438	975.328491
1830.443359	954.714417
1833.736328	987.352905
1837.027344	987.742615
1840.318359	991.886719
1843.609375	974.250305
1846.896484	979.143311
1850.183594	993.060913
1853.46875	985.179993
1856.753906	979.549561
1860.037109	968.646057
1863.318359	1002.15686
1866.599609	973.928772
1869.878906	963.009399
1873.15625	984.495728
1876.433594	975.079651
1879.708984	973.95459
1882.982422	1004.526428
1886.255859	974.721069
1889.527344	986.434082
1892.796875	946.019165
1896.066406	1000.816101
1899.333984	998.184631
1902.599609	950.161011
1905.865234	952.047852
1909.128906	941.82251
1912.390625	967.943542
1915.652344	964.535095
1918.912109	999.022949
1922.169922	969.083679
1925.427734	976.291077
1928.683594	991.851501
1931.939453	995.277161
1935.191406	1000.983643
1938.445313	1014.292053
1941.695313	982.006592
1944.945313	991.515686
1948.193359	999.510681
1951.441406	967.941711
1954.6875	1017.041199
1957.931641	975.553711
1961.173828	988.886963
1964.416016	961.836365
1967.658203	1015.584106
1970.896484	991.573303
1974.134766	1007.221924
1977.373047	989.295349
1980.607422	990.445557
1983.84375	994.652222
1987.076172	988.926819
1990.308594	941.147095
1993.539063	997.347656
1996.767578	982.434204
1999.996094	1029.509155
2003.222656	999.281433
2006.449219	994.309021
2009.673828	1022.284668
2012.896484	992.784729
2016.119141	959.42688
2019.339844	1008.136047
2022.558594	962.477295
2025.777344	983.583496
2028.994141	1006.242126
2032.208984	1018.160278
2035.423828	987.039001
2038.636719	988.192139
2041.847656	984.730042
2045.058594	976.647278
2048.267578	995.505127
2051.476563	996.662415
2054.683594	1004.755005
2057.888672	988.958374
2061.09375	997.053772
2064.296875	996.669678
2067.498047	954.612427
2070.699219	996.671875
2073.898438	976.978577
2077.097656	986.62915
2080.292969	982.374451
2083.490234	987.394836
2086.683594	986.230774
2089.876953	971.910706
2093.068359	990.092102
2096.259766	996.671143
2099.449219	989.310181
2102.636719	1013.718872
2105.824219	990.076721
2109.009766	997.440674
2112.195313	993.171265
2115.378906	1011.40863
2118.560547	1009.470459
2121.742188	980.341919
2124.921875	953.522034
2128.099609	1012.197021
2131.277344	1017.254639
2134.453125	995.863281
2137.626953	979.903381
2140.800781	997.41156
2143.972656	1000.912476
2147.144531	980.26001
2150.314453	1010.260254
2153.482422	989.594971
2156.650391	993.877441
2159.816406	1027.819092
2162.980469	1011.039551
2166.144531	983.3125
2169.306641	1014.16333
2172.46875	979.38092
2175.628906	987.577637
2178.787109	983.264709
2181.945313	975.035522
2185.101563	996.547546
2188.255859	985.184143
2191.410156	996.531433
2194.564453	995.347412
2197.714844	991.810181
2200.865234	977.289124
2204.013672	994.142456
2207.162109	971.76123
2210.308594	998.83313
2213.455078	965.438354
2216.599609	1005.101746
2219.742188	989.764771
2222.884766	1009.806152
2226.025391	994.45874
2229.164063	1010.581543
2232.302734	1023.567078
2235.439453	986.939697
2238.576172	999.925659
2241.710938	967.990173
2244.84375	978.612671
2247.976563	966.365845
2251.107422	964.368652
2254.236328	993.948669
2257.365234	1003.016907
2260.492188	1010.511658
2263.619141	995.090881
2266.744141	1024.727051
2269.867188	990.315796
2272.990234	979.616577
2276.111328	970.492126
2279.232422	988.284912
2282.351563	1025.103882
2285.46875	1028.665649
2288.585938	1024.30188
2291.701172	1021.520813
2294.816406	1049.680298
2297.929688	1031.825684
2301.041016	970.286438
2304.152344	1000.840881
2307.261719	963.875549
2310.369141	972.987427
2313.476563	966.996704
2316.583984	984.867126
2319.6875	1006.730103
2322.791016	1041.347656
2325.894531	1103.070435
2328.996094	1121.019043
2332.095703	1092.752319
2335.195313	1017.419983
2338.292969	981.115234
2341.388672	976.700867
2344.484375	993.835999
2347.578125	985.429871
2350.671875	1031.34021
2353.763672	999.765381
2356.853516	989.752258
2359.943359	974.932617
2363.03125	1021.707947
2366.119141	986.878967
2369.205078	977.645447
2372.289063	968.404724
2375.373047	1018.452942
2378.457031	994.791321
2381.537109	994.366882
2384.617188	1008.381714
2387.697266	983.083557
2390.773438	985.061951
2393.851563	986.238464
2396.925781	981.791626
2400	1003.864502
2403.074219	1027.56189
2406.146484	1013.472839
2409.216797	991.326416
2412.286133	1002.166016
2415.355469	1002.545288
2418.421875	985.202209
2421.488281	1012.974365
2424.553711	1018.194458
2427.617188	1041.967163
2430.679688	1041.554321
2433.741211	1020.963623
2436.801758	1027.001099
2439.861328	1012.042786
2442.918945	1033.432983
2445.976563	995.832764
2449.032227	1020.46698
2452.086914	1041.074951
2455.140625	996.96051
2458.192383	1056.432007
2461.243164	1037.394409
2464.293945	1040.21582
2467.342773	1017.105103
2470.390625	1033.703247
2473.436523	1016.249573
2476.482422	1006.895996
2479.526367	1027.566772
2482.569336	1006.030396
2485.611328	1032.401855
2488.652344	1050.666992
2491.692383	1037.243164
2494.730469	1015.677124
2497.768555	1023.380493
2500.804688	1008.302917
2503.839844	1011.124146
2506.873047	1037.565308
2509.90625	1054.249512
2512.938477	1039.159912
2515.96875	1081.13208
2518.998047	1051.359253
2522.026367	1059.09729
2525.053711	1015.417053
2528.079102	1017.43103
2531.104492	1032.516113
2534.12793	1042.709229
2537.150391	1025.115601
2540.171875	1044.308716
2543.192383	1054.51709
2546.211914	1065.551147
2549.230469	1034.020752
2552.24707	1026.217773
2555.262695	1030.698364
2558.277344	1026.166382
2561.291016	1013.431335
2564.303711	1031.855591
2567.31543	1045.369995
2570.325195	1043.298218
2573.333984	1029.728516
2576.341797	1033.399048
2579.348633	1043.646362
2582.354492	1047.324341
2585.359375	1046.893066
2588.363281	1048.929199
2591.365234	1041.090576
2594.366211	1065.354858
2597.366211	1090.460571
2600.365234	1076.036621
2603.363281	1062.426025
2606.360352	1061.172852
2609.355469	1028.574707
2612.350586	1079.29187
2615.34375	1063.184692
2618.335938	1040.459351
2621.327148	1025.977417
2624.317383	1057.761475
2627.306641	1072.20874
2630.293945	1094.109253
2633.280273	1061.424194
2636.266602	1044.439087
2639.250977	1073.804321
2642.234375	1051.841431
2645.216797	1080.402222
2648.197266	1060.08252
2651.177734	1035.601807
2654.157227	1074.141113
2657.134766	1036.37085
2660.111328	1095.690186
2663.086914	1062.881592
2666.061523	1063.275879
2669.035156	1057.022095
2672.007813	1062.401733
2674.978516	1083.585693
2677.949219	1090.642578
2680.917969	1109.355469
2683.885742	1092.283081
2686.852539	1087.69043
2689.818359	1107.255493
2692.783203	1121.833984
2695.74707	1059.716553
2698.708984	1097.641846
2701.670898	1127.251099
2704.630859	1089.271973
2707.589844	1104.70459
2710.547852	1123.489502
2713.504883	1114.712769
2716.460938	1102.585571
2719.416016	1103.828857
2722.369141	1129.332642
2725.322266	1092.091064
2728.273438	1118.445923
2731.223633	1132.257935
2734.173828	1163.673218
2737.12207	1140.635864
2740.069336	1134.348999
2743.014648	1116.315552
2745.959961	1125.955933
2748.904297	1143.996338
2751.84668	1122.587158
2754.788086	1117.120728
2757.729492	1102.407349
2760.668945	1117.102417
2763.607422	1124.240234
2766.544922	1128.859619
2769.481445	1136.8479
2772.416016	1114.537354
2775.350586	1113.262573
2778.28418	1107.774658
2781.21582	1140.204956
2784.146484	1079.082275
2787.077148	1129.235596
2790.005859	1116.151489
2792.933594	1127.532471
2795.860352	1147.364258
2798.785156	1103.022217
2801.709961	1135.532471
2804.633789	1101.29541
2807.555664	1116.918091
2810.477539	1136.781128
2813.397461	1149.043213
2816.316406	1111.374146
2819.234375	1132.949707
2822.151367	1163.858398
2825.067383	1165.131592
2827.982422	1129.9552
2830.896484	1211.775269
2833.80957	1174.0448
2836.720703	1208.418213
2839.631836	1241.967651
2842.541016	1293.375
2845.450195	1364.359009
2848.357422	1494.884033
2851.263672	1576.194702
2854.168945	1605.685791
2857.073242	1603.719238
2859.976563	1646.858643
2862.878906	1668.744141
2865.779297	1743.451294
2868.679688	1762.831055
2871.579102	1893.02771
2874.476563	1961.075928
2877.374023	1982.260864
2880.269531	1936.906372
2883.164063	1965.779175
2886.057617	1993.818726
2888.950195	1985.147827
2891.841797	2054.230225
2894.732422	2055.831787
2897.62207	2042.897095
2900.510742	2071.013428
2903.398438	2117.120605
2906.28418	2127.306152
2909.169922	2124.653076
2912.053711	2235.079346
2914.9375	2354.155273
2917.819336	2364.439697
2920.700195	2445.05542
2923.581055	2505.996826
2926.459961	2543.809326
2929.337891	2561.043701
2932.214844	2574.854492
2935.09082	2635.069824
2937.96582	2599.926025
2940.838867	2554.438477
2943.711914	2564.824219
2946.583984	2391.948975
2949.454102	2286.084473
2952.324219	2150.867432
2955.193359	2089.628174
2958.060547	2074.011963
2960.926758	2041.144653
2963.792969	2058.265381
2966.657227	2036.581421
2969.520508	1988.994263
2972.382813	1946.551392
2975.244141	1896.305786
2978.104492	1872.80249
2980.963867	1820.764893
2983.822266	1798.080933
2986.679688	1754.625732
2989.536133	1672.209961
2992.390625	1609.638428
2995.245117	1553.947266
2998.098633	1523.330078
3000.950195	1423.383911
3003.801758	1441.229126
3006.651367	1381.060791
3009.500977	1330.388916
3012.348633	1296.164185
3015.195313	1288.819092
3018.041992	1254.554199
3020.886719	1253.268066
3023.730469	1251.111816
3026.573242	1182.899048
3029.415039	1230.27417
3032.255859	1242.022705
3035.095703	1206.795288
3037.93457	1204.617065
3040.772461	1222.463135
3043.609375	1247.289795
3046.445313	1198.071411
3049.280273	1236.852783
3052.114258	1239.039917
3054.946289	1256.928833
3057.77832	1245.162964
3060.609375	1267.430786
3063.438477	1265.264771
3066.267578	1306.772461
3069.094727	1264.422607
3071.921875	1250.014404
3074.74707	1184.003174
3077.572266	1195.798218
3080.395508	1219.852417
3083.21875	1133.625
3086.040039	1131.40271
3088.860352	1172.979126
3091.679688	1188.295288
3094.499023	1151.023926
3097.316406	1151.434448
3100.132813	1157.108643
3102.948242	1147.867798
3105.762695	1168.468384
3108.576172	1145.173218
3111.388672	1124.496826
3114.201172	1149.504395
3117.011719	1144.638794
3119.821289	1182.862671
3122.629883	1168.327515
3125.436523	1179.304077
3128.243164	1172.680298
3131.048828	1150.198853
3133.853516	1130.344238
3136.657227	1137.796509
3139.459961	1135.555786
3142.261719	1163.299683
3145.0625	1125.775146
3147.861328	1122.644287
3150.660156	1130.105835
3153.458008	1138.455566
3156.254883	1130.024048
3159.049805	1148.101318
3161.844727	1121.983887
3164.638672	1132.110474
3167.430664	1128.972412
3170.222656	1152.384399
3173.013672	1156.333984
3175.802734	1109.800415
3178.591797	1156.266479
3181.379883	1160.220825
3184.166016	1126.051636
3186.952148	1177.893799
3189.737305	1129.509644
3192.520508	1130.796265
3195.303711	1137.411011
3198.084961	1123.601074
3200.866211	1124.48938
