399.363281	1090.683594
403.25	1067.629761
407.134766	1050.280884
411.017578	1053.282227
414.898438	1043.55188
418.777344	1040.81958
422.654297	1016.417908
426.53125	1023.871277
430.404297	995.613708
434.277344	997.959229
438.148438	1000.944885
442.017578	1002.655518
445.884766	981.366577
449.751953	1006.080383
453.615234	985.41333
457.478516	1017.826599
461.339844	1008.026428
465.199219	1002.059265
469.056641	994.164978
472.912109	1007.411438
476.765625	980.27832
480.619141	1006.999084
484.470703	1011.925598
488.320313	964.857788
492.167969	969.127502
496.013672	987.535889
499.857422	999.531982
503.699219	1006.393616
507.541016	1027.414307
511.380859	1005.330566
515.21875	992.241943
519.054688	1001.687744
522.888672	1009.208069
526.720703	1011.576782
530.552734	1032.007324
534.380859	1028.579834
538.208984	1000.617676
542.035156	1003.631409
545.859375	1011.816345
549.683594	1021.300842
553.503906	1009.453064
557.324219	1004.06427
561.140625	984.43158
564.957031	975.141785
568.773438	991.107239
572.585938	975.979187
576.396484	970.562988
580.207031	965.790466
584.015625	965.555847
587.820313	994.533508
591.626953	964.435669
595.429688	968.747375
599.230469	973.062561
603.03125	924.057617
606.828125	963.487305
610.625	959.343933
614.419922	967.568054
618.214844	979.055969
622.005859	1002.28363
625.796875	984.45752
629.583984	1006.402344
633.371094	1001.612488
637.15625	998.776672
640.941406	998.550415
644.722656	995.056885
648.503906	983.716492
652.283203	1011.60083
656.060547	1031.00415
659.835938	998.066284
663.609375	1016.170349
667.382813	1049.355225
671.152344	1013.760864
674.921875	1010.259583
678.689453	989.046631
682.455078	1014.401611
686.220703	1025.993042
689.982422	1016.579529
693.744141	1040.663818
697.503906	1054.252197
701.261719	1052.070801
705.017578	1013.706787
708.773438	1029.274414
712.525391	1063.289795
716.277344	1098.651123
720.027344	1066.171021
723.775391	1086.400757
727.523438	1100.712036
731.267578	1091.282837
735.011719	1071.284302
738.753906	1119.944336
742.494141	1125.044067
746.232422	1119.573364
749.970703	1108.146973
753.707031	1121.846436
757.439453	1124.969116
761.171875	1136.038452
764.904297	1131.883789
768.632813	1144.290039
772.361328	1110.305664
776.087891	1154.543823
779.8125	1182.896729
783.535156	1174.769287
787.255859	1170.61853
790.976563	1165.799683
794.695313	1178.254883
798.412109	1156.813599
802.126953	1186.567871
805.839844	1190.396484
809.552734	1183.577026
813.263672	1171.42395
816.972656	1189.907227
820.679688	1206.40625
824.384766	1176.909424
828.089844	1182.74292
831.791016	1203.93042
835.492188	1179.735352
839.193359	1180.233032
842.890625	1183.403564
846.587891	1203.957275
850.28125	1198.445801
853.974609	1207.64856
857.666016	1200.794556
861.357422	1222.058594
865.044922	1178.359497
868.732422	1196.280396
872.417969	1180.022217
876.101563	1159.725586
879.785156	1201.817383
883.464844	1194.26709
887.144531	1194.769165
890.822266	1199.302734
894.5	1207.872681
898.173828	1192.914063
901.847656	1204.178711
905.519531	1197.954346
909.189453	1208.556763
912.857422	1169.323242
916.523438	1175.204834
920.189453	1186.484131
923.853516	1182.260864
927.515625	1195.57605
931.177734	1208.227051
934.835938	1197.929199
938.494141	1178.164551
942.150391	1169.872314
945.804688	1187.941406
949.458984	1176.263672
953.109375	1204.500244
956.759766	1162.355347
960.408203	1180.450317
964.056641	1180.944214
967.701172	1174.659912
971.345703	1218.549683
974.988281	1212.953613
978.628906	1154.416382
982.267578	1199.709717
985.90625	1208.361694
989.542969	1216.341187
993.177734	1189.65686
996.810547	1235.71936
1000.443359	1310.39563
1004.074219	1304.816528
1007.703125	1224.329102
1011.330078	1236.420532
1014.955078	1236.254517
1018.580078	1166.54541
1022.203125	1181.355225
1025.824219	1183.212158
1029.443359	1240.364502
1033.0625	1232.685913
1036.679688	1229.783081
1040.294922	1262.419434
1043.908203	1236.277344
1047.519531	1215.585693
1051.130859	1219.513062
1054.740234	1243.297852
1058.347656	1252.718872
1061.953125	1246.387451
1065.558594	1254.445923
1069.162109	1276.911865
1072.763672	1289.105347
1076.363281	1271.795776
1079.962891	1261.337769
1083.560547	1259.113647
1087.15625	1281.626587
1090.75	1280.783325
1094.34375	1290.943359
1097.933594	1310.056274
1101.523438	1305.781006
1105.113281	1276.022827
1108.699219	1288.952026
1112.285156	1259.850586
1115.869141	1259.682983
1119.451172	1271.240967
1123.03125	1322.141113
1126.611328	1332.353149
1130.189453	1330.141968
1133.765625	1285.783203
1137.341797	1227.563354
1140.914063	1252.272949
1144.486328	1236.188232
1148.056641	1238.775391
1151.626953	1272.519653
1155.193359	1291.746216
1158.759766	1306.830933
1162.324219	1316.382202
1165.888672	1330.79541
1169.449219	1313.306641
1173.009766	1359.656372
1176.568359	1335.220947
1180.125	1346.885742
1183.681641	1311.305664
1187.236328	1337.568726
1190.789063	1316.559937
1194.339844	1343.54187
1197.890625	1344.791504
1201.439453	1355.09436
1204.986328	1364.708618
1208.53125	1405.692017
1212.076172	1387.445923
1215.619141	1410.336792
1219.160156	1413.010376
1222.699219	1448.495117
1226.238281	1448.392456
1229.775391	1483.221436
1233.310547	1501.304443
1236.84375	1447.382324
1240.376953	1490.646851
1243.908203	1474.464111
1247.4375	1486.270874
1250.964844	1504.390259
1254.492188	1535.83667
1258.017578	1482.494263
1261.541016	1448.742188
1265.064453	1463.366821
1268.583984	1466.77417
1272.103516	1496.161377
1275.623047	1468.679443
1279.138672	1481.226685
1282.654297	1502.219238
1286.167969	1500.724854
1289.679688	1470.384033
1293.191406	1510.400024
1296.701172	1562.418213
1300.208984	1601.799438
1303.714844	1615.843872
1307.220703	1589.010864
1310.722656	1593.892212
1314.226563	1567.733032
1317.726563	1633.311035
1321.226563	1609.264038
1324.724609	1602.151001
1328.220703	1634.607056
1331.714844	1652.949463
1335.208984	1638.771484
1338.701172	1655.006958
1342.191406	1612.50293
1345.681641	1608.203857
1349.169922	1602.483887
1352.65625	1603.846191
1356.140625	1559.123169
1359.625	1565.433105
1363.107422	1560.394409
1366.587891	1534.054565
1370.068359	1548.882935
1373.544922	1528.199951
1377.021484	1540.194092
1380.498047	1540.110107
1383.970703	1562.788086
1387.443359	1580.502686
1390.914063	1565.483765
1394.384766	1569.681396
1397.851563	1563.194702
1401.318359	1531.755249
1404.785156	1527.386353
1408.248047	1538.707275
1411.710938	1555.032593
1415.171875	1597.786255
1418.630859	1536.297485
1422.089844	1564.072754
1425.546875	1560.418701
1429.001953	1581.074463
1432.457031	1611.046631
1435.908203	1636.032959
1439.361328	1663.187134
1442.810547	1681.051514
1446.257813	1698.213379
1449.705078	1701.768799
1453.152344	1707.478149
1456.595703	1708.887085
1460.039063	1721.780029
1463.480469	1713.143188
1466.919922	1621.89563
1470.359375	1655.606567
1473.796875	1611.706421
1477.232422	1628.898926
1480.666016	1606.535156
1484.099609	1624.458496
1487.53125	1618.634766
1490.962891	1568.145874
1494.390625	1570.220581
1497.818359	1568.692139
1501.246094	1569.325562
1504.669922	1585.831909
1508.09375	1571.314575
1511.515625	1561.839722
1514.935547	1556.690918
1518.355469	1582.611694
1521.773438	1538.427368
1525.189453	1527.47583
1528.605469	1617.085449
1532.019531	1580.822266
1535.431641	1581.459229
1538.841797	1606.001465
1542.251953	1590.704956
1545.660156	1647.894409
1549.068359	1645.656616
1552.472656	1704.364502
1555.876953	1644.803711
1559.28125	1691.213013
1562.681641	1675.911255
1566.082031	1680.945557
1569.480469	1669.98877
1572.878906	1744.846802
1576.273438	1763.738281
1579.667969	1774.637451
1583.0625	1698.161011
1586.453125	1734.53894
1589.84375	1671.831055
1593.234375	1644.067993
1596.621094	1697.24231
1600.007813	1677.492554
1603.392578	1726.342407
1606.777344	1702.936401
1610.160156	1716.03833
1613.541016	1695.53186
1616.919922	1685.975464
1620.298828	1712.982056
1623.675781	1734.156006
1627.050781	1685.074097
1630.425781	1715.772827
1633.798828	1714.261841
1637.169922	1713.482056
1640.541016	1717.10022
1643.910156	1736.123779
1647.277344	1741.220581
1650.642578	1782.289795
1654.007813	1784.470825
1657.371094	1767.55249
1660.734375	1794.716431
1664.09375	1815.284424
1667.453125	1793.943604
1670.8125	1790.980713
1674.167969	1749.001099
1677.523438	1759.272339
1680.878906	1715.035645
1684.230469	1732.670532
1687.582031	1686.175171
1690.933594	1694.223267
1694.28125	1663.907837
1697.628906	1636.520508
1700.974609	1636.434082
1704.320313	1592.021729
1707.664063	1623.695801
1711.005859	1617.688232
1714.345703	1627.94751
1717.685547	1644.133911
1721.023438	1553.73999
1724.361328	1594.346313
1727.695313	1574.978271
1731.03125	1623.776855
1734.363281	1559.919922
1737.695313	1595.39978
1741.025391	1593.065796
1744.353516	1538.769043
1747.681641	1549.776367
1751.007813	1583.821411
1754.332031	1591.138672
1757.65625	1607.383057
1760.978516	1570.832642
1764.298828	1577.408203
1767.619141	1591.432251
1770.9375	1605.467041
1774.253906	1615.042847
1777.570313	1580.656616
1780.884766	1628.251709
1784.197266	1576.688599
1787.509766	1592.981689
1790.818359	1607.048096
1794.128906	1596.483643
1797.435547	1568.729004
1800.742188	1599.98938
1804.048828	1596.884399
1807.351563	1584.801636
1810.654297	1589.917603
1813.955078	1589.797607
1817.255859	1599.411499
1820.554688	1591.054565
1823.851563	1589.434937
1827.148438	1557.826782
1830.443359	1589.190796
1833.736328	1581.565308
1837.027344	1579.937866
1840.318359	1605.339722
1843.609375	1587.194214
1846.896484	1629.150146
1850.183594	1629.040894
1853.46875	1616.146362
1856.753906	1625.059204
1860.037109	1596.34668
1863.318359	1586.43457
1866.599609	1593.085327
1869.878906	1624.607422
1873.15625	1621.478027
1876.433594	1620.608032
1879.708984	1618.228149
1882.982422	1590.94043
1886.255859	1568.915894
1889.527344	1592.192139
1892.796875	1585.262207
1896.066406	1617.633301
1899.333984	1590.289673
1902.599609	1588.64502
1905.865234	1606.675415
1909.128906	1615.634399
1912.390625	1596.57666
1915.652344	1590.384277
1918.912109	1608.442139
1922.169922	1579.500244
1925.427734	1614.255981
1928.683594	1656.627319
1931.939453	1634.501709
1935.191406	1631.345093
1938.445313	1611.470703
1941.695313	1622.743164
1944.945313	1648.470947
1948.193359	1626.296631
1951.441406	1598.777954
1954.6875	1603.210205
1957.931641	1641.153931
1961.173828	1582.371582
1964.416016	1583.752808
1967.658203	1607.245728
1970.896484	1612.450684
1974.134766	1573.40271
1977.373047	1629.741943
1980.607422	1622.74231
1983.84375	1591.290771
1987.076172	1592.676636
1990.308594	1629.99646
1993.539063	1583.977783
1996.767578	1606.784912
1999.996094	1631.140503
2003.222656	1628.713867
2006.449219	1604.836182
2009.673828	1623.087646
2012.896484	1668.184937
2016.119141	1678.03833
2019.339844	1596.598999
2022.558594	1606.431396
2025.777344	1656.96582
2028.994141	1602.306152
2032.208984	1601.393188
2035.423828	1611.241211
2038.636719	1622.634521
2041.847656	1603.26355
2045.058594	1586.186035
2048.267578	1637.617554
2051.476563	1565.85376
2054.683594	1621.939697
2057.888672	1606.382813
2061.09375	1643.249512
2064.296875	1614.573975
2067.498047	1588.19104
2070.699219	1588.807739
2073.898438	1593.286011
2077.097656	1570.725952
2080.292969	1590.658325
2083.490234	1598.234253
2086.683594	1601.174683
2089.876953	1599.474121
2093.068359	1620.221069
2096.259766	1614.653687
2099.449219	1624.575928
2102.636719	1637.605469
2105.824219	1625.059448
2109.009766	1607.849487
2112.195313	1633.30127
2115.378906	1588.136597
2118.560547	1643.883789
2121.742188	1601.018066
2124.921875	1605.522827
2128.099609	1598.369507
2131.277344	1630.096069
2134.453125	1643.952393
2137.626953	1618.903076
2140.800781	1596.948608
2143.972656	1686.362305
2147.144531	1607.532837
2150.314453	1627.641479
2153.482422	1610.333862
2156.650391	1651.521606
2159.816406	1589.724731
2162.980469	1609.856079
2166.144531	1622.192261
2169.306641	1622.817627
2172.46875	1631.259399
2175.628906	1614.685547
2178.787109	1622.347656
2181.945313	1615.929688
2185.101563	1593.066895
2188.255859	1615.608032
2191.410156	1631.115112
2194.564453	1648.984985
2197.714844	1604.145142
2200.865234	1600.840454
2204.013672	1600.671387
2207.162109	1605.211426
2210.308594	1587.7677
2213.455078	1599.375488
2216.599609	1603.919189
2219.742188	1610.824463
2222.884766	1589.422363
2226.025391	1595.539795
2229.164063	1663.052124
2232.302734	1571.569214
2235.439453	1611.555176
2238.576172	1608.233521
2241.710938	1641.169067
2244.84375	1592.118408
2247.976563	1585.628784
2251.107422	1629.640869
2254.236328	1648.423218
2257.365234	1626.940796
2260.492188	1631.51416
2263.619141	1619.492676
2266.744141	1658.856079
2269.867188	1661.072754
2272.990234	1659.334351
2276.111328	1637.012817
2279.232422	1641.598267
2282.351563	1639.057129
2285.46875	1642.853516
2288.585938	1626.832397
2291.701172	1599.69519
2294.816406	1620.141479
2297.929688	1595.361328
2301.041016	1617.408691
2304.152344	1646.62146
2307.261719	1629.768188
2310.369141	1605.747314
2313.476563	1622.264282
2316.583984	1628.451538
2319.6875	1644.193237
2322.791016	1667.111694
2325.894531	1762.523438
2328.996094	1758.414307
2332.095703	1729.593262
2335.195313	1676.829346
2338.292969	1608.071777
2341.388672	1606.289917
2344.484375	1684.33252
2347.578125	1638.656494
2350.671875	1626.497803
2353.763672	1631.911255
2356.853516	1602.950928
2359.943359	1627.553589
2363.03125	1638.57312
2366.119141	1652.001709
2369.205078	1662.237427
2372.289063	1604.395874
2375.373047	1633.851685
2378.457031	1623.24939
2381.537109	1650.328247
2384.617188	1649.349854
2387.697266	1664.420654
2390.773438	1640.967041
2393.851563	1638.376587
2396.925781	1673.545044
2400	1649.263306
2403.074219	1627.375
2406.146484	1621.556519
2409.216797	1688.956299
2412.286133	1700.864868
2415.355469	1635.477417
2418.421875	1671.541016
2421.488281	1627.044678
2424.553711	1663.937744
2427.617188	1678.276855
2430.679688	1656.321411
2433.741211	1657.754395
2436.801758	1675.335938
2439.861328	1667.891724
2442.918945	1667.713623
2445.976563	1627.927856
2449.032227	1653.609253
2452.086914	1663.131348
2455.140625	1662.949585
2458.192383	1693.529297
2461.243164	1713.60376
2464.293945	1664.021362
2467.342773	1681.667847
2470.390625	1681.490723
2473.436523	1635.894165
2476.482422	1622.717163
2479.526367	1673.651367
2482.569336	1657.22998
2485.611328	1696.03064
2488.652344	1703.982056
2491.692383	1646.095215
2494.730469	1698.758545
2497.768555	1688.821899
2500.804688	1678.063477
2503.839844	1658.341309
2506.873047	1639.418457
2509.90625	1643.293091
2512.938477	1671.621216
2515.96875	1691.816772
2518.998047	1670.429565
2522.026367	1670.240479
2525.053711	1726.372192
2528.079102	1657.612305
2531.104492	1638.629272
2534.12793	1643.329346
2537.150391	1694.628906
2540.171875	1723.886353
2543.192383	1704.079834
2546.211914	1680.984619
2549.230469	1661.96521
2552.24707	1694.528809
2555.262695	1732.85144
2558.277344	1668.749756
2561.291016	1674.293579
2564.303711	1672.458984
2567.31543	1684.571899
2570.325195	1709.006226
2573.333984	1740.02771
2576.341797	1709.46228
2579.348633	1701.883179
2582.354492	1690.1875
2585.359375	1712.200562
2588.363281	1724.3573
2591.365234	1685.496948
2594.366211	1691.065552
2597.366211	1712.286621
2600.365234	1658.546509
2603.363281	1701.200317
2606.360352	1714.202393
2609.355469	1709.067261
2612.350586	1692.375854
2615.34375	1714.467896
2618.335938	1777.038452
2621.327148	1687.658447
2624.317383	1698.203003
2627.306641	1730.248901
2630.293945	1697.812866
2633.280273	1743.118408
2636.266602	1704.041382
2639.250977	1705.502686
2642.234375	1747.547485
2645.216797	1763.938843
2648.197266	1714.034912
2651.177734	1718.817139
2654.157227	1735.214844
2657.134766	1760.751709
2660.111328	1747.293823
2663.086914	1760.397705
2666.061523	1724.500488
2669.035156	1761.703613
2672.007813	1712.478638
2674.978516	1695.649414
2677.949219	1737.873535
2680.917969	1752.665161
2683.885742	1767.467163
2686.852539	1742.303467
2689.818359	1736.283203
2692.783203	1753.594849
2695.74707	1740.90332
2698.708984	1719.027222
2701.670898	1745.528687
2704.630859	1784.569824
2707.589844	1734.294434
2710.547852	1791.736084
2713.504883	1782.370605
2716.460938	1744.576294
2719.416016	1787.868286
2722.369141	1775.980103
2725.322266	1789.188232
2728.273438	1768.919312
2731.223633	1760.359619
2734.173828	1774.413208
2737.12207	1783.448242
2740.069336	1790.812744
2743.014648	1752.89209
2745.959961	1814.785889
2748.904297	1752.505005
2751.84668	1777.499634
2754.788086	1789.913086
2757.729492	1806.536499
2760.668945	1775.259888
2763.607422	1801.138916
2766.544922	1782.454102
2769.481445	1788.999756
2772.416016	1781.23938
2775.350586	1812.209595
2778.28418	1812.875366
2781.21582	1773.090454
2784.146484	1769.526245
2787.077148	1725.478638
2790.005859	1776.730957
2792.933594	1821.268799
2795.860352	1751.018066
2798.785156	1750.815552
2801.709961	1790.322388
2804.633789	1752.099365
2807.555664	1810.235962
2810.477539	1790.599487
2813.397461	1747.25647
2816.316406	1831.693604
2819.234375	1823.896606
2822.151367	1797.458252
2825.067383	1815.06311
2827.982422	1821.660767
2830.896484	1840.982666
2833.80957	1820.44812
2836.720703	1852.511963
2839.631836	1865.07373
2842.541016	1908.216431
2845.450195	2032.096313
2848.357422	2086.378662
2851.263672	2125.397461
2854.168945	2161.892578
2857.073242	2192.45874
2859.976563	2217.088867
2862.878906	2263.021484
2865.779297	2255.329102
2868.679688	2346.465332
2871.579102	2406.983398
2874.476563	2499.945313
2877.374023	2526.444336
2880.269531	2531.630371
2883.164063	2559.012695
2886.057617	2561.651367
2888.950195	2524.144531
2891.841797	2557.533691
2894.732422	2557.608643
2897.62207	2603.860107
2900.510742	2648.433594
2903.398438	2629.713623
2906.28418	2645.22168
2909.169922	2710.409912
2912.053711	2761.937988
2914.9375	2832.356445
2917.819336	2871.105469
2920.700195	2962.196289
2923.581055	3058.5
2926.459961	3018.413574
2929.337891	3016.931885
2932.214844	3079.003906
2935.09082	3158.303467
2937.96582	3163.744629
2940.838867	3072.032715
2943.711914	3036.160156
2946.583984	2905.615723
2949.454102	2756.040039
2952.324219	2775.118408
2955.193359	2688.264404
2958.060547	2654.769775
2960.926758	2624.698242
2963.792969	2608.400879
2966.657227	2628.320068
2969.520508	2589.575439
2972.382813	2499.009521
2975.244141	2504.229004
2978.104492	2450.710693
2980.963867	2377.277588
2983.822266	2441.240723
2986.679688	2305.486572
2989.536133	2291.611084
2992.390625	2195.512207
2995.245117	2232.662842
2998.098633	2150.328857
3000.950195	2106.053711
3003.801758	2060.013184
3006.651367	2012.204834
3009.500977	1992.114258
3012.348633	1978.949341
3015.195313	1942.341553
3018.041992	1940.435059
3020.886719	1862.965942
3023.730469	1847.996338
3026.573242	1873.865112
3029.415039	1871.929565
3032.255859	1841.290039
3035.095703	1838.470459
3037.93457	1843.481934
3040.772461	1846.755249
3043.609375	1872.676758
3046.445313	1842.851685
3049.280273	1853.100098
3052.114258	1821.501953
3054.946289	1911.997314
3057.77832	1880.396729
3060.609375	1948.282104
3063.438477	1898.333862
3066.267578	1880.669312
3069.094727	1852.505737
3071.921875	1865.406128
3074.74707	1811.857178
3077.572266	1847.495117
3080.395508	1801.776367
3083.21875	1812.049194
3086.040039	1838.967163
3088.860352	1805.459229
3091.679688	1759.658447
3094.499023	1774.3125
3097.316406	1816.161987
3100.132813	1805.405273
3102.948242	1770.945923
3105.762695	1815.471436
3108.576172	1786.259521
3111.388672	1799.194946
3114.201172	1806.866211
3117.011719	1784.651978
3119.821289	1777.37207
3122.629883	1755.130493
3125.436523	1758.395142
3128.243164	1807.441895
3131.048828	1800.158081
3133.853516	1798.154907
3136.657227	1774.116577
3139.459961	1769.456909
3142.261719	1783.314575
3145.0625	1821.885254
3147.861328	1807.527954
3150.660156	1789.62854
3153.458008	1744.336548
3156.254883	1724.634033
3159.049805	1757.947388
3161.844727	1793.936279
3164.638672	1832.60376
3167.430664	1793.43811
3170.222656	1787.877563
3173.013672	1738.927979
3175.802734	1746.62915
3178.591797	1813.699219
3181.379883	1730.138306
3184.166016	1726.316895
3186.952148	1767.727661
3189.737305	1754.155884
3192.520508	1735.248535
3195.303711	1812.22168
3198.084961	1787.103149
3200.866211	1742.692017
