399.363281	1102.759888
403.25	1074.624268
407.134766	1089.722046
411.017578	1096.559082
414.898438	1055.012573
418.777344	1063.750732
422.654297	1054.653076
426.53125	1050.647461
430.404297	1053.016113
434.277344	1071.338623
438.148438	1060.950439
442.017578	1001.378235
445.884766	1006.284119
449.751953	1038.678955
453.615234	1015.46814
457.478516	1060.689209
461.339844	1036.187134
465.199219	1042.397705
469.056641	1062.705933
472.912109	1026.636841
476.765625	1014.898987
480.619141	992.888245
484.470703	1071.601685
488.320313	1029.053223
492.167969	1045.553101
496.013672	1029.29895
499.857422	1053.526001
503.699219	1065.55542
507.541016	1064.084717
511.380859	1061.968872
515.21875	1042.465698
519.054688	1045.491455
522.888672	1022.097107
526.720703	1068.95752
530.552734	1045.55249
534.380859	1075.685425
538.208984	1074.211548
542.035156	1051.42334
545.859375	1016.985291
549.683594	1053.620483
553.503906	1049.546631
557.324219	1033.823853
561.140625	1032.326294
564.957031	1026.942139
568.773438	1036.452026
572.585938	1023.935669
576.396484	1030.210205
580.207031	1042.97583
584.015625	1005.138428
587.820313	1019.851257
591.626953	1011.196167
595.429688	998.634949
599.230469	1018.563171
603.03125	1007.294312
606.828125	988.208801
610.625	1000.347107
614.419922	1011.193298
618.214844	1038.984863
622.005859	1036.171021
625.796875	1051.609253
629.583984	1039.666504
633.371094	1002.265015
637.15625	1048.389038
640.941406	1069.735474
644.722656	1065.619019
648.503906	1041.889771
652.283203	1050.835449
656.060547	1015.303589
659.835938	1052.387207
663.609375	1079.026245
667.382813	1104.377563
671.152344	1064.219482
674.921875	1075.16272
678.689453	1082.179688
682.455078	1074.76709
686.220703	1064.065796
689.982422	1081.593262
693.744141	1057.088501
697.503906	1091.05896
701.261719	1090.208252
705.017578	1106.459961
708.773438	1146.416992
712.525391	1135.712036
716.277344	1151.344238
720.027344	1153.810425
723.775391	1176.714478
727.523438	1159.407837
731.267578	1191.569946
735.011719	1156.432617
738.753906	1192.582153
742.494141	1186.482178
746.232422	1207.473755
749.970703	1184.18335
753.707031	1204.529663
757.439453	1226.216309
761.171875	1199.593018
764.904297	1204.737671
768.632813	1192.659058
772.361328	1230.284912
776.087891	1248.71106
779.8125	1259.191284
783.535156	1253.08728
787.255859	1249.633667
790.976563	1233.555542
794.695313	1255.34314
798.412109	1202.022461
802.126953	1228.470215
805.839844	1253.609253
809.552734	1260.795776
813.263672	1254.00293
816.972656	1271.85498
820.679688	1270.392456
824.384766	1266.927979
828.089844	1273.466553
831.791016	1237.966187
835.492188	1241.159058
839.193359	1252.369507
842.890625	1274.280396
846.587891	1246.072388
850.28125	1284.04895
853.974609	1280.575806
857.666016	1273.08313
861.357422	1260.226929
865.044922	1295.592529
868.732422	1264.639282
872.417969	1239.023315
876.101563	1226.800415
879.785156	1287.03833
883.464844	1249.986084
887.144531	1245.810547
890.822266	1253.052979
894.5	1267.022827
898.173828	1240.657471
901.847656	1284.905762
905.519531	1228.91272
909.189453	1257.033691
912.857422	1272.379883
916.523438	1272.91394
920.189453	1271.425537
923.853516	1265.214722
927.515625	1283.96228
931.177734	1250.751221
934.835938	1297.869141
938.494141	1246.395508
942.150391	1286.791992
945.804688	1252.172729
949.458984	1280.429688
953.109375	1251.191528
956.759766	1257.807983
960.408203	1250.207275
964.056641	1279.186768
967.701172	1284.466553
971.345703	1274.832153
974.988281	1299.786987
978.628906	1264.36084
982.267578	1297.478882
985.90625	1238.248169
989.542969	1289.049805
993.177734	1314.740845
996.810547	1307.128662
1000.443359	1385.236572
1004.074219	1450.476807
1007.703125	1344.174438
1011.330078	1291.599609
1014.955078	1285.32312
1018.580078	1291.994995
1022.203125	1237.2854
1025.824219	1256.224609
1029.443359	1314.772705
1033.0625	1272.295776
1036.679688	1287.172974
1040.294922	1292.493286
1043.908203	1290.296143
1047.519531	1257.313721
1051.130859	1290.685547
1054.740234	1349.416382
1058.347656	1299.293335
1061.953125	1325.871216
1065.558594	1314.083496
1069.162109	1345.489258
1072.763672	1385.153564
1076.363281	1321.898804
1079.962891	1315.581421
1083.560547	1341.543335
1087.15625	1363.40332
1090.75	1361.906494
1094.34375	1373.475708
1097.933594	1360.97229
1101.523438	1344.328125
1105.113281	1358.657837
1108.699219	1364.043213
1112.285156	1332.216187
1115.869141	1346.557617
1119.451172	1374.705933
1123.03125	1411.157959
1126.611328	1424.858521
1130.189453	1424.757446
1133.765625	1333.455933
1137.341797	1303.594971
1140.914063	1273.017334
1144.486328	1270.776611
1148.056641	1313.51709
1151.626953	1292.597412
1155.193359	1354.08252
1158.759766	1344.248169
1162.324219	1317.075439
1165.888672	1351.599854
1169.449219	1361.176758
1173.009766	1364.514771
1176.568359	1422.70813
1180.125	1380.228027
1183.681641	1339.102173
1187.236328	1355.643921
1190.789063	1316.559937
1194.339844	1367.894043
1197.890625	1375.418213
1201.439453	1377.377441
1204.986328	1442.731812
1208.53125	1425.205811
1212.076172	1436.947754
1215.619141	1466.136475
1219.160156	1522.562256
1222.699219	1502.94458
1226.238281	1546.860718
1229.775391	1581.031616
1233.310547	1573.294312
1236.84375	1598.413452
1240.376953	1538.91272
1243.908203	1537.445435
1247.4375	1550.678223
1250.964844	1622.052124
1254.492188	1579.977905
1258.017578	1591.140503
1261.541016	1555.329224
1265.064453	1574.908203
1268.583984	1591.695679
1272.103516	1552.328857
1275.623047	1543.131836
1279.138672	1539.548218
1282.654297	1574.623901
1286.167969	1573.862305
1289.679688	1601.944702
1293.191406	1594.858521
1296.701172	1663.809937
1300.208984	1659.560059
1303.714844	1702.520142
1307.220703	1708.856323
1310.722656	1727.891968
1314.226563	1707.432007
1317.726563	1742.716064
1321.226563	1728.599487
1324.724609	1727.892944
1328.220703	1715.171387
1331.714844	1777.380249
1335.208984	1780.227783
1338.701172	1762.557617
1342.191406	1797.25415
1345.681641	1721.507446
1349.169922	1663.409424
1352.65625	1661.96167
1356.140625	1633.569702
1359.625	1647.712402
1363.107422	1639.15918
1366.587891	1603.623047
1370.068359	1611.37793
1373.544922	1611.32373
1377.021484	1604.872314
1380.498047	1572.106812
1383.970703	1604.045044
1387.443359	1619.641724
1390.914063	1584.7052
1394.384766	1601.018066
1397.851563	1576.019531
1401.318359	1583.075195
1404.785156	1555.908936
1408.248047	1596.489014
1411.710938	1587.146606
1415.171875	1569.942749
1418.630859	1629.860962
1422.089844	1624.806396
1425.546875	1596.158936
1429.001953	1613.968872
1432.457031	1636.800537
1435.908203	1684.698853
1439.361328	1748.386963
1442.810547	1751.960693
1446.257813	1837.939697
1449.705078	1818.613037
1453.152344	1828.672485
1456.595703	1815.064819
1460.039063	1780.63208
1463.480469	1757.659058
1466.919922	1772.736206
1470.359375	1692.254028
1473.796875	1671.372559
1477.232422	1663.418701
1480.666016	1673.444214
1484.099609	1657.56665
1487.53125	1629.435303
1490.962891	1584.713257
1494.390625	1529.866089
1497.818359	1521.833252
1501.246094	1529.659668
1504.669922	1481.9375
1508.09375	1473.87439
1511.515625	1505.518188
1514.935547	1444.724731
1518.355469	1469.877686
1521.773438	1484.206421
1525.189453	1523.136353
1528.605469	1506.38562
1532.019531	1493.240112
1535.431641	1524.978516
1538.841797	1519.07312
1542.251953	1563.891235
1545.660156	1586.995483
1549.068359	1609.3927
1552.472656	1639.06311
1555.876953	1652.062256
1559.28125	1654.905273
1562.681641	1648.306396
1566.082031	1675.858398
1569.480469	1668.534668
1572.878906	1739.028198
1576.273438	1746.275513
1579.667969	1739.697876
1583.0625	1714.181396
1586.453125	1705.399292
1589.84375	1673.288574
1593.234375	1657.191406
1596.621094	1683.384277
1600.007813	1653.413696
1603.392578	1673.785645
1606.777344	1729.955566
1610.160156	1718.229858
1613.541016	1691.877686
1616.919922	1707.909302
1620.298828	1689.57666
1623.675781	1682.204468
1627.050781	1669.702026
1630.425781	1651.330688
1633.798828	1721.587769
1637.169922	1671.707642
1640.541016	1687.039917
1643.910156	1735.390259
1647.277344	1743.421875
1650.642578	1773.481079
1654.007813	1810.173096
1657.371094	1848.363281
1660.734375	1821.174072
1664.09375	1820.43103
1667.453125	1802.769897
1670.8125	1802.753784
1674.167969	1788.751221
1677.523438	1740.862183
1680.878906	1734.189819
1684.230469	1689.924927
1687.582031	1695.759888
1690.933594	1614.564453
1694.28125	1599.712646
1697.628906	1582.634155
1700.974609	1567.756958
1704.320313	1526.272339
1707.664063	1515.055298
1711.005859	1487.563354
1714.345703	1498.510498
1717.685547	1477.648804
1721.023438	1490.820557
1724.361328	1420.323364
1727.695313	1469.782227
1731.03125	1442.204346
1734.363281	1453.157349
1737.695313	1518.262939
1741.025391	1448.376465
1744.353516	1440.786621
1747.681641	1454.725464
1751.007813	1484.275391
1754.332031	1470.001099
1757.65625	1444.56311
1760.978516	1431.004761
1764.298828	1445.709595
1767.619141	1444.049927
1770.9375	1449.090332
1774.253906	1441.470459
1777.570313	1460.672729
1780.884766	1449.322998
1784.197266	1449.897217
1787.509766	1422.118652
1790.818359	1448.806519
1794.128906	1440.419434
1797.435547	1406.626953
1800.742188	1419.887817
1804.048828	1460.072632
1807.351563	1447.187988
1810.654297	1420.825195
1813.955078	1434.859741
1817.255859	1451.900269
1820.554688	1448.728516
1823.851563	1471.032959
1827.148438	1440.127563
1830.443359	1427.196777
1833.736328	1417.256592
1837.027344	1444.085693
1840.318359	1467.181396
1843.609375	1465.506836
1846.896484	1459.321777
1850.183594	1415.544067
1853.46875	1448.440186
1856.753906	1467.067383
1860.037109	1469.150757
1863.318359	1461.447388
1866.599609	1479.347412
1869.878906	1435.471802
1873.15625	1468.451416
1876.433594	1468.275391
1879.708984	1439.430908
1882.982422	1462.638794
1886.255859	1525.125122
1889.527344	1450.949341
1892.796875	1450.008667
1896.066406	1474.767578
1899.333984	1457.95459
1902.599609	1445.666992
1905.865234	1437.910156
1909.128906	1422.575928
1912.390625	1455.702271
1915.652344	1467.639038
1918.912109	1469.731079
1922.169922	1475.615723
1925.427734	1438.265625
1928.683594	1449.453979
1931.939453	1443.948975
1935.191406	1449.831421
1938.445313	1482.309937
1941.695313	1454.768311
1944.945313	1474.347412
1948.193359	1468.839478
1951.441406	1432.127686
1954.6875	1418.985718
1957.931641	1461.426636
1961.173828	1445.237793
1964.416016	1455.711182
1967.658203	1491.353271
1970.896484	1488.885498
1974.134766	1442.158691
1977.373047	1456.462524
1980.607422	1436.41333
1983.84375	1442.322144
1987.076172	1462.755737
1990.308594	1451.09436
1993.539063	1484.54895
1996.767578	1430.038574
1999.996094	1442.843628
2003.222656	1451.82959
2006.449219	1468.482544
2009.673828	1449.130615
2012.896484	1476.52771
2016.119141	1400.4104
2019.339844	1479.213379
2022.558594	1447.553589
2025.777344	1453.492188
2028.994141	1476.333862
2032.208984	1458.466553
2035.423828	1471.333862
2038.636719	1475.751465
2041.847656	1494.789429
2045.058594	1446.115234
2048.267578	1455.916626
2051.476563	1463.414673
2054.683594	1441.63855
2057.888672	1443.740479
2061.09375	1435.819092
2064.296875	1488.061768
2067.498047	1484.009399
2070.699219	1466.057251
2073.898438	1465.854004
2077.097656	1479.557373
2080.292969	1483.996094
2083.490234	1453.643188
2086.683594	1453.433472
2089.876953	1477.211426
2093.068359	1444.497192
2096.259766	1448.154663
2099.449219	1470.407837
2102.636719	1448.501953
2105.824219	1453.714844
2109.009766	1507.795166
2112.195313	1452.513062
2115.378906	1461.613525
2118.560547	1501.004883
2121.742188	1454.199829
2124.921875	1464.087646
2128.099609	1462.321533
2131.277344	1495.550903
2134.453125	1467.342285
2137.626953	1416.540283
2140.800781	1439.66748
2143.972656	1465.927856
2147.144531	1436.104248
2150.314453	1486.548096
2153.482422	1456.70874
2156.650391	1461.171509
2159.816406	1443.005005
2162.980469	1463.860352
2166.144531	1489.417725
2169.306641	1486.866577
2172.46875	1448.358276
2175.628906	1466.118774
2178.787109	1449.474487
2181.945313	1503.244995
2185.101563	1486.601563
2188.255859	1485.607544
2191.410156	1501.848145
2194.564453	1485.967529
2197.714844	1465.370117
2200.865234	1481.620483
2204.013672	1439.034912
2207.162109	1452.932251
2210.308594	1439.356201
2213.455078	1445.408081
2216.599609	1470.324707
2219.742188	1447.304932
2222.884766	1490.329224
2226.025391	1455.497314
2229.164063	1459.991333
2232.302734	1463.700928
2235.439453	1476.865112
2238.576172	1449.852783
2241.710938	1477.998047
2244.84375	1482.507568
2247.976563	1514.630493
2251.107422	1456.022949
2254.236328	1466.054565
2257.365234	1457.928467
2260.492188	1449.795898
2263.619141	1477.223877
2266.744141	1485.696167
2269.867188	1489.428589
2272.990234	1481.294189
2276.111328	1479.485962
2279.232422	1486.386841
2282.351563	1448.929688
2285.46875	1452.653442
2288.585938	1468.271729
2291.701172	1521.970825
2294.816406	1500.33667
2297.929688	1460.430298
2301.041016	1500.688477
2304.152344	1480.609009
2307.261719	1520.905029
2310.369141	1488.098389
2313.476563	1499.003906
2316.583984	1495.5979
2319.6875	1514.47229
2322.791016	1536.545166
2325.894531	1601.642334
2328.996094	1556.041382
2332.095703	1589.312866
2335.195313	1516.561768
2338.292969	1508.364868
2341.388672	1500.161499
2344.484375	1496.740967
2347.578125	1474.950562
2350.671875	1462.729614
2353.763672	1453.695679
2356.853516	1519.80542
2359.943359	1470.796631
2363.03125	1470.555298
2366.119141	1520.738037
2369.205078	1476.476807
2372.289063	1456.211548
2375.373047	1481.604614
2378.457031	1466.134888
2381.537109	1469.096802
2384.617188	1493.720581
2387.697266	1514.349976
2390.773438	1473.177368
2393.851563	1510.679565
2396.925781	1495.183472
2400	1451.544678
2403.074219	1510.789307
2406.146484	1481.600708
2409.216797	1423.422363
2412.286133	1497.211914
2415.355469	1484.894409
2418.421875	1487.067261
2421.488281	1497.300171
2424.553711	1524.470093
2427.617188	1545.208374
2430.679688	1517.555054
2433.741211	1516.514404
2436.801758	1528.390747
2439.861328	1505.544922
2442.918945	1473.793335
2445.976563	1482.432861
2449.032227	1481.375122
2452.086914	1547.456299
2455.140625	1492.203857
2458.192383	1517.862061
2461.243164	1495.759155
2464.293945	1540.070435
2467.342773	1534.167236
2470.390625	1537.177612
2473.436523	1515.858276
2476.482422	1518.863281
2479.526367	1551.090088
2482.569336	1481.844604
2485.611328	1528.702026
2488.652344	1481.334961
2491.692383	1483.517944
2494.730469	1515.790405
2497.768555	1516.360229
2500.804688	1529.137329
2503.839844	1481.679565
2506.873047	1528.657959
2509.90625	1506.419922
2512.938477	1498.020386
2515.96875	1511.628174
2518.998047	1513.011108
2522.026367	1507.86731
2525.053711	1511.697998
2528.079102	1498.383545
2531.104492	1529.986328
2534.12793	1530.559937
2537.150391	1510.696655
2540.171875	1559.511963
2543.192383	1506.92041
2546.211914	1541.039063
2549.230469	1563.720947
2552.24707	1509.432861
2555.262695	1537.035156
2558.277344	1529.414063
2561.291016	1551.304321
2564.303711	1498.569214
2567.31543	1537.694946
2570.325195	1534.165527
2573.333984	1572.512085
2576.341797	1552.562988
2579.348633	1543.281738
2582.354492	1563.587891
2585.359375	1524.697266
2588.363281	1563.932861
2591.365234	1576.861328
2594.366211	1569.216675
2597.366211	1550.858887
2600.365234	1556.380737
2603.363281	1556.136719
2606.360352	1580.628174
2609.355469	1539.975098
2612.350586	1569.428955
2615.34375	1627.795288
2618.335938	1554.082886
2621.327148	1553.009277
2624.317383	1575.072998
2627.306641	1583.099121
2630.293945	1585.342041
2633.280273	1623.987305
2636.266602	1555.072266
2639.250977	1567.241089
2642.234375	1557.884766
2645.216797	1555.149414
2648.197266	1517.600586
2651.177734	1564.596191
2654.157227	1590.890137
2657.134766	1540.0354
2660.111328	1551.397705
2663.086914	1599.304688
2666.061523	1572.485229
2669.035156	1544.814575
2672.007813	1544.555908
2674.978516	1590.866821
2677.949219	1588.960449
2680.917969	1611.18689
2683.885742	1595.132935
2686.852539	1602.38623
2689.818359	1623.807983
2692.783203	1609.406738
2695.74707	1616.672241
2698.708984	1648.964966
2701.670898	1621.205688
2704.630859	1648.515137
2707.589844	1618.22937
2710.547852	1636.368774
2713.504883	1656.192505
2716.460938	1708.63147
2719.416016	1705.917358
2722.369141	1690.65271
2725.322266	1690.439819
2728.273438	1688.552002
2731.223633	1676.612793
2734.173828	1642.88208
2737.12207	1672.820801
2740.069336	1659.18457
2743.014648	1682.44104
2745.959961	1682.22168
2748.904297	1684.519897
2751.84668	1694.376099
2754.788086	1643.763428
2757.729492	1610.758301
2760.668945	1642.45166
2763.607422	1689.303467
2766.544922	1619.265747
2769.481445	1681.289551
2772.416016	1664.229858
2775.350586	1641.262329
2778.28418	1604.799072
2781.21582	1618.871948
2784.146484	1606.820923
2787.077148	1622.59082
2790.005859	1683.929321
2792.933594	1638.973145
2795.860352	1609.180542
2798.785156	1621.594727
2801.709961	1663.588867
2804.633789	1661.662964
2807.555664	1658.889771
2810.477539	1662.034912
2813.397461	1675.335571
2816.316406	1706.420654
2819.234375	1697.731079
2822.151367	1716.987671
2825.067383	1740.494751
2827.982422	1750.455811
2830.896484	1729.048218
2833.80957	1833.172607
2836.720703	1760.862305
2839.631836	1843.850708
2842.541016	1945.58252
2845.450195	2111.103516
2848.357422	2234.252441
2851.263672	2252.071045
2854.168945	2310.724854
2857.073242	2379.630127
2859.976563	2382.200195
2862.878906	2454.586426
2865.779297	2612.195801
2868.679688	2752.027344
2871.579102	2785.418457
2874.476563	2994.477539
2877.374023	2966.567627
2880.269531	2994.952148
2883.164063	2982.38501
2886.057617	3009.08667
2888.950195	2987.972168
2891.841797	3003.585449
2894.732422	3016.644775
2897.62207	3102.398926
2900.510742	3142.876221
2903.398438	3171.4021
2906.28418	3294.970215
2909.169922	3380.09082
2912.053711	3482.40625
2914.9375	3595.078857
2917.819336	3798.706543
2920.700195	3711.750244
2923.581055	3879.533447
2926.459961	3940.158203
2929.337891	4015.421143
2932.214844	3957.61499
2935.09082	4075.895508
2937.96582	4084.247314
2940.838867	4016.083008
2943.711914	3830.894531
2946.583984	3694.614502
2949.454102	3466.998535
2952.324219	3374.399414
2955.193359	3276.564453
2958.060547	3273.440674
2960.926758	3229.80127
2963.792969	3124.045166
2966.657227	3088.94458
2969.520508	3061.584229
2972.382813	2939.249512
2975.244141	2880.726807
2978.104492	2833.391357
2980.963867	2818.858643
2983.822266	2707.494873
2986.679688	2640.154053
2989.536133	2539.025391
2992.390625	2435.227295
2995.245117	2341.742188
2998.098633	2268.107666
3000.950195	2190.954346
3003.801758	2066.946289
3006.651367	2049.483887
3009.500977	2021.601318
3012.348633	1941.643433
3015.195313	1864.231323
3018.041992	1863.164917
3020.886719	1836.910522
3023.730469	1839.308105
3026.573242	1786.951172
3029.415039	1822.37085
3032.255859	1714.304443
3035.095703	1739.281738
3037.93457	1812.147949
3040.772461	1760.555908
3043.609375	1810.834961
3046.445313	1758.333252
3049.280273	1762.449951
3052.114258	1818.886108
3054.946289	1795.114258
3057.77832	1829.787476
3060.609375	1851.391724
3063.438477	1895.714233
3066.267578	1857.958008
3069.094727	1809.688477
3071.921875	1818.202759
3074.74707	1748.896851
3077.572266	1760.893799
3080.395508	1716.894165
3083.21875	1705.252075
3086.040039	1660.324707
3088.860352	1670.553589
3091.679688	1693.057861
3094.499023	1650.706787
3097.316406	1658.311157
3100.132813	1658.902466
3102.948242	1688.453857
3105.762695	1667.108398
3108.576172	1652.773071
3111.388672	1638.427002
3114.201172	1670.648193
3117.011719	1681.792725
3119.821289	1605.878906
3122.629883	1637.242065
3125.436523	1668.627197
3128.243164	1657.775513
3131.048828	1645.154297
3133.853516	1622.83252
3136.657227	1629.578491
3139.459961	1655.724976
3142.261719	1678.361816
3145.0625	1636.608765
3147.861328	1648.663208
3150.660156	1620.995483
3153.458008	1616.27124
3156.254883	1661.020508
3159.049805	1604.160156
3161.844727	1668.387329
3164.638672	1660.133789
3167.430664	1666.915283
3170.222656	1657.769653
3173.013672	1637.99231
3175.802734	1687.286255
3178.591797	1649.784058
3181.379883	1631.754395
3184.166016	1688.190674
3186.952148	1608.960327
3189.737305	1620.176392
3192.520508	1645.60144
3195.303711	1663.940918
3198.084961	1649.428711
3200.866211	1615.67627
