399.363281	1198.099365
403.25	1188.445435
407.134766	1178.146729
411.017578	1176.112183
414.898438	1153.70105
418.777344	1182.228394
422.654297	1160.437012
426.53125	1093.361938
430.404297	1134.017456
434.277344	1138.337158
438.148438	1122.871216
442.017578	1177.002686
445.884766	1140.455322
449.751953	1101.958374
453.615234	1121.619141
457.478516	1153.451538
461.339844	1109.789063
465.199219	1133.959717
469.056641	1126.762939
472.912109	1140.066772
476.765625	1152.099487
480.619141	1138.486206
484.470703	1118.444092
488.320313	1151.666504
492.167969	1144.456787
496.013672	1135.312866
499.857422	1132.588623
503.699219	1155.584229
507.541016	1141.285522
511.380859	1148.8573
515.21875	1158.366821
519.054688	1149.847412
522.888672	1180.631714
526.720703	1113.443726
530.552734	1142.94812
534.380859	1169.251343
538.208984	1174.918823
542.035156	1184.465942
545.859375	1135.870483
549.683594	1136.358765
553.503906	1183.407471
557.324219	1099.812622
561.140625	1115.171265
564.957031	1124.067749
568.773438	1110.947021
572.585938	1128.273438
576.396484	1105.41748
580.207031	1101.35144
584.015625	1105.068237
587.820313	1104.892944
591.626953	1136.540283
595.429688	1101.292358
599.230469	1084.864014
603.03125	1132.149414
606.828125	1096.202637
610.625	1107.085449
614.419922	1118.62854
618.214844	1111.290405
622.005859	1129.361206
625.796875	1137.015869
629.583984	1140.111084
633.371094	1139.293457
637.15625	1125.418945
640.941406	1143.532837
644.722656	1123.114136
648.503906	1145.817261
652.283203	1160.038696
656.060547	1147.450073
659.835938	1151.866577
663.609375	1154.977173
667.382813	1182.325928
671.152344	1131.060913
674.921875	1156.455444
678.689453	1183.183105
682.455078	1178.43811
686.220703	1173.032349
689.982422	1200.456909
693.744141	1158.921143
697.503906	1146.269165
701.261719	1173.716431
705.017578	1193.292725
708.773438	1198.407104
712.525391	1193.64978
716.277344	1229.72522
720.027344	1265.830933
723.775391	1270.983521
727.523438	1283.394531
731.267578	1214.002686
735.011719	1221.118896
738.753906	1244.088989
742.494141	1251.223389
746.232422	1274.225098
749.970703	1250.963135
753.707031	1286.551392
757.439453	1266.582886
761.171875	1293.600952
764.904297	1288.850708
768.632813	1278.132935
772.361328	1260.114014
776.087891	1338.899414
779.8125	1374.628296
783.535156	1354.635132
787.255859	1367.160278
790.976563	1329.875244
794.695313	1331.102417
798.412109	1295.76416
802.126953	1316.265625
805.839844	1304.844849
809.552734	1331.357788
813.263672	1372.543823
816.972656	1351.803955
820.679688	1356.373901
824.384766	1388.953247
828.089844	1327.500488
831.791016	1337.403931
835.492188	1327.953369
839.193359	1284.430176
842.890625	1321.055176
846.587891	1335.650513
850.28125	1353.601685
853.974609	1372.236572
857.666016	1354.742554
861.357422	1313.796631
865.044922	1338.466431
868.732422	1308.201294
872.417969	1315.456665
876.101563	1332.108154
879.785156	1329.313354
883.464844	1316.446167
887.144531	1327.745239
890.822266	1308.146973
894.5	1338.944092
898.173828	1304.539551
901.847656	1337.378418
905.519531	1341.978149
909.189453	1327.729126
912.857422	1308.75293
916.523438	1293.803467
920.189453	1339.51355
923.853516	1331.307983
927.515625	1318.372192
931.177734	1322.299927
934.835938	1318.80249
938.494141	1316.652954
942.150391	1294.901978
945.804688	1321.81311
949.458984	1305.456543
953.109375	1295.852783
956.759766	1317.381226
960.408203	1320.641479
964.056641	1296.125244
967.701172	1274.977173
971.345703	1315.518311
974.988281	1311.997925
978.628906	1331.549072
982.267578	1328.031738
985.90625	1336.058228
989.542969	1312.153442
993.177734	1365.726074
996.810547	1343.173218
1000.443359	1414.492554
1004.074219	1408.956787
1007.703125	1376.178589
1011.330078	1331.791748
1014.955078	1337.117676
1018.580078	1313.130615
1022.203125	1304.810913
1025.824219	1342.202026
1029.443359	1327.060303
1033.0625	1316.003174
1036.679688	1368.475342
1040.294922	1334.186646
1043.908203	1319.69873
1047.519531	1372.920898
1051.130859	1352.961548
1054.740234	1365.847656
1058.347656	1336.279053
1061.953125	1373.835571
1065.558594	1341.503052
1069.162109	1370.862915
1072.763672	1383.095459
1076.363281	1396.710327
1079.962891	1381.497803
1083.560547	1433.589844
1087.15625	1414.255981
1090.75	1410.030396
1094.34375	1367.285767
1097.933594	1420.14502
1101.523438	1434.50061
1105.113281	1424.077271
1108.699219	1403.311157
1112.285156	1392.865479
1115.869141	1364.484131
1119.451172	1389.880859
1123.03125	1418.058472
1126.611328	1377.915405
1130.189453	1384.701294
1133.765625	1388.037842
1137.341797	1376.17041
1140.914063	1345.622925
1144.486328	1321.967407
1148.056641	1366.805298
1151.626953	1373.601196
1155.193359	1400.488403
1158.759766	1432.247925
1162.324219	1400.259155
1165.888672	1403.611206
1169.449219	1405.578003
1173.009766	1410.322388
1176.568359	1430.345947
1180.125	1440.660767
1183.681641	1394.695435
1187.236328	1386.928101
1190.789063	1422.969727
1194.339844	1411.727905
1197.890625	1445.720459
1201.439453	1506.898315
1204.986328	1513.788574
1208.53125	1538.107178
1212.076172	1496.210571
1215.619141	1493.338745
1219.160156	1567.918213
1222.699219	1575.543823
1226.238281	1582.476929
1229.775391	1585.922119
1233.310547	1628.509888
1236.84375	1584.429199
1240.376953	1614.459351
1243.908203	1630.517944
1247.4375	1652.189941
1250.964844	1640.261719
1254.492188	1624.119263
1258.017578	1617.776245
1261.541016	1605.817871
1265.064453	1633.134277
1268.583984	1637.312988
1272.103516	1616.921509
1275.623047	1636.548584
1279.138672	1640.732544
1282.654297	1635.078125
1286.167969	1609.024658
1289.679688	1661.744995
1293.191406	1684.947632
1296.701172	1694.790771
1300.208984	1729.999756
1303.714844	1716.613892
1307.220703	1733.530396
1310.722656	1781.491943
1314.226563	1799.153564
1317.726563	1768.832031
1321.226563	1786.501953
1324.724609	1814.782104
1328.220703	1809.163086
1331.714844	1794.348022
1335.208984	1822.664673
1338.701172	1824.116211
1342.191406	1808.579834
1345.681641	1760.455566
1349.169922	1739.920654
1352.65625	1718.659668
1356.140625	1724.323608
1359.625	1725.026489
1363.107422	1686.701904
1366.587891	1732.111694
1370.068359	1737.078247
1373.544922	1731.391602
1377.021484	1703.666504
1380.498047	1676.629517
1383.970703	1698.651733
1387.443359	1697.208008
1390.914063	1714.984253
1394.384766	1730.637817
1397.851563	1734.903931
1401.318359	1662.906006
1404.785156	1672.851685
1408.248047	1687.085205
1411.710938	1681.347778
1415.171875	1718.441284
1418.630859	1698.426514
1422.089844	1722.694946
1425.546875	1667.639404
1429.001953	1739.110352
1432.457031	1754.838989
1435.908203	1811.373413
1439.361328	1877.26062
1442.810547	1878.021729
1446.257813	1902.428833
1449.705078	1891.01355
1453.152344	1914.010498
1456.595703	1886.089111
1460.039063	1848.096558
1463.480469	1850.998779
1466.919922	1853.184448
1470.359375	1827.346924
1473.796875	1820.897583
1477.232422	1804.374146
1480.666016	1766.253418
1484.099609	1808.712524
1487.53125	1795.042969
1490.962891	1732.379761
1494.390625	1725.152832
1497.818359	1666.735352
1501.246094	1694.092773
1504.669922	1730.851074
1508.09375	1698.3479
1511.515625	1687.480103
1514.935547	1664.322876
1518.355469	1703.294922
1521.773438	1711.211182
1525.189453	1660.55127
1528.605469	1677.138306
1532.019531	1674.195068
1535.431641	1720.488525
1538.841797	1730.598877
1542.251953	1782.024414
1545.660156	1771.14209
1549.068359	1785.635254
1552.472656	1799.414185
1555.876953	1830.62439
1559.28125	1819.016113
1562.681641	1840.814575
1566.082031	1821.932739
1569.480469	1880.100586
1572.878906	1871.401001
1576.273438	1907.078369
1579.667969	1954.430542
1583.0625	1894.774902
1586.453125	1888.250732
1589.84375	1835.807495
1593.234375	1784.779785
1596.621094	1859.891602
1600.007813	1856.98938
1603.392578	1838.755371
1606.777344	1881.116699
1610.160156	1841.691162
1613.541016	1883.355957
1616.919922	1925.784668
1620.298828	1870.236938
1623.675781	1855.620117
1627.050781	1835.866943
1630.425781	1860.0354
1633.798828	1882.025024
1637.169922	1824.147461
1640.541016	1847.605713
1643.910156	1878.416992
1647.277344	1926.128906
1650.642578	1962.867798
1654.007813	1999.635498
1657.371094	1979.864502
1660.734375	1979.185547
1664.09375	1995.416016
1667.453125	1993.270752
1670.8125	1937.408569
1674.167969	1857.945679
1677.523438	1962.520264
1680.878906	1913.207642
1684.230469	1860.170288
1687.582031	1853.539307
1690.933594	1852.065552
1694.28125	1834.356934
1697.628906	1807.037476
1700.974609	1792.988159
1704.320313	1756.025757
1707.664063	1737.509766
1711.005859	1710.106445
1714.345703	1708.568237
1717.685547	1695.189453
1721.023438	1750.640869
1724.361328	1695.057495
1727.695313	1674.988647
1731.03125	1720.12146
1734.363281	1665.94104
1737.695313	1710.363525
1741.025391	1685.073242
1744.353516	1721.372681
1747.681641	1699.778687
1751.007813	1693.7677
1754.332031	1699.642334
1757.65625	1702.547363
1760.978516	1733.717285
1764.298828	1683.064819
1767.619141	1703.085571
1770.9375	1679.932129
1774.253906	1662.71936
1777.570313	1689.461792
1780.884766	1680.439331
1784.197266	1694.530029
1787.509766	1684.009277
1790.818359	1714.532959
1794.128906	1707.744629
1797.435547	1697.215332
1800.742188	1682.940796
1804.048828	1713.510742
1807.351563	1747.096191
1810.654297	1730.578491
1813.955078	1719.286865
1817.255859	1737.937256
1820.554688	1763.343872
1823.851563	1708.586426
1827.148438	1713.759399
1830.443359	1749.684814
1833.736328	1703.108765
1837.027344	1731.55188
1840.318359	1716.467041
1843.609375	1753.199829
1846.896484	1709.555664
1850.183594	1694.443115
1853.46875	1750.010498
1856.753906	1724.368408
1860.037109	1715.263672
1863.318359	1697.869019
1866.599609	1710.5896
1869.878906	1747.432617
1873.15625	1732.290283
1876.433594	1748.054688
1879.708984	1730.636597
1882.982422	1729.053345
1886.255859	1716.143311
1889.527344	1778.753662
1892.796875	1737.894653
1896.066406	1732.53064
1899.333984	1727.918091
1902.599609	1728.597046
1905.865234	1753.49353
1909.128906	1743.583008
1912.390625	1740.480713
1915.652344	1738.133179
1918.912109	1782.020386
1922.169922	1837.315918
1925.427734	1725.008423
1928.683594	1780.324097
1931.939453	1730.916748
1935.191406	1752.101074
1938.445313	1809.010742
1941.695313	1760.315308
1944.945313	1732.871338
1948.193359	1766.258545
1951.441406	1742.599487
1954.6875	1715.115234
1957.931641	1737.110107
1961.173828	1807.880371
1964.416016	1761.334229
1967.658203	1775.747314
1970.896484	1781.781006
1974.134766	1787.818848
1977.373047	1725.92334
1980.607422	1784.634766
1983.84375	1793.735352
1987.076172	1747.053101
1990.308594	1792.078613
1993.539063	1793.543091
1996.767578	1834.030273
1999.996094	1734.474121
2003.222656	1779.563354
2006.449219	1754.212402
2009.673828	1787.082397
2012.896484	1738.714844
2016.119141	1795.378296
2019.339844	1769.99231
2022.558594	1818.268555
2025.777344	1830.494141
2028.994141	1822.75769
2032.208984	1831.151611
2035.423828	1792.659546
2038.636719	1801.816528
2041.847656	1780.207275
2045.058594	1765.507324
2048.267578	1846.265503
2051.476563	1753.786987
2054.683594	1777.584229
2057.888672	1790.608154
2061.09375	1803.641724
2064.296875	1791.999756
2067.498047	1848.259277
2070.699219	1795.707886
2073.898438	1784.047852
2077.097656	1804.828247
2080.292969	1789.297363
2083.490234	1807.002197
2086.683594	1782.950562
2089.876953	1799.118164
2093.068359	1806.008545
2096.259766	1848.526855
2099.449219	1815.15564
2102.636719	1807.333618
2105.824219	1834.394287
2109.009766	1815.714233
2112.195313	1781.500977
2115.378906	1798.490967
2118.560547	1810.834717
2121.742188	1830.178833
2124.921875	1790.476563
2128.099609	1820.710693
2131.277344	1846.301514
2134.453125	1805.002197
2137.626953	1825.157593
2140.800781	1816.519287
2143.972656	1835.135986
2147.144531	1799.221313
2150.314453	1813.167725
2153.482422	1805.289429
2156.650391	1842.651855
2159.816406	1798.098145
2162.980469	1805.818237
2166.144531	1829.945313
2169.306641	1817.368164
2172.46875	1778.987183
2175.628906	1785.14624
2178.787109	1864.057129
2181.945313	1823.300781
2185.101563	1834.962646
2188.255859	1810.608643
2191.410156	1877.897705
2194.564453	1830.028564
2197.714844	1819.755981
2200.865234	1861.241699
2204.013672	1824.294556
2207.162109	1819.501221
2210.308594	1824.912109
2213.455078	1886.886108
2216.599609	1833.387329
2219.742188	1826.22998
2222.884766	1842.660278
2226.025391	1823.698853
2229.164063	1822.824707
2232.302734	1833.759888
2235.439453	1845.490601
2238.576172	1846.98645
2241.710938	1851.635986
2244.84375	1834.997314
2247.976563	1835.700684
2251.107422	1869.549316
2254.236328	1852.107666
2257.365234	1851.237427
2260.492188	1856.686768
2263.619141	1881.109131
2266.744141	1832.806641
2269.867188	1796.331543
2272.990234	1868.234863
2276.111328	1847.576416
2279.232422	1852.242432
2282.351563	1870.378784
2285.46875	1887.736206
2288.585938	1832.961304
2291.701172	1866.972046
2294.816406	1828.014648
2297.929688	1854.11145
2301.041016	1878.639771
2304.152344	1890.477173
2307.261719	1835.575073
2310.369141	1868.867188
2313.476563	1817.094971
2316.583984	1877.452637
2319.6875	1852.70166
2322.791016	1878.884277
2325.894531	1943.31543
2328.996094	1952.819946
2332.095703	1946.390259
2335.195313	1932.779053
2338.292969	1861.725952
2341.388672	1848.869141
2344.484375	1862.344849
2347.578125	1883.81604
2350.671875	1819.025269
2353.763672	1880.453979
2356.853516	1901.155762
2359.943359	1867.487793
2363.03125	1866.597168
2366.119141	1850.498047
2369.205078	1873.620239
2372.289063	1853.505737
2375.373047	1842.991211
2378.457031	1850.103394
2381.537109	1855.616943
2384.617188	1894.02478
2387.697266	1893.138062
2390.773438	1942.828003
2393.851563	1885.73938
2396.925781	1873.599121
2400	1848.589478
2403.074219	1845.269531
2406.146484	1866.881348
2409.216797	1881.26709
2412.286133	1892.443604
2415.355469	1910.875488
2418.421875	1825.40332
2421.488281	1871.22229
2424.553711	1902.564453
2427.617188	1878.282959
2430.679688	1859.630249
2433.741211	1849.84082
2436.801758	1894.946167
2439.861328	1894.046509
2442.918945	1878.601807
2445.976563	1908.410034
2449.032227	1946.326416
2452.086914	1897.717041
2455.140625	1888.72229
2458.192383	1917.768066
2461.243164	1875.57019
2464.293945	1894.10022
2467.342773	1909.4021
2470.390625	1891.474365
2473.436523	1930.306396
2476.482422	1879.917847
2479.526367	1918.773926
2482.569336	1938.171509
2485.611328	1929.965942
2488.652344	1911.190186
2491.692383	1880.206543
2494.730469	1919.133667
2497.768555	1893.009888
2500.804688	1889.652466
2503.839844	1911.529419
2506.873047	1941.566528
2509.90625	1969.181763
2512.938477	1894.938721
2515.96875	1934.786133
2518.998047	1932.249878
2522.026367	1917.471924
2525.053711	1931.251343
2528.079102	1930.342651
2531.104492	1946.586914
2534.12793	1904.006714
2537.150391	1920.252441
2540.171875	1881.718384
2543.192383	1923.327759
2546.211914	1963.331177
2549.230469	1958.335449
2552.24707	1944.326416
2555.262695	1958.982422
2558.277344	1923.6521
2561.291016	1950.609375
2564.303711	2003.833984
2567.31543	1942.222046
2570.325195	1950.335693
2573.333984	1982.268433
2576.341797	1964.93689
2579.348633	1944.304932
2582.354492	1964.760864
2585.359375	1979.474854
2588.363281	1948.951538
2591.365234	1981.775635
2594.366211	1972.635376
2597.366211	1993.137817
2600.365234	1969.163574
2603.363281	1989.679077
2606.360352	1973.105469
2609.355469	1978.789673
2612.350586	1989.428589
2615.34375	1958.802368
2618.335938	1977.698364
2621.327148	1966.043579
2624.317383	1921.324585
2627.306641	1992.307617
2630.293945	2058.380859
2633.280273	2028.536377
2636.266602	1983.772217
2639.250977	1969.607178
2642.234375	1961.228638
2645.216797	1980.184937
2648.197266	2011.587402
2651.177734	2004.042969
2654.157227	2016.399292
2657.134766	1983.957275
2660.111328	2036.987793
2663.086914	2006.189087
2666.061523	2000.28772
2669.035156	2039.255005
2672.007813	1976.832153
2674.978516	2011.660645
2677.949219	2020.725098
2680.917969	2013.983643
2683.885742	2011.399292
2686.852539	2036.296387
2689.818359	2036.216919
2692.783203	2033.636597
2695.74707	2076.077148
2698.708984	1981.76062
2701.670898	2018.371948
2704.630859	2055.844482
2707.589844	2050.759277
2710.547852	2052.352295
2713.504883	2065.644775
2716.460938	2126.594238
2719.416016	2062.153076
2722.369141	2067.096924
2725.322266	2082.923096
2728.273438	2076.157227
2731.223633	2128.845947
2734.173828	2051.717529
2737.12207	2104.435303
2740.069336	2038.139404
2743.014648	2071.599854
2745.959961	2088.304199
2748.904297	2099.984375
2751.84668	2108.314453
2754.788086	2108.250488
2757.729492	2019.959839
2760.668945	2080.382568
2763.607422	2055.081055
2766.544922	2035.648438
2769.481445	2098.666748
2772.416016	2046.405029
2775.350586	2110.314697
2778.28418	2098.453857
2781.21582	2076.470947
2784.146484	2015.691895
2787.077148	2092.33252
2790.005859	2081.289307
2792.933594	2101.464111
2795.860352	2071.841064
2798.785156	2080.201904
2801.709961	2090.258301
2804.633789	2061.442383
2807.555664	2127.302002
2810.477539	2079.023926
2813.397461	2135.629639
2816.316406	2133.025879
2819.234375	2120.258545
2822.151367	2127.811035
2825.067383	2134.520996
2827.982422	2135.301758
2830.896484	2183.569824
2833.80957	2171.643555
2836.720703	2214.867676
2839.631836	2282.741455
2842.541016	2317.544434
2845.450195	2458.564697
2848.357422	2502.804688
2851.263672	2558.978516
2854.168945	2606.687988
2857.073242	2650.177979
2859.976563	2691.145752
2862.878906	2770.455811
2865.779297	2820.013184
2868.679688	2945.436035
2871.579102	3030.889893
2874.476563	3097.647217
2877.374023	3172.982178
2880.269531	3102.463135
2883.164063	3146.270996
2886.057617	3135.461426
2888.950195	3161.373535
2891.841797	3147.142334
2894.732422	3271.379883
2897.62207	3292.236816
2900.510742	3356.735596
2903.398438	3299.76416
2906.28418	3366.87915
2909.169922	3442.605957
2912.053711	3626.328613
2914.9375	3668.780029
2917.819336	3700.974121
2920.700195	3746.054688
2923.581055	3911.276611
2926.459961	3903.25415
2929.337891	3960.474121
2932.214844	3979.086426
2935.09082	4008.02124
2937.96582	3977.671875
2940.838867	4003.186035
2943.711914	3845.516113
2946.583984	3734.193604
2949.454102	3632.257568
2952.324219	3493.222412
2955.193359	3427.300293
2958.060547	3419.922607
2960.926758	3334.961426
2963.792969	3312.884766
2966.657227	3262.325684
2969.520508	3249.697266
2972.382813	3230.153076
2975.244141	3134.60376
2978.104492	3054.533936
2980.963867	3044.401855
2983.822266	2946.086426
2986.679688	2919.47583
2989.536133	2808.932129
2992.390625	2688.788574
2995.245117	2661.188721
2998.098633	2661.281006
3000.950195	2588.60083
3003.801758	2566.999756
3006.651367	2478.627197
3009.500977	2398.862793
3012.348633	2344.200439
3015.195313	2365.004883
3018.041992	2321.576416
3020.886719	2299.829346
3023.730469	2232.886963
3026.573242	2235.427246
3029.415039	2257.09668
3032.255859	2198.762939
3035.095703	2169.969482
3037.93457	2237.767822
3040.772461	2207.225098
3043.609375	2202.790527
3046.445313	2243.661133
3049.280273	2197.396729
3052.114258	2219.11084
3054.946289	2285.325195
3057.77832	2270.437256
3060.609375	2240.698975
3063.438477	2308.737061
3066.267578	2253.658447
3069.094727	2268.445801
3071.921875	2262.263916
3074.74707	2244.709229
3077.572266	2229.765625
3080.395508	2225.312012
3083.21875	2220.854492
3086.040039	2164.727051
3088.860352	2169.003906
3091.679688	2211.841553
3094.499023	2142.499756
3097.316406	2145.89502
3100.132813	2142.273926
3102.948242	2176.385498
3105.762695	2180.672607
3108.576172	2131.392334
3111.388672	2113.702637
3114.201172	2141.698975
3117.011719	2152.13208
3119.821289	2161.692383
3122.629883	2127.270996
3125.436523	2164.11084
3128.243164	2128.784424
3131.048828	2187.667725
3133.853516	2178.75415
3136.657227	2120.479004
3139.459961	2171.48584
3142.261719	2180.19458
3145.0625	2157.147461
3147.861328	2186.155762
3150.660156	2127.777344
3153.458008	2129.415283
3156.254883	2201.735596
3159.049805	2107.946045
3161.844727	2192.687012
3164.638672	2173.121338
3167.430664	2178.314941
3170.222656	2124.210938
3173.013672	2136.473145
3175.802734	2153.172119
3178.591797	2199.121338
3181.379883	2110.378662
3184.166016	2150.137939
3186.952148	2181.054932
3189.737305	2160.531006
3192.520508	2161.294189
3195.303711	2108.783203
3198.084961	2152.162354
3200.866211	2149.497803
