399.363281	1112.929443
403.25	1081.618896
407.134766	1103.081177
411.017578	1034.189575
414.898438	1039.731689
418.777344	1056.744019
422.654297	1041.908081
426.53125	1009.20813
430.404297	1009.645447
434.277344	1018.377869
438.148438	1000.306519
442.017578	1035.864502
445.884766	997.978271
449.751953	1022.060059
453.615234	994.365845
457.478516	1003.752258
461.339844	1018.906738
465.199219	995.656311
469.056641	980.712952
472.912109	1013.179077
476.765625	1012.975647
480.619141	1001.867859
484.470703	1008.075562
488.320313	1031.621094
492.167969	1003.808044
496.013672	1025.443848
499.857422	1041.312988
503.699219	1011.538086
507.541016	1045.427856
511.380859	1030.431641
515.21875	1023.148865
519.054688	1027.45459
522.888672	1037.563843
526.720703	1031.563354
530.552734	1015.882263
534.380859	1015.674133
538.208984	1062.591431
542.035156	1046.902466
545.859375	988.556213
549.683594	1008.372986
553.503906	1021.739807
557.324219	1026.060547
561.140625	1021.970703
564.957031	1023.057129
568.773438	1002.767334
572.585938	996.717163
576.396484	985.474792
580.207031	1015.085327
584.015625	1003.191772
587.820313	1006.218628
591.626953	999.506042
595.429688	984.990662
599.230469	972.412537
603.03125	963.725098
606.828125	995.36499
610.625	959.343933
614.419922	981.892761
618.214844	984.267151
622.005859	998.373596
625.796875	1024.879028
629.583984	1038.362061
633.371094	1021.840515
637.15625	992.248718
640.941406	1030.551025
644.722656	1023.804382
648.503906	1007.900879
652.283203	1007.023438
656.060547	996.986267
659.835938	1019.663757
663.609375	1054.145752
667.382813	1023.809143
671.152344	1022.279846
674.921875	1052.872681
678.689453	1048.074585
682.455078	1040.647461
686.220703	1035.839478
689.982422	1065.832397
693.744141	1072.199097
697.503906	1068.05481
701.261719	1020.508606
705.017578	1052.518433
708.773438	1090.478149
712.525391	1086.991577
716.277344	1080.208496
720.027344	1129.429565
723.775391	1156.937744
727.523438	1102.690552
731.267578	1117.674194
735.011719	1115.508545
738.753906	1155.602905
742.494141	1146.844727
746.232422	1135.435059
749.970703	1151.124023
753.707031	1140.367432
757.439453	1129.601318
761.171875	1165.829712
764.904297	1131.883789
768.632813	1164.830322
772.361328	1205.095947
776.087891	1236.774414
779.8125	1216.731689
783.535156	1235.166992
787.255859	1227.721924
790.976563	1189.713501
794.695313	1168.95105
798.412109	1167.450928
802.126953	1201.200439
805.839844	1216.346924
809.552734	1202.216064
813.263672	1205.387817
816.972656	1192.572266
820.679688	1232.400635
824.384766	1199.580811
828.089844	1253.453979
831.791016	1213.940918
835.492188	1203.770752
839.193359	1183.572632
842.890625	1202.781738
846.587891	1225.349121
850.28125	1241.247437
853.974609	1241.770386
857.666016	1248.317627
861.357422	1250.182617
865.044922	1225.252808
868.732422	1196.280396
872.417969	1194.102051
876.101563	1203.324219
879.785156	1217.922119
883.464844	1240.587646
887.144531	1233.050171
890.822266	1220.802856
894.5	1228.037476
898.173828	1226.536133
901.847656	1239.833252
905.519531	1233.623779
909.189453	1228.755493
912.857422	1203.675415
916.523438	1205.52832
920.189453	1210.753052
923.853516	1184.284058
927.515625	1211.094238
931.177734	1181.902588
934.835938	1212.785156
938.494141	1184.244629
942.150391	1173.927368
945.804688	1208.224976
949.458984	1242.551147
953.109375	1235.627808
956.759766	1234.114014
960.408203	1211.603882
964.056641	1197.882568
967.701172	1205.161743
971.345703	1207.021973
974.988281	1223.129395
978.628906	1184.956543
982.267578	1225.509888
985.90625	1242.323486
989.542969	1253.714722
993.177734	1257.637329
996.810547	1239.799927
1000.443359	1308.354492
1004.074219	1360.630249
1007.703125	1228.414673
1011.330078	1252.088623
1014.955078	1179.689453
1018.580078	1201.998535
1022.203125	1229.782593
1025.824219	1228.247925
1029.443359	1228.076904
1033.0625	1257.954346
1036.679688	1256.428467
1040.294922	1243.964966
1043.908203	1243.79895
1047.519531	1255.261597
1051.130859	1218.144409
1054.740234	1246.721069
1058.347656	1256.828369
1061.953125	1288.185059
1065.558594	1272.954102
1069.162109	1261.139038
1072.763672	1234.906616
1076.363281	1238.164917
1079.962891	1251.03833
1083.560547	1268.730469
1087.15625	1248.640991
1090.75	1262.221313
1094.34375	1270.998047
1097.933594	1264.644653
1101.523438	1261.727295
1105.113281	1285.663574
1108.699219	1286.196289
1112.285156	1266.742554
1115.869141	1272.093628
1119.451172	1291.244141
1123.03125	1303.509644
1126.611328	1330.282104
1130.189453	1271.438965
1133.765625	1249.164917
1137.341797	1242.769775
1140.914063	1227.379639
1144.486328	1234.804688
1148.056641	1239.467407
1151.626953	1253.134155
1155.193359	1262.656006
1158.759766	1240.311401
1162.324219	1276.869873
1165.888672	1253.818604
1169.449219	1299.431274
1173.009766	1324.953491
1176.568359	1287.311279
1180.125	1255.889404
1183.681641	1256.407227
1187.236328	1245.106812
1190.789063	1289.435913
1194.339844	1286.488403
1197.890625	1284.930176
1201.439453	1325.151367
1204.986328	1338.933105
1208.53125	1346.453613
1212.076172	1336.549683
1215.619141	1382.43689
1219.160156	1382.307983
1222.699219	1396.837891
1226.238281	1433.726929
1229.775391	1426.631226
1233.310547	1428.615601
1236.84375	1447.382324
1240.376953	1478.755249
1243.908203	1496.857422
1247.4375	1493.971802
1250.964844	1486.881104
1254.492188	1470.675659
1258.017578	1478.288574
1261.541016	1464.169312
1265.064453	1478.098755
1268.583984	1448.527222
1272.103516	1417.526855
1275.623047	1463.060303
1279.138672	1448.201172
1282.654297	1466.36853
1286.167969	1464.859375
1289.679688	1505.560669
1293.191406	1473.80127
1296.701172	1534.253906
1300.208984	1523.611328
1303.714844	1525.644165
1307.220703	1517.103516
1310.722656	1551.576538
1314.226563	1589.605103
1317.726563	1559.197876
1321.226563	1589.492432
1324.724609	1554.821045
1328.220703	1576.657349
1331.714844	1582.957153
1335.208984	1684.744751
1338.701172	1624.581421
1342.191406	1669.839478
1345.681641	1610.328247
1349.169922	1565.645142
1352.65625	1532.264893
1356.140625	1534.307617
1359.625	1527.840088
1363.107422	1512.14209
1366.587891	1491.46167
1370.068359	1519.055786
1373.544922	1495.518799
1377.021484	1479.069702
1380.498047	1497.447754
1383.970703	1481.696655
1387.443359	1467.355591
1390.914063	1477.207275
1394.384766	1507.008057
1397.851563	1531.845337
1401.318359	1466.179932
1404.785156	1488.880859
1408.248047	1455.95813
1411.710938	1464.399658
1415.171875	1512.828003
1418.630859	1473.445679
1422.089844	1490.477661
1425.546875	1486.793823
1429.001953	1508.134766
1432.457031	1486.569702
1435.908203	1568.043823
1439.361328	1614.501465
1442.810547	1616.588501
1446.257813	1671.701172
1449.705078	1662.342773
1453.152344	1673.773193
1456.595703	1662.972412
1460.039063	1627.760376
1463.480469	1646.369385
1466.919922	1590.290894
1470.359375	1593.090088
1473.796875	1524.723145
1477.232422	1586.468506
1480.666016	1597.182373
1484.099609	1553.923706
1487.53125	1535.110962
1490.962891	1518.443481
1494.390625	1456.363403
1497.818359	1419.464478
1501.246094	1429.413208
1504.669922	1448.749023
1508.09375	1462.325806
1511.515625	1429.700684
1514.935547	1431.722168
1518.355469	1459.76062
1521.773438	1452.396851
1525.189453	1468.17041
1528.605469	1489.020996
1532.019531	1459.220581
1535.431641	1464.877319
1538.841797	1483.577393
1542.251953	1474.029175
1545.660156	1494.922241
1549.068359	1512.930664
1552.472656	1536.75769
1555.876953	1572.943359
1559.28125	1554.696045
1562.681641	1572.755981
1566.082031	1561.760498
1569.480469	1554.390991
1572.878906	1621.202026
1576.273438	1642.226563
1579.667969	1610.130493
1583.0625	1663.935669
1586.453125	1607.781372
1589.84375	1528.260498
1593.234375	1551.47522
1596.621094	1574.708252
1600.007813	1546.883179
1603.392578	1582.541382
1606.777344	1645.246948
1610.160156	1589.654907
1613.541016	1593.215332
1616.919922	1612.131836
1620.298828	1598.149292
1623.675781	1570.984375
1627.050781	1563.561401
1630.425781	1576.636353
1633.798828	1594.849609
1637.169922	1622.604492
1640.541016	1629.119019
1643.910156	1606.299561
1647.277344	1662.707886
1650.642578	1647.223389
1654.007813	1676.521362
1657.371094	1721.269897
1660.734375	1693.295044
1664.09375	1710.146484
1667.453125	1651.987427
1670.8125	1707.097534
1674.167969	1694.528931
1677.523438	1659.857666
1680.878906	1640.629028
1684.230469	1597.063843
1687.582031	1578.53125
1690.933594	1548.182251
1694.28125	1528.876709
1697.628906	1561.965454
1700.974609	1506.4646
1704.320313	1510.758423
1707.664063	1480.319946
1711.005859	1455.032227
1714.345703	1442.297852
1717.685547	1452.490967
1721.023438	1450.848267
1724.361328	1442.539063
1727.695313	1463.855713
1731.03125	1449.615479
1734.363281	1484.296387
1737.695313	1427.033569
1741.025391	1440.956543
1744.353516	1472.7052
1747.681641	1431.705322
1751.007813	1433.016602
1754.332031	1438.78772
1757.65625	1451.254272
1760.978516	1431.748535
1764.298828	1389.905029
1767.619141	1423.207886
1770.9375	1390.262939
1774.253906	1406.458008
1777.570313	1402.543945
1780.884766	1444.104248
1784.197266	1446.913818
1787.509766	1439.279541
1790.818359	1429.399536
1794.128906	1452.366943
1797.435547	1444.724609
1800.742188	1413.909424
1804.048828	1427.925659
1807.351563	1419.515625
1810.654297	1447.012085
1813.955078	1455.069092
1817.255859	1423.446289
1820.554688	1456.21936
1823.851563	1464.288574
1827.148438	1428.132813
1830.443359	1462.445557
1833.736328	1408.253296
1837.027344	1447.838501
1840.318359	1443.904785
1843.609375	1483.534546
1846.896484	1449.552979
1850.183594	1404.267822
1853.46875	1456.712646
1856.753906	1417.41272
1860.037109	1434.529419
1863.318359	1464.459106
1866.599609	1425.86792
1869.878906	1444.51416
1873.15625	1472.974365
1876.433594	1453.192993
1879.708984	1422.079346
1882.982422	1467.921753
1886.255859	1448.113892
1889.527344	1426.02417
1892.796875	1480.988525
1896.066406	1463.428955
1899.333984	1413.338745
1902.599609	1447.936401
1905.865234	1448.505249
1909.128906	1442.260376
1912.390625	1461.004028
1915.652344	1457.789063
1918.912109	1459.119263
1922.169922	1446.042725
1925.427734	1464.057373
1928.683594	1455.525024
1931.939453	1452.299927
1935.191406	1458.185547
1938.445313	1459.516846
1941.695313	1444.887451
1944.945313	1483.47168
1948.193359	1432.327759
1951.441406	1471.697632
1954.6875	1496.634033
1957.931641	1510.927856
1961.173828	1488.663452
1964.416016	1448.851807
1967.658203	1466.954834
1970.896484	1462.189209
1974.134766	1466.576172
1977.373047	1467.149414
1980.607422	1442.522461
1983.84375	1439.266357
1987.076172	1471.926636
1990.308594	1521.431885
1993.539063	1469.252197
1996.767578	1432.333984
1999.996094	1471.930176
2003.222656	1508.493896
2006.449219	1456.992065
2009.673828	1463.690918
2012.896484	1465.794922
2016.119141	1474.035522
2019.339844	1429.343628
2022.558594	1482.092285
2025.777344	1461.938354
2028.994141	1460.971436
2032.208984	1494.582397
2035.423828	1515.151001
2038.636719	1470.368408
2041.847656	1459.400635
2045.058594	1506.915161
2048.267578	1458.22644
2051.476563	1489.602173
2054.683594	1508.673584
2057.888672	1477.656372
2061.09375	1485.941772
2064.296875	1502.71875
2067.498047	1475.520508
2070.699219	1453.704956
2073.898438	1455.041626
2077.097656	1488.828735
2080.292969	1490.952271
2083.490234	1490.757446
2086.683594	1495.203247
2089.876953	1489.592407
2093.068359	1462.301758
2096.259766	1489.973022
2099.449219	1522.313599
2102.636719	1495.777832
2105.824219	1483.17688
2109.009766	1518.653809
2112.195313	1499.067871
2115.378906	1484.900024
2118.560547	1513.429199
2121.742188	1492.263794
2124.921875	1499.057861
2128.099609	1550.947021
2131.277344	1500.994995
2134.453125	1462.674194
2137.626953	1489.702148
2140.800781	1478.598389
2143.972656	1482.285156
2147.144531	1493.766602
2150.314453	1487.327637
2153.482422	1493.360474
2156.650391	1493.936646
2159.816406	1504.658569
2162.980469	1534.125732
2166.144531	1508.162354
2169.306641	1502.493164
2172.46875	1521.831299
2175.628906	1509.90686
2178.787109	1517.528687
2181.945313	1534.546265
2185.101563	1471.727661
2188.255859	1531.029419
2191.410156	1515.166504
2194.564453	1485.967529
2197.714844	1556.318726
2200.865234	1463.580688
2204.013672	1488.467407
2207.162109	1525.932007
2210.308594	1512.384155
2213.455078	1507.466431
2216.599609	1505.687988
2219.742188	1511.769409
2222.884766	1509.204102
2226.025391	1550.694702
2229.164063	1492.26062
2232.302734	1512.517212
2235.439453	1498.919556
2238.576172	1516.041748
2241.710938	1509.528687
2244.84375	1540.072998
2247.976563	1537.507813
2251.107422	1560.98291
2254.236328	1528.422974
2257.365234	1540.065308
2260.492188	1539.074829
2263.619141	1582.344727
2266.744141	1519.695557
2269.867188	1506.039307
2272.990234	1527.188965
2276.111328	1471.570068
2279.232422	1538.651978
2282.351563	1527.357178
2285.46875	1540.620972
2288.585938	1530.110474
2291.701172	1496.591431
2294.816406	1505.890503
2297.929688	1508.84668
2301.041016	1517.362793
2304.152344	1525.09082
2307.261719	1507.396484
2310.369141	1536.588867
2313.476563	1510.137207
2316.583984	1556.058228
2319.6875	1565.40564
2322.791016	1579.536621
2325.894531	1643.85376
2328.996094	1692.284546
2332.095703	1665.829468
2335.195313	1541.279663
2338.292969	1565.796021
2341.388672	1554.422607
2344.484375	1542.241943
2347.578125	1543.627197
2350.671875	1517.851563
2353.763672	1504.043579
2356.853516	1501.417358
2359.943359	1500.388428
2363.03125	1545.763306
2366.119141	1526.34082
2369.205078	1550.140503
2372.289063	1562.744019
2375.373047	1573.75415
2378.457031	1542.287231
2381.537109	1526.834229
2384.617188	1547.46875
2387.697266	1558.488403
2390.773438	1539.008789
2393.851563	1574.126587
2396.925781	1567.492188
2400	1564.871216
2403.074219	1524.458008
2406.146484	1521.817871
2409.216797	1550.556763
2412.286133	1516.530762
2415.355469	1539.651855
2418.421875	1533.789917
2421.488281	1578.692749
2424.553711	1580.9021
2427.617188	1596.822754
2430.679688	1584.517822
2433.741211	1546.376587
2436.801758	1555.842041
2439.861328	1549.96814
2442.918945	1558.633423
2445.976563	1560.030151
2449.032227	1592.154907
2452.086914	1562.016846
2455.140625	1522.14502
2458.192383	1566.433594
2461.243164	1530.581909
2464.293945	1557.083252
2467.342773	1584.414673
2470.390625	1549.338867
2473.436523	1581.553589
2476.482422	1558.619873
2479.526367	1570.570068
2482.569336	1589.836548
2485.611328	1590.434937
2488.652344	1519.526245
2491.692383	1564.806519
2494.730469	1537.746582
2497.768555	1568.424194
2500.804688	1545.413452
2503.839844	1588.327881
2506.873047	1534.358887
2509.90625	1590.336182
2512.938477	1564.852539
2515.96875	1546.6875
2518.998047	1597.837646
2522.026367	1560.087891
2525.053711	1590.058228
2528.079102	1645.364014
2531.104492	1578.998169
2534.12793	1575.504272
2537.150391	1580.999634
2540.171875	1556.240845
2543.192383	1558.459961
2546.211914	1557.40686
2549.230469	1575.182861
2552.24707	1588.057617
2555.262695	1596.025879
2558.277344	1561.379272
2561.291016	1590.660889
2564.303711	1606.02002
2567.31543	1554.926392
2570.325195	1600.654297
2573.333984	1558.552368
2576.341797	1619.922852
2579.348633	1614.775635
2582.354492	1612.090332
2585.359375	1633.251831
2588.363281	1533.493286
2591.365234	1610.604248
2594.366211	1600.502197
2597.366211	1572.272827
2600.365234	1600.872314
2603.363281	1581.687744
2606.360352	1603.715088
2609.355469	1599.363647
2612.350586	1570.25415
2615.34375	1614.588013
2618.335938	1640.787842
2621.327148	1605.877686
2624.317383	1635.398438
2627.306641	1597.152832
2630.293945	1613.459717
2633.280273	1621.505493
2636.266602	1618.797852
2639.250977	1606.152954
2642.234375	1595.154785
2645.216797	1631.374146
2648.197266	1607.11499
2651.177734	1635.90271
2654.157227	1578.448364
2657.134766	1597.28894
2660.111328	1608.672485
2663.086914	1630.028687
2666.061523	1632.294556
2669.035156	1597.167114
2672.007813	1618.541626
2674.978516	1619.141479
2677.949219	1662.169189
2680.917969	1656.127075
2683.885742	1655.075317
2686.852539	1616.544556
2689.818359	1632.139526
2692.783203	1643.578491
2695.74707	1657.526733
2698.708984	1587.24353
2701.670898	1611.193115
2704.630859	1642.672363
2707.589844	1645.784424
2710.547852	1648.06311
2713.504883	1659.534912
2716.460938	1705.28772
2719.416016	1628.983887
2722.369141	1653.844849
2725.322266	1668.681641
2728.273438	1705.295166
2731.223633	1685.824951
2734.173828	1678.906494
2737.12207	1683.715942
2740.069336	1726.256226
2743.014648	1708.440796
2745.959961	1693.128906
2748.904297	1653.464966
2751.84668	1681.781616
2754.788086	1698.359497
2757.729492	1663.694092
2760.668945	1682.798462
2763.607422	1689.303467
2766.544922	1684.877563
2769.481445	1683.814087
2772.416016	1682.749268
2775.350586	1677.4729
2778.28418	1670.507324
2781.21582	1628.984741
2784.146484	1665.833252
2787.077148	1716.201904
2790.005859	1680.554688
2792.933594	1644.880859
2795.860352	1650.549805
2798.785156	1624.973022
2801.709961	1629.793213
2804.633789	1662.508179
2807.555664	1690.173584
2810.477539	1701.788452
2813.397461	1645.720947
2816.316406	1695.416992
2819.234375	1708.73877
2822.151367	1676.328857
2825.067383	1709.989502
2827.982422	1721.634766
2830.896484	1747.703857
2833.80957	1726.286987
2836.720703	1710.794434
2839.631836	1779.333008
2842.541016	1863.207275
2845.450195	1921.656372
2848.357422	1946.153687
2851.263672	2085.439941
2854.168945	2061.537354
2857.073242	2117.590088
2859.976563	2193.258301
2862.878906	2257.913086
2865.779297	2311.541992
2868.679688	2407.810791
2871.579102	2510.115479
2874.476563	2621.873291
2877.374023	2636.475098
2880.269531	2683.51123
2883.164063	2618.762695
2886.057617	2602.637939
2888.950195	2684.733154
2891.841797	2722.453125
2894.732422	2708.056396
2897.62207	2708.185547
2900.510742	2715.157715
2903.398438	2780.325195
2906.28418	2850.675781
2909.169922	2943.342285
2912.053711	3018.085449
2914.9375	3162.298096
2917.819336	3188.307373
2920.700195	3258.072754
2923.581055	3382.79541
2926.459961	3384.879883
2929.337891	3509.737305
2932.214844	3450.88916
2935.09082	3525.168457
2937.96582	3459.405762
2940.838867	3397.033691
2943.711914	3267.527588
2946.583984	3264.407959
2949.454102	3074.508057
2952.324219	3012.764404
2955.193359	2916.521484
2958.060547	2871.907715
2960.926758	2828.985107
2963.792969	2801.552002
2966.657227	2811.189697
2969.520508	2711.245117
2972.382813	2710.497314
2975.244141	2650.165039
2978.104492	2581.150391
2980.963867	2509.492676
2983.822266	2519.906738
2986.679688	2419.636719
2989.536133	2356.492432
2992.390625	2284.648193
2995.245117	2255.171387
2998.098633	2169.381348
3000.950195	2078.331299
3003.801758	2002.814575
3006.651367	1970.590942
3009.500977	1983.441528
3012.348633	1867.031616
3015.195313	1872.910156
3018.041992	1824.963989
3020.886719	1862.965942
3023.730469	1804.554932
3026.573242	1778.259766
3029.415039	1778.898193
3032.255859	1726.481201
3035.095703	1752.332886
3037.93457	1757.313599
3040.772461	1764.038696
3043.609375	1803.866821
3046.445313	1791.443604
3049.280273	1792.957153
3052.114258	1831.965332
3054.946289	1790.75293
3057.77832	1794.011841
3060.609375	1767.594604
3063.438477	1809.267578
3066.267578	1875.428223
3069.094727	1820.174316
3071.921875	1782.363159
3074.74707	1758.515869
3077.572266	1717.155762
3080.395508	1676.640869
3083.21875	1708.753662
3086.040039	1673.460205
3088.860352	1688.949829
3091.679688	1712.337036
3094.499023	1691.908691
3097.316406	1714.435913
3100.132813	1648.375366
3102.948242	1669.147217
3105.762695	1693.445068
3108.576172	1687.901001
3111.388672	1685.866699
3114.201172	1668.890625
3117.011719	1629.044312
3119.821289	1733.399414
3122.629883	1649.558838
3125.436523	1668.627197
3128.243164	1653.373535
3131.048828	1661.006958
3133.853516	1675.693604
3136.657227	1656.899658
3139.459961	1659.251587
3142.261719	1642.20166
3145.0625	1642.784668
3147.861328	1688.379395
3150.660156	1628.058716
3153.458008	1661.314941
3156.254883	1673.389771
3159.049805	1656.306396
3161.844727	1648.936035
3164.638672	1664.556152
3167.430664	1664.260986
3170.222656	1652.459106
3173.013672	1681.376953
3175.802734	1655.400513
3178.591797	1627.633423
3181.379883	1666.321777
3184.166016	1661.591064
3186.952148	1652.421753
3189.737305	1656.554932
3192.520508	1641.163452
3195.303711	1652.398071
3198.084961	1700.945557
3200.866211	1674.29895
