399.363281	902.546997
403.25	923.286682
407.134766	888.699219
411.017578	875.719849
414.898438	843.627991
418.777344	865.651062
422.654297	868.575317
426.53125	861.301453
430.404297	862.950256
434.277344	842.267395
438.148438	827.311584
442.017578	828.308411
445.884766	836.972778
449.751953	829.664734
453.615234	803.16626
457.478516	816.308411
461.339844	817.301453
465.199219	825.978577
469.056641	836.584656
472.912109	828.615173
476.765625	830.896484
480.619141	830.613892
484.470703	820.705688
488.320313	848.022034
492.167969	803.431763
496.013672	832.048767
499.857422	823.40863
503.699219	812.831665
507.541016	809.965332
511.380859	818.037842
515.21875	810.663574
519.054688	859.325684
522.888672	852.606812
526.720703	815.579773
530.552734	830.120911
534.380859	812.410278
538.208984	832.126587
542.035156	818.276062
545.859375	839.949707
549.683594	816.394287
553.503906	824.505188
557.324219	835.210693
561.140625	818.741577
564.957031	801.610535
568.773438	816.85376
572.585938	770.544006
576.396484	801.346619
580.207031	790.66394
584.015625	779.971863
587.820313	784.850525
591.626953	776.094666
595.429688	770.579773
599.230469	776.109985
603.03125	768.639038
606.828125	795.641418
610.625	759.534851
614.419922	784.602661
618.214844	788.195435
622.005859	778.105774
625.796875	784.306213
629.583984	802.252075
633.371094	798.027405
637.15625	791.840576
640.941406	832.669556
644.722656	819.958191
648.503906	805.928528
652.283203	824.582153
656.060547	800.729126
659.835938	825.286255
663.609375	826.947876
667.382813	862.67218
671.152344	830.930054
674.921875	829.973145
678.689453	833.606262
682.455078	820.838562
686.220703	842.193909
689.982422	828.761841
693.744141	836.341614
697.503906	822.237854
701.261719	835.738708
705.017578	853.855591
708.773438	855.535034
712.525391	877.625549
716.277344	871.412109
720.027344	876.395142
723.775391	911.706482
727.523438	869.88562
731.267578	920.398743
735.011719	892.40686
738.753906	881.559937
742.494141	912.322876
746.232422	917.336365
749.970703	913.758484
753.707031	925.390991
757.439453	921.151184
761.171875	940.740479
764.904297	934.516174
768.632813	937.5625
772.361328	950.554199
776.087891	945.651611
779.8125	950.032654
783.535156	996.230896
787.255859	967.43689
790.976563	960.539246
794.695313	948.983582
798.412109	922.791565
802.126953	972.40033
805.839844	952.184082
809.552734	975.219543
813.263672	974.299683
816.972656	962.718933
820.679688	963.791992
824.384766	958.864502
828.089844	954.599609
831.791016	940.987732
835.492188	965.420105
839.193359	973.842468
842.890625	944.851807
846.587891	975.332397
850.28125	973.737183
853.974609	960.09729
857.666016	976.565918
861.357422	941.487305
865.044922	901.019653
868.732422	944.960999
872.417969	924.574219
876.101563	967.891235
879.785156	945.483337
883.464844	917.014526
887.144531	951.651489
890.822266	938.613953
894.5	960.517578
898.173828	956.21405
901.847656	927.688538
905.519531	914.617981
909.189453	936.547302
912.857422	934.246155
916.523438	945.419922
920.189453	945.142456
923.853516	933.399292
927.515625	929.742554
931.177734	953.081909
934.835938	938.625427
938.494141	920.103333
942.150391	906.972107
945.804688	916.141541
949.458984	931.406006
953.109375	928.412537
956.759766	929.478149
960.408203	920.385559
964.056641	931.611145
967.701172	934.034302
971.345703	924.931458
974.988281	930.066833
978.628906	921.632874
982.267578	939.670715
985.90625	908.81842
989.542969	945.89209
993.177734	960.562927
996.810547	954.843201
1000.443359	1009.671448
1004.074219	1067.948486
1007.703125	979.871826
1011.330078	951.669128
1014.955078	909.130981
1018.580078	918.37323
1022.203125	905.79657
1025.824219	931.421326
1029.443359	952.288635
1033.0625	955.416992
1036.679688	929.852722
1040.294922	949.377686
1043.908203	942.251221
1047.519531	925.541626
1051.130859	958.775452
1054.740234	943.427612
1058.347656	960.942871
1061.953125	955.175476
1065.558594	972.02417
1069.162109	938.139343
1072.763672	944.017517
1076.363281	952.645691
1079.962891	908.410339
1083.560547	972.67041
1087.15625	944.898926
1090.75	941.166077
1094.34375	961.50177
1097.933594	987.358582
1101.523438	967.806091
1105.113281	970.273132
1108.699219	950.696838
1112.285156	966.9422
1115.869141	952.863647
1119.451172	936.703857
1123.03125	977.114746
1126.611328	969.235107
1130.189453	964.111206
1133.765625	950.001038
1137.341797	942.790833
1140.914063	927.276611
1144.486328	911.74939
1148.056641	900.361328
1151.626953	924.272949
1155.193359	940.585205
1158.759766	952.753235
1162.324219	967.703796
1165.888672	975.731689
1169.449219	966.421631
1173.009766	968.208557
1176.568359	1004.713867
1180.125	934.276123
1183.681641	965.932617
1187.236328	960.074036
1190.789063	940.300598
1194.339844	983.130371
1197.890625	989.103882
1201.439453	1009.705444
1204.986328	1010.121216
1208.53125	1048.867798
1212.076172	1036.749756
1215.619141	1042.05896
1219.160156	1051.558838
1222.699219	1082.706421
1226.238281	1101.30896
1229.775391	1131.803467
1233.310547	1115.494385
1236.84375	1100.569946
1240.376953	1125.504761
1243.908203	1175.652466
1247.4375	1143.231445
1250.964844	1137.397461
1254.492188	1140.666992
1258.017578	1086.461548
1261.541016	1106.541748
1265.064453	1128.041138
1268.583984	1100.431519
1272.103516	1090.351318
1275.623047	1055.679199
1279.138672	1143.242798
1282.654297	1100.127808
1286.167969	1094.249268
1289.679688	1137.612915
1293.191406	1157.785645
1296.701172	1171.637573
1300.208984	1186.909424
1303.714844	1225.44812
1307.220703	1215.374756
1310.722656	1206.703369
1314.226563	1231.890991
1317.726563	1215.454468
1321.226563	1191.236694
1324.724609	1201.613159
1328.220703	1210.584473
1331.714844	1225.925781
1335.208984	1261.790405
1338.701172	1260.182739
1342.191406	1212.562622
1345.681641	1198.894287
1349.169922	1193.715942
1352.65625	1138.922119
1356.140625	1164.911011
1359.625	1193.048706
1363.107422	1169.408813
1366.587891	1135.810913
1370.068359	1139.114258
1373.544922	1148.814209
1377.021484	1116.587402
1380.498047	1101.39917
1383.970703	1112.517334
1387.443359	1136.453369
1390.914063	1109.151245
1394.384766	1115.299927
1397.851563	1118.603394
1401.318359	1098.387573
1404.785156	1115.94751
1408.248047	1140.655029
1411.710938	1091.16333
1415.171875	1114.452393
1418.630859	1144.902344
1422.089844	1153.226685
1425.546875	1153.694824
1429.001953	1154.878052
1432.457031	1193.261841
1435.908203	1218.078857
1439.361328	1245.779419
1442.810547	1244.13562
1446.257813	1311.278687
1449.705078	1279.552368
1453.152344	1227.003418
1456.595703	1257.631836
1460.039063	1282.543091
1463.480469	1266.548462
1466.919922	1247.667236
1470.359375	1219.428955
1473.796875	1204.107178
1477.232422	1195.964233
1480.666016	1184.217163
1484.099609	1196.211792
1487.53125	1163.57373
1490.962891	1119.383789
1494.390625	1116.233032
1497.818359	1095.056641
1501.246094	1064.487427
1504.669922	1064.195679
1508.09375	1084.835083
1511.515625	1046.281006
1514.935547	1077.042358
1518.355469	1062.301025
1521.773438	1115.504395
1525.189453	1092.810547
1528.605469	1091.803955
1532.019531	1126.26355
1535.431641	1126.717285
1538.841797	1115.580688
1542.251953	1104.434814
1545.660156	1148.378662
1549.068359	1160.445313
1552.472656	1222.585815
1555.876953	1178.074341
1559.28125	1206.141968
1562.681641	1206.627075
1566.082031	1171.502075
1569.480469	1211.232666
1572.878906	1242.266968
1576.273438	1237.672729
1579.667969	1266.55835
1583.0625	1269.979736
1586.453125	1217.309814
1589.84375	1193.019775
1593.234375	1176.729858
1596.621094	1166.990845
1600.007813	1168.918335
1603.392578	1180.336426
1606.777344	1231.196777
1610.160156	1198.81604
1613.541016	1205.874023
1616.919922	1204.894897
1620.298828	1200.25769
1623.675781	1218.299438
1627.050781	1188.043091
1630.425781	1199.503174
1633.798828	1251.264648
1637.169922	1240.772095
1640.541016	1239.068848
1643.910156	1241.031372
1647.277344	1302.430054
1650.642578	1243.492188
1654.007813	1276.300537
1657.371094	1312.808105
1660.734375	1292.754395
1664.09375	1294.741211
1667.453125	1282.754272
1670.8125	1299.454346
1674.167969	1297.028687
1677.523438	1313.010742
1680.878906	1251.651855
1684.230469	1232.252319
1687.582031	1215.786133
1690.933594	1183.079712
1694.28125	1154.036255
1697.628906	1146.376343
1700.974609	1118.032959
1704.320313	1133.25354
1707.664063	1171.396362
1711.005859	1103.843018
1714.345703	1094.667114
1717.685547	1076.60437
1721.023438	1072.591309
1724.361328	1111.525269
1727.695313	1097.891724
1731.03125	1086.470459
1734.363281	1064.660156
1737.695313	1068.791748
1741.025391	1088.508423
1744.353516	1080.033325
1747.681641	1078.234497
1751.007813	1086.834229
1754.332031	1052.336426
1757.65625	1071.340942
1760.978516	1085.153809
1764.298828	1049.869385
1767.619141	1071.127686
1770.9375	1057.404053
1774.253906	1078.681763
1777.570313	1053.025879
1780.884766	1062.389526
1784.197266	1037.452148
1787.509766	1049.801025
1790.818359	1031.556274
1794.128906	1094.688965
1797.435547	1071.964844
1800.742188	1090.324463
1804.048828	1070.570435
1807.351563	1081.464478
1810.654297	1111.819946
1813.955078	1078.577393
1817.255859	1054.293701
1820.554688	1061.452148
1823.851563	1073.861572
1827.148438	1064.539917
1830.443359	1089.709351
1833.736328	1069.882324
1837.027344	1085.315918
1840.318359	1052.706421
1843.609375	1089.177246
1846.896484	1051.282837
1850.183594	1086.277832
1853.46875	1067.905029
1856.753906	1070.583008
1860.037109	1060.468018
1863.318359	1094.014893
1866.599609	1072.602173
1869.878906	1092.616333
1873.15625	1071.939453
1876.433594	1090.460327
1879.708984	1071.274536
1882.982422	1076.979126
1886.255859	1072.117676
1889.527344	1044.592896
1892.796875	1072.205444
1896.066406	1074.138794
1899.333984	1076.073242
1902.599609	1019.758789
1905.865234	1065.567139
1909.128906	1045.544067
1912.390625	1107.303223
1915.652344	1089.553345
1918.912109	1076.33728
1922.169922	1085.100708
1925.427734	1037.735962
1928.683594	1084.434448
1931.939453	1052.974365
1935.191406	1092.879639
1938.445313	1081.911499
1941.695313	1044.332153
1944.945313	1072.874756
1948.193359	1089.268921
1951.441406	1107.958496
1954.6875	1052.059082
1957.931641	1070.748291
1961.173828	1084.880615
1964.416016	1095.213013
1967.658203	1082.67981
1970.896484	1082.340454
1974.134766	1098.787598
1977.373047	1090.056885
1980.607422	1054.591553
1983.84375	1082.505493
1987.076172	1079.87146
1990.308594	1081.057617
1993.539063	1087.598389
1996.767578	1104.855957
1999.996094	1071.608032
2003.222656	1066.665894
2006.449219	1103.085449
2009.673828	1074.395142
2012.896484	1084.01355
2016.119141	1058.360596
2019.339844	1105.573853
2022.558594	1072.233521
2025.777344	1063.437256
2028.994141	1056.170166
2032.208984	1092.697266
2035.423828	1104.653442
2038.636719	1079.705688
2041.847656	1103.205322
2045.058594	1081.315552
2048.267578	1088.665283
2051.476563	1069.062988
2054.683594	1074.872192
2057.888672	1075.289917
2061.09375	1057.972046
2064.296875	1098.496582
2067.498047	1057.25061
2070.699219	1113.246216
2073.898438	1115.995361
2077.097656	1110.247559
2080.292969	1109.132446
2083.490234	1088.685913
2086.683594	1058.167603
2089.876953	1126.673584
2093.068359	1116.272705
2096.259766	1088.826416
2099.449219	1078.402344
2102.636719	1066.419922
2105.824219	1071.484741
2109.009766	1119.987793
2112.195313	1137.491455
2115.378906	1107.659302
2118.560547	1106.534912
2121.742188	1099.97168
2124.921875	1098.065674
2128.099609	1093.04834
2131.277344	1110.580688
2134.453125	1082.223267
2137.626953	1074.079956
2140.800781	1079.166626
2143.972656	1076.467773
2147.144531	1088.571777
2150.314453	1123.290894
2153.482422	1087.072754
2156.650391	1070.32959
2159.816406	1114.446289
2162.980469	1067.251831
2166.144531	1079.378784
2169.306641	1124.330566
2172.46875	1103.659912
2175.628906	1129.106934
2178.787109	1100.599365
2181.945313	1086.937744
2185.101563	1114.755493
2188.255859	1097.172485
2191.410156	1115.61377
2194.564453	1134.852783
2197.714844	1097.655518
2200.865234	1087.096924
2204.013672	1133.808838
2207.162109	1118.545898
2210.308594	1107.9823
2213.455078	1139.829956
2216.599609	1116.692383
2219.742188	1114.762817
2222.884766	1092.383789
2226.025391	1107.751465
2229.164063	1124.704834
2232.302734	1096.791504
2235.439453	1120.842163
2238.576172	1111.816528
2241.710938	1099.630615
2244.84375	1118.977783
2247.976563	1098.895996
2251.107422	1083.533691
2254.236328	1136.843506
2257.365234	1097.790161
2260.492188	1144.825195
2263.619141	1110.486694
2266.744141	1085.609741
2269.867188	1113.709717
2272.990234	1119.674805
2276.111328	1141.476074
2279.232422	1105.485352
2282.351563	1075.804565
2285.46875	1045.308228
2288.585938	1109.924683
2291.701172	1116.693604
2294.816406	1091.730957
2297.929688	1138.183105
2301.041016	1117.973267
2304.152344	1146.20105
2307.261719	1129.156738
2310.369141	1120.048462
2313.476563	1145.922974
2316.583984	1110.561035
2319.6875	1111.780151
2322.791016	1142.457153
2325.894531	1220.147217
2328.996094	1209.457642
2332.095703	1221.874023
2335.195313	1132.238525
2338.292969	1124.692993
2341.388672	1105.172119
2344.484375	1112.776978
2347.578125	1161.912842
2350.671875	1126.40564
2353.763672	1097.264526
2356.853516	1130.460205
2359.943359	1123.691772
2363.03125	1128.919312
2366.119141	1111.739502
2369.205078	1112.962524
2372.289063	1139.817993
2375.373047	1156.276611
2378.457031	1159.921875
2381.537109	1122.672241
2384.617188	1133.526855
2387.697266	1135.561768
2390.773438	1124.75293
2393.851563	1153.288696
2396.925781	1136.853638
2400	1129.24707
2403.074219	1108.769775
2406.146484	1157.450317
2409.216797	1154.669922
2412.286133	1173.620972
2415.355469	1132.19165
2418.421875	1131.814453
2421.488281	1161.253784
2424.553711	1120.578247
2427.617188	1162.938599
2430.679688	1154.503662
2433.741211	1163.817871
2436.801758	1198.975342
2439.861328	1144.504883
2442.918945	1146.553101
2445.976563	1131.628174
2449.032227	1162.782471
2452.086914	1159.176636
2455.140625	1184.699829
2458.192383	1150.337036
2461.243164	1148.341309
2464.293945	1156.87561
2467.342773	1161.36377
2470.390625	1137.479004
2473.436523	1143.584839
2476.482422	1147.260986
2479.526367	1168.796265
2482.569336	1139.193359
2485.611328	1174.549927
2488.652344	1148.98938
2491.692383	1171.369507
2494.730469	1153.106567
2497.768555	1146.218628
2500.804688	1142.580566
2503.839844	1169.061401
2506.873047	1172.758301
2509.90625	1181.346069
2512.938477	1180.159668
2515.96875	1146.358765
2518.998047	1188.386719
2522.026367	1179.04126
2525.053711	1153.363525
2528.079102	1175.843262
2531.104492	1207.325073
2534.12793	1183.262573
2537.150391	1176.348755
2540.171875	1128.540405
2543.192383	1197.682617
2546.211914	1171.942627
2549.230469	1180.568481
2552.24707	1174.458252
2555.262695	1192.922852
2558.277344	1161.403931
2561.291016	1147.079712
2564.303711	1152.430054
2567.31543	1193.888062
2570.325195	1156.575317
2573.333984	1173.430664
2576.341797	1170.583252
2579.348633	1189.099365
2582.354492	1206.807007
2585.359375	1191.632324
2588.363281	1176.446045
2591.365234	1181.822998
2594.366211	1218.489258
2597.366211	1197.529907
2600.365234	1212.807007
2603.363281	1158.036011
2606.360352	1170.011108
2609.355469	1167.147705
2612.350586	1190.686646
2615.34375	1205.988281
2618.335938	1204.785767
2621.327148	1203.582153
2624.317383	1190.808105
2627.306641	1186.291016
2630.293945	1185.905273
2633.280273	1177.246094
2636.266602	1205.822388
2639.250977	1197.163574
2642.234375	1171.933472
2645.216797	1229.537476
2648.197266	1211.759766
2651.177734	1218.013672
2654.157227	1235.884399
2657.134766	1204.812134
2660.111328	1218.540283
2663.086914	1208.19751
2666.061523	1203.661499
2669.035156	1209.09375
2672.007813	1223.674072
2674.978516	1211.653442
2677.949219	1219.5896
2680.917969	1234.189087
2683.885742	1225.488281
2686.852539	1209.285278
2689.818359	1243.891968
2692.783203	1226.016235
2695.74707	1243.14502
2698.708984	1223.587036
2701.670898	1256.580444
2704.630859	1232.004272
2707.589844	1237.469604
2710.547852	1271.339111
2713.504883	1245.904663
2716.460938	1240.513306
2719.416016	1260.204712
2722.369141	1295.804565
2725.322266	1279.545776
2728.273438	1275.832031
2731.223633	1286.352295
2734.173828	1259.179932
2737.12207	1253.777466
2740.069336	1262.623535
2743.014648	1306.701416
2745.959961	1282.85144
2748.904297	1299.270996
2751.84668	1266.164063
2754.788086	1230.512695
2757.729492	1257.013306
2760.668945	1266.721924
2763.607422	1256.256592
2766.544922	1260.924316
2769.481445	1253.814575
2772.416016	1254.275391
2775.350586	1289.262573
2778.28418	1240.876099
2781.21582	1255.658081
2784.146484	1251.060913
2787.077148	1244.773438
2790.005859	1213.171509
2792.933594	1227.963867
2795.860352	1266.406494
2798.785156	1281.22876
2801.709961	1247.057983
2804.633789	1271.180664
2807.555664	1297.857178
2810.477539	1283.10791
2813.397461	1259.886108
2816.316406	1281.508423
2819.234375	1248.107544
2822.151367	1292.611328
2825.067383	1270.205322
2827.982422	1291.861816
2830.896484	1318.621826
2833.80957	1350.490845
2836.720703	1413.781494
2839.631836	1393.92395
2842.541016	1449.633057
2845.450195	1517.276001
2848.357422	1665.703613
2851.263672	1702.868408
2854.168945	1706.891724
2857.073242	1737.291626
2859.976563	1771.117798
2862.878906	1832.212891
2865.779297	1887.390259
2868.679688	1986.060547
2871.579102	2056.675293
2874.476563	2140.983398
2877.374023	2194.645996
2880.269531	2175.819824
2883.164063	2235.508301
2886.057617	2197.042969
2888.950195	2234.572754
2891.841797	2198.641602
2894.732422	2262.697266
2897.62207	2291.739014
2900.510742	2307.969482
2903.398438	2345.605225
2906.28418	2394.396484
2909.169922	2425.23877
2912.053711	2567.471436
2914.9375	2579.543945
2917.819336	2673.926025
2920.700195	2744.362549
2923.581055	2783.106201
2926.459961	2860.498291
2929.337891	2949.965088
2932.214844	2929.562744
2935.09082	2896.25708
2937.96582	2909.338623
2940.838867	2925.868164
2943.711914	2878.761475
2946.583984	2711.162109
2949.454102	2517.619385
2952.324219	2484.949463
2955.193359	2392.82251
2958.060547	2404.027344
2960.926758	2378.174805
2963.792969	2328.159424
2966.657227	2263.443359
2969.520508	2232.333252
2972.382813	2251.266602
2975.244141	2185.587402
2978.104492	2104.311279
2980.963867	2107.662842
2983.822266	2026.29895
2986.679688	1997.627075
2989.536133	1903.187744
2992.390625	1828.583862
2995.245117	1798.942749
2998.098633	1720.782715
3000.950195	1637.368042
3003.801758	1617.157959
3006.651367	1596.932861
3009.500977	1586.23291
3012.348633	1489.634399
3015.195313	1483.226807
3018.041992	1483.76001
3020.886719	1418.286011
3023.730469	1377.091797
3026.573242	1394.969116
3029.415039	1404.164551
3032.255859	1386.403564
3035.095703	1319.905151
3037.93457	1364.768555
3040.772461	1340.878418
3043.609375	1375.328735
3046.445313	1358.395142
3049.280273	1399.848999
3052.114258	1372.44812
3054.946289	1436.614746
3057.77832	1450.217773
3060.609375	1467.321777
3063.438477	1475.705688
3066.267578	1422.949463
3069.094727	1435.692017
3071.921875	1383.757202
3074.74707	1370.260742
3077.572266	1382.122314
3080.395508	1379.990967
3083.21875	1386.611572
3086.040039	1315.299438
3088.860352	1328.90918
3091.679688	1373.199585
3094.499023	1326.351196
3097.316406	1328.578247
3100.132813	1322.033936
3102.948242	1337.42395
3105.762695	1249.234009
3108.576172	1312.03125
3111.388672	1320.405273
3114.201172	1315.602539
3117.011719	1314.312622
3119.821289	1295.432495
3122.629883	1299.412476
3125.436523	1328.917236
3128.243164	1332.911377
3131.048828	1317.532593
3133.853516	1275.712036
3136.657227	1292.029297
3139.459961	1350.676636
3142.261719	1310.586304
3145.0625	1310.169312
3147.861328	1333.581421
3150.660156	1327.87439
3153.458008	1302.7323
3156.254883	1284.640381
3159.049805	1310.726929
3161.844727	1325.337891
3164.638672	1313.425049
3167.430664	1320.083618
3170.222656	1306.389771
3173.013672	1333.414185
3175.802734	1316.171875
3178.591797	1327.269897
3181.379883	1316.216919
3184.166016	1280.329468
3186.952148	1256.833984
3189.737305	1272.361938
3192.520508	1314.528442
3195.303711	1300.786255
3198.084961	1319.898193
3200.866211	1315.457153
