399.363281	1158.056763
403.25	1145.842041
407.134766	1138.705444
411.017578	1105.469116
414.898438	1114.862305
418.777344	1103.243286
422.654297	1085.241211
426.53125	1071.685913
430.404297	1069.599121
434.277344	1058.577026
438.148438	1076.909424
442.017578	1060.77124
445.884766	1081.036621
449.751953	1072.555786
453.615234	1072.380371
457.478516	1061.328857
461.339844	1075.228149
465.199219	1050.081299
469.056641	1086.407104
472.912109	1094.56665
476.765625	1066.188843
480.619141	1048.690186
484.470703	1088.92688
488.320313	1070.138306
492.167969	1066.104492
496.013672	1072.347046
499.857422	1072.80957
503.699219	1050.764893
507.541016	1086.601685
511.380859	1077.415649
515.21875	1088.826172
519.054688	1104.111084
522.888672	1114.897827
526.720703	1075.404785
530.552734	1081.02771
534.380859	1095.689087
538.208984	1062.591431
542.035156	1086.298584
545.859375	1088.057983
549.683594	1111.795898
553.503906	1081.233521
557.324219	1092.696167
561.140625	1073.748779
564.957031	1078.742432
568.773438	1042.92981
572.585938	1077.724731
576.396484	1045.770264
580.207031	1054.002319
584.015625	1068.730103
587.820313	998.428528
591.626953	1033.927002
595.429688	1055.811157
599.230469	1064.063721
603.03125	1051.513794
606.828125	1053.915894
610.625	1053.716309
614.419922	1039.191528
618.214844	1061.783936
622.005859	1088.30542
625.796875	1072.471924
629.583984	1075.539551
633.371094	1068.821655
637.15625	1062.097778
640.941406	1108.266846
644.722656	1101.553467
648.503906	1071.956787
652.283203	1063.913696
656.060547	1112.777954
659.835938	1093.618774
663.609375	1076.407227
667.382813	1118.788208
671.152344	1094.363647
674.921875	1084.340942
678.689453	1074.309204
682.455078	1105.605957
686.220703	1094.261353
689.982422	1111.801758
693.744141	1114.903198
697.503906	1127.208496
701.261719	1120.455322
705.017578	1161.059448
708.773438	1116.802246
712.525391	1109.376709
716.277344	1141.464233
720.027344	1159.740967
723.775391	1166.82605
727.523438	1182.490479
731.267578	1149.34375
735.011719	1155.112427
738.753906	1176.073608
742.494141	1139.577759
746.232422	1201.525635
749.970703	1195.423462
753.707031	1227.019531
757.439453	1246.730469
761.171875	1259.837524
764.904297	1200.763794
768.632813	1219.162598
772.361328	1232.936401
776.087891	1272.584473
779.8125	1259.191284
783.535156	1257.733276
787.255859	1247.641724
790.976563	1284.040405
794.695313	1244.045776
798.412109	1231.940063
802.126953	1230.465576
805.839844	1241.63208
809.552734	1287.422974
813.263672	1240.017822
816.972656	1215.890625
820.679688	1293.720825
824.384766	1282.931396
828.089844	1255.455322
831.791016	1247.976685
835.492188	1225.135498
839.193359	1274.411133
842.890625	1237.528687
846.587891	1274.817627
850.28125	1274.686157
853.974609	1310.014282
857.666016	1259.0271
861.357422	1272.949707
865.044922	1244.679932
868.732422	1258.607666
872.417969	1254.444092
876.101563	1269.057739
879.785156	1266.236328
883.464844	1288.250977
887.144531	1307.59729
890.822266	1242.974854
894.5	1280.466064
898.173828	1215.7771
901.847656	1260.015015
905.519531	1234.969849
909.189453	1232.795166
912.857422	1245.437012
916.523438	1258.762939
920.189453	1224.910034
923.853516	1257.121582
927.515625	1227.287109
931.177734	1225.776733
934.835938	1218.187256
938.494141	1245.719849
942.150391	1225.290894
945.804688	1219.719116
949.458984	1222.259033
953.109375	1228.860962
956.759766	1240.883789
960.408203	1225.826172
964.056641	1229.049194
967.701172	1243.119629
971.345703	1276.188354
974.988281	1249.586426
978.628906	1245.358032
982.267578	1259.45752
985.90625	1268.134521
989.542969	1242.162842
993.177734	1273.272705
996.810547	1259.522461
1000.443359	1343.053467
1004.074219	1381.049927
1007.703125	1308.765625
1011.330078	1275.250244
1014.955078	1266.922363
1018.580078	1236.088135
1022.203125	1250.244873
1025.824219	1261.683472
1029.443359	1266.987671
1033.0625	1301.661743
1036.679688	1269.409546
1040.294922	1252.850464
1043.908203	1267.047485
1047.519531	1282.624146
1051.130859	1271.523804
1054.740234	1307.653687
1058.347656	1302.033081
1061.953125	1290.240601
1065.558594	1279.80896
1069.162109	1310.514771
1072.763672	1309.687134
1076.363281	1329.448608
1079.962891	1336.866943
1083.560547	1320.935913
1087.15625	1326.981689
1090.75	1322.032349
1094.34375	1335.648438
1097.933594	1341.706787
1101.523438	1319.547852
1105.113281	1311.1427
1108.699219	1306.174805
1112.285156	1306.026733
1115.869141	1318.28894
1119.451172	1340.217651
1123.03125	1344.222778
1126.611328	1366.869995
1130.189453	1341.192017
1133.765625	1296.837769
1137.341797	1307.050903
1140.914063	1301.368042
1144.486328	1307.440308
1148.056641	1314.209229
1151.626953	1300.213135
1155.193359	1331.22583
1158.759766	1344.94104
1162.324219	1348.962524
1165.888672	1333.569336
1169.449219	1354.239136
1173.009766	1360.350342
1176.568359	1343.553101
1180.125	1309.375854
1183.681641	1356.475098
1187.236328	1297.246948
1190.789063	1330.469727
1194.339844	1349.803955
1197.890625	1338.526978
1201.439453	1347.434448
1204.986328	1391.180786
1208.53125	1400.813477
1212.076172	1439.736572
1215.619141	1440.329102
1219.160156	1475.113037
1222.699219	1475.021729
1226.238281	1474.231567
1229.775391	1526.537354
1233.310547	1506.196899
1236.84375	1503.319824
1240.376953	1522.824097
1243.908203	1550.041748
1247.4375	1523.375122
1250.964844	1519.098022
1254.492188	1529.530762
1258.017578	1515.438599
1261.541016	1504.139404
1265.064453	1538.429321
1268.583984	1514.496948
1272.103516	1503.884399
1275.623047	1522.060425
1279.138672	1514.252075
1282.654297	1534.555298
1286.167969	1545.029297
1289.679688	1563.250366
1293.191406	1561.778931
1296.701172	1576.500366
1300.208984	1635.610474
1303.714844	1659.534302
1307.220703	1617.914795
1310.722656	1633.386963
1314.226563	1659.45459
1317.726563	1644.60437
1321.226563	1657.28064
1324.724609	1660.077026
1328.220703	1638.84729
1331.714844	1664.261353
1335.208984	1688.281128
1338.701172	1677.64917
1342.191406	1661.345215
1345.681641	1648.568237
1349.169922	1599.650146
1352.65625	1616.603149
1356.140625	1639.950806
1359.625	1580.328491
1363.107422	1629.224854
1366.587891	1615.69104
1370.068359	1623.450928
1373.544922	1632.637573
1377.021484	1574.310181
1380.498047	1581.350342
1383.970703	1595.509155
1387.443359	1599.716431
1390.914063	1567.619385
1394.384766	1596.744873
1397.851563	1569.607178
1401.318359	1616.575562
1404.785156	1576.587891
1408.248047	1600.055786
1411.710938	1594.996704
1415.171875	1570.656738
1418.630859	1584.864746
1422.089844	1596.94043
1425.546875	1587.581177
1429.001953	1628.98584
1432.457031	1663.269775
1435.908203	1672.532471
1439.361328	1767.718018
1442.810547	1744.081909
1446.257813	1807.844849
1449.705078	1772.018799
1453.152344	1807.158691
1456.595703	1746.910156
1460.039063	1783.50293
1463.480469	1713.861084
1466.919922	1722.455933
1470.359375	1722.434448
1473.796875	1658.432983
1477.232422	1640.405518
1480.666016	1669.127441
1484.099609	1667.643066
1487.53125	1630.155273
1490.962891	1622.170166
1494.390625	1599.765869
1497.818359	1588.156616
1501.246094	1602.50061
1504.669922	1555.529419
1508.09375	1613.177856
1511.515625	1570.504517
1514.935547	1546.577881
1518.355469	1589.838257
1521.773438	1538.427368
1525.189453	1573.762939
1528.605469	1596.103149
1532.019531	1617.013306
1535.431641	1611.147705
1538.841797	1619.040771
1542.251953	1623.316284
1545.660156	1653.694214
1549.068359	1673.942383
1552.472656	1681.871826
1555.876953	1707.227783
1559.28125	1688.30835
1562.681641	1728.941895
1566.082031	1726.730103
1569.480469	1716.518677
1572.878906	1721.57251
1576.273438	1760.10022
1579.667969	1780.460693
1583.0625	1767.339966
1586.453125	1757.850708
1589.84375	1723.574707
1593.234375	1754.158569
1596.621094	1745.380615
1600.007813	1787.671509
1603.392578	1747.511108
1606.777344	1763.546997
1610.160156	1750.373657
1613.541016	1704.30188
1616.919922	1765.668213
1620.298828	1711.519165
1623.675781	1700.497314
1627.050781	1757.54248
1630.425781	1742.13562
1633.798828	1708.401123
1637.169922	1731.804077
1640.541016	1781.619751
1643.910156	1765.462524
1647.277344	1793.317749
1650.642578	1783.757935
1654.007813	1832.203613
1657.371094	1818.977539
1660.734375	1843.957153
1664.09375	1852.78125
1667.453125	1853.521118
1670.8125	1840.280518
1674.167969	1818.195679
1677.523438	1764.427246
1680.878906	1762.921021
1684.230469	1757.728271
1687.582031	1745.895386
1690.933594	1708.974854
1694.28125	1717.772705
1697.628906	1685.239624
1700.974609	1660.064819
1704.320313	1629.698364
1707.664063	1620.00061
1711.005859	1600.683228
1714.345703	1619.811401
1717.685547	1609.357056
1721.023438	1647.008789
1724.361328	1642.480347
1727.695313	1587.572266
1731.03125	1551.888916
1734.363281	1644.440308
1737.695313	1602.816895
1741.025391	1637.585571
1744.353516	1604.833008
1747.681641	1598.787109
1751.007813	1622.451172
1754.332031	1576.275146
1757.65625	1608.126587
1760.978516	1610.995972
1764.298828	1574.432007
1767.619141	1581.755615
1770.9375	1598.765137
1774.253906	1580.030396
1777.570313	1605.994873
1780.884766	1597.684814
1784.197266	1610.250977
1787.509766	1595.966309
1790.818359	1593.612549
1794.128906	1648.753906
1797.435547	1559.764771
1800.742188	1603.725952
1804.048828	1640.993042
1807.351563	1640.894287
1810.654297	1573.457275
1813.955078	1632.46167
1817.255859	1617.382446
1820.554688	1612.028931
1823.851563	1592.432495
1827.148438	1615.551758
1830.443359	1566.69165
1833.736328	1596.570679
1837.027344	1621.969482
1840.318359	1636.875854
1843.609375	1675.07959
1846.896484	1632.156006
1850.183594	1661.366089
1853.46875	1610.130005
1856.753906	1592.708496
1860.037109	1628.710205
1863.318359	1620.31665
1866.599609	1596.851563
1869.878906	1638.924438
1873.15625	1629.77002
1876.433594	1618.345703
1879.708984	1616.71936
1882.982422	1623.393188
1886.255859	1627.05188
1889.527344	1660.170044
1892.796875	1627.576172
1896.066406	1625.192383
1899.333984	1619.025269
1902.599609	1643.112793
1905.865234	1603.648193
1909.128906	1598.978394
1912.390625	1602.635742
1915.652344	1604.780273
1918.912109	1605.410156
1922.169922	1637.887939
1925.427734	1630.944702
1928.683594	1649.038574
1931.939453	1651.962646
1935.191406	1673.875488
1938.445313	1610.710938
1941.695313	1653.145752
1944.945313	1655.314209
1948.193359	1652.15918
1951.441406	1628.455444
1954.6875	1668.678467
1957.931641	1657.908203
1961.173828	1643.319824
1964.416016	1634.05481
1967.658203	1661.379761
1970.896484	1633.807739
1974.134766	1688.622803
1977.373047	1703.786377
1980.607422	1660.160889
1983.84375	1646.294556
1987.076172	1676.743042
1990.308594	1640.699951
1993.539063	1662.755981
1996.767578	1652.693115
1999.996094	1606.646606
2003.222656	1647.091553
2006.449219	1654.628296
2009.673828	1618.489624
2012.896484	1683.517578
2016.119141	1682.639893
2019.339844	1644.167114
2022.558594	1653.250488
2025.777344	1672.322266
2028.994141	1654.538574
2032.208984	1698.214478
2035.423828	1635.840332
2038.636719	1690.308472
2041.847656	1666.347778
2045.058594	1670.074463
2048.267578	1700.750854
2051.476563	1670.603394
2054.683594	1646.596191
2057.888672	1642.611328
2061.09375	1630.911621
2064.296875	1675.515869
2067.498047	1639.895996
2070.699219	1675.273438
2073.898438	1699.865479
2077.097656	1654.940918
2080.292969	1661.766479
2083.490234	1643.080688
2086.683594	1688.581787
2089.876953	1671.438843
2093.068359	1683.698486
2096.259766	1649.502319
2099.449219	1675.707031
2102.636719	1686.431396
2105.824219	1648.318848
2109.009766	1697.045166
2112.195313	1700.805786
2115.378906	1706.121338
2118.560547	1655.531494
2121.742188	1677.922852
2124.921875	1627.282104
2128.099609	1690.88208
2131.277344	1728.088501
2134.453125	1665.736938
2137.626953	1654.705811
2140.800781	1673.253296
2143.972656	1671.562744
2147.144531	1705.714722
2150.314453	1720.404663
2153.482422	1653.224121
2156.650391	1684.286865
2159.816406	1665.426025
2162.980469	1666.068359
2166.144531	1738.565186
2169.306641	1693.137085
2172.46875	1660.179688
2175.628906	1674.894165
2178.787109	1654.419067
2181.945313	1709.051025
2185.101563	1669.001831
2188.255859	1654.764771
2191.410156	1693.790039
2194.564453	1679.550781
2197.714844	1694.309692
2200.865234	1690.255249
2204.013672	1708.952026
2207.162109	1664.867188
2210.308594	1657.654663
2213.455078	1693.641235
2216.599609	1677.789063
2219.742188	1686.295044
2222.884766	1686.942505
2226.025391	1697.817993
2229.164063	1664.626221
2232.302734	1663.690186
2235.439453	1680.869385
2238.576172	1688.605713
2241.710938	1706.595093
2244.84375	1651.260986
2247.976563	1696.070679
2251.107422	1690.407227
2254.236328	1720.265381
2257.365234	1694.071777
2260.492188	1724.74353
2263.619141	1715.919189
2266.744141	1751.366089
2269.867188	1710.114014
2272.990234	1697.316284
2276.111328	1724.879639
2279.232422	1700.990479
2282.351563	1723.822266
2285.46875	1745.08606
2288.585938	1695.01355
2291.701172	1721.040527
2294.816406	1671.713013
2297.929688	1644.571411
2301.041016	1684.106079
2304.152344	1710.166992
2307.261719	1747.37207
2310.369141	1717.831543
2313.476563	1714.51062
2316.583984	1725.506348
2319.6875	1710.247437
2322.791016	1730.802734
2325.894531	1840.574585
2328.996094	1823.747314
2332.095703	1837.991821
2335.195313	1751.780396
2338.292969	1691.825439
2341.388672	1711.620361
2344.484375	1694.709961
2347.578125	1718.512939
2350.671875	1713.574463
2353.763672	1693.44751
2356.853516	1702.08606
2359.943359	1699.533813
2363.03125	1739.383789
2366.119141	1696.823486
2369.205078	1691.863159
2372.289063	1736.560303
2375.373047	1724.398682
2378.457031	1734.672363
2381.537109	1727.311523
2384.617188	1684.647217
2387.697266	1709.361572
2390.773438	1669.868652
2393.851563	1713.870483
2396.925781	1759.512085
2400	1744.104004
2403.074219	1730.291992
2406.146484	1739.795044
2409.216797	1738.844482
2412.286133	1736.282837
2415.355469	1748.213501
2418.421875	1753.708252
2421.488281	1789.829712
2424.553711	1744.55481
2427.617188	1771.021606
2430.679688	1744.260498
2433.741211	1737.655884
2436.801758	1793.214966
2439.861328	1766.430664
2442.918945	1763.865601
2445.976563	1769.38147
2449.032227	1741.747925
2452.086914	1752.112061
2455.140625	1747.917847
2458.192383	1746.148438
2461.243164	1756.524902
2464.293945	1716.680298
2467.342773	1740.830078
2470.390625	1736.621582
2473.436523	1746.197388
2476.482422	1731.439209
2479.526367	1708.552856
2482.569336	1732.743164
2485.611328	1752.889893
2488.652344	1783.61499
2491.692383	1792.414795
2494.730469	1788.209717
2497.768555	1730.310303
2500.804688	1749.678223
2503.839844	1759.290894
2506.873047	1741.220337
2509.90625	1746.762695
2512.938477	1780.019775
2515.96875	1746.444092
2518.998047	1750.362183
2522.026367	1786.920654
2525.053711	1790.856079
2528.079102	1733.552246
2531.104492	1723.58313
2534.12793	1776.528198
2537.150391	1786.186279
2540.171875	1772.135498
2543.192383	1722.895996
2546.211914	1757.913818
2549.230469	1739.741943
2552.24707	1764.144531
2555.262695	1776.275146
2558.277344	1787.594849
2561.291016	1786.623779
2564.303711	1795.494263
2567.31543	1783.857544
2570.325195	1807.508057
2573.333984	1800.793213
2576.341797	1808.859131
2579.348633	1759.406982
2582.354492	1766.640625
2585.359375	1756.609131
2588.363281	1788.5271
2591.365234	1838.574341
2594.366211	1806.328125
2597.366211	1766.644897
2600.365234	1787.077759
2603.363281	1767.962524
2606.360352	1792.532959
2609.355469	1817.946045
2612.350586	1779.841431
2615.34375	1815.17334
2618.335938	1847.228149
2621.327148	1818.177246
2624.317383	1821.33313
2627.306641	1821.184082
2630.293945	1785.473877
2633.280273	1823.366333
2636.266602	1813.2854
2639.250977	1814.787354
2642.234375	1827.056763
2645.216797	1797.079956
2648.197266	1862.396729
2651.177734	1825.776855
2654.157227	1823.966309
2657.134766	1791.452881
2660.111328	1792.947632
2663.086914	1835.131592
2666.061523	1805.076904
2669.035156	1814.887085
2672.007813	1815.559814
2674.978516	1820.390747
2677.949219	1855.173828
2680.917969	1904.962158
2683.885742	1802.433594
2686.852539	1808.930786
2689.818359	1812.932983
2692.783203	1863.611206
2695.74707	1825.11377
2698.708984	1821.618408
2701.670898	1833.973267
2704.630859	1850.510376
2707.589844	1849.524292
2710.547852	1849.372437
2713.504883	1870.945923
2716.460938	1889.191406
2719.416016	1870.655518
2722.369141	1901.461548
2725.322266	1868.689087
2728.273438	1863.518433
2731.223633	1885.142456
2734.173828	1890.864258
2737.12207	1843.790405
2740.069336	1827.702148
2743.014648	1903.858887
2745.959961	1881.067871
2748.904297	1866.652832
2751.84668	1899.246094
2754.788086	1898.265381
2757.729492	1846.028198
2760.668945	1887.054199
2763.607422	1868.408325
2766.544922	1842.177734
2769.481445	1895.86853
2772.416016	1914.243042
2775.350586	1887.156982
2778.28418	1901.328857
2781.21582	1870.003662
2784.146484	1863.102905
2787.077148	1900.050537
2790.005859	1913.402588
2792.933594	1916.636475
2795.860352	1896.232666
2798.785156	1926.488281
2801.709961	1890.019409
2804.633789	1873.808105
2807.555664	1866.885132
2810.477539	1870.952271
2813.397461	1872.483643
2816.316406	1901.94812
2819.234375	1936.51416
2822.151367	1965.175781
2825.067383	1950.64209
2827.982422	1914.905396
2830.896484	1941.045288
2833.80957	2032.522705
2836.720703	1990.835205
2839.631836	2050.137939
2842.541016	2111.182129
2845.450195	2209.649902
2848.357422	2286.093262
2851.263672	2368.542969
2854.168945	2385.566162
2857.073242	2390.690186
2859.976563	2424.754639
2862.878906	2511.630127
2865.779297	2581.53418
2868.679688	2631.040283
2871.579102	2726.607666
2874.476563	2830.770508
2877.374023	2857.389893
2880.269531	2917.305176
2883.164063	2874.834717
2886.057617	2903.205078
2888.950195	2851.301025
2891.841797	2936.07959
2894.732422	2900.389893
2897.62207	2914.270996
2900.510742	3116.357666
2903.398438	3005.386963
2906.28418	3058.697998
2909.169922	3163.429443
2912.053711	3212.551758
2914.9375	3307.986816
2917.819336	3339.192383
2920.700195	3407.297607
2923.581055	3480.598633
2926.459961	3568.542236
2929.337891	3589.582275
2932.214844	3643.273193
2935.09082	3622.254395
2937.96582	3571.137939
2940.838867	3604.243164
2943.711914	3440.408203
2946.583984	3316.893066
2949.454102	3219.970459
2952.324219	3095.423828
2955.193359	3038.832764
2958.060547	3030.452881
2960.926758	3022.066406
2963.792969	3036.092529
2966.657227	2969.044189
2969.520508	2923.519531
2972.382813	2849.475098
2975.244141	2813.371826
2978.104492	2765.147949
2980.963867	2647.756836
2983.822266	2664.271973
2986.679688	2624.588135
2989.536133	2555.461914
2992.390625	2504.458984
2995.245117	2416.193115
2998.098633	2355.575684
3000.950195	2314.839844
3003.801758	2177.876709
3006.651367	2175.192627
3009.500977	2113.531738
3012.348633	2119.497314
3015.195313	2060.374756
3018.041992	2062.851807
3020.886719	2008.008057
3023.730469	2010.467163
3026.573242	2037.263306
3029.415039	1984.958252
3032.255859	2016.112549
3035.095703	2005.525024
3037.93457	1994.929443
3040.772461	1969.524048
3043.609375	2012.038818
3046.445313	1963.094482
3049.280273	1947.236938
3052.114258	2001.995483
3054.946289	1996.606689
3057.77832	2043.567993
3060.609375	2103.655762
3063.438477	2064.241455
3066.267578	2043.142334
3069.094727	2052.611328
3071.921875	2018.379883
3074.74707	1971.006836
3077.572266	1971.711182
3080.395508	1965.415039
3083.21875	1939.855591
3086.040039	1980.830444
3088.860352	1903.57251
3091.679688	1957.707642
3094.499023	1932.107056
3097.316406	1910.872559
3100.132813	1926.467407
3102.948242	1970.155396
3105.762695	1890.969727
3108.576172	1861.784668
3111.388672	1894.952881
3114.201172	1916.719482
3117.011719	1931.46814
3119.821289	1964.695313
3122.629883	1975.951538
3125.436523	1921.209473
3128.243164	1897.241699
3131.048828	1924.33728
3133.853516	1915.330078
3136.657227	1925.7052
3139.459961	1908.75647
3142.261719	1877.683838
3145.0625	1890.702271
3147.861328	1894.903564
3150.660156	1901.756226
3153.458008	1905.080444
3156.254883	1875.716187
3159.049805	1844.56311
3161.844727	1917.717041
3164.638672	1898.938354
3167.430664	1907.573975
3170.222656	1875.501221
3173.013672	1882.363037
3175.802734	1909.600586
3178.591797	1937.743164
3181.379883	1939.314941
3184.166016	1863.748413
3186.952148	1892.790161
3189.737305	1836.673096
3192.520508	1944.721069
3195.303711	1903.67627
3198.084961	1889.248657
3200.866211	1903.460205
