399.363281	1091.319092
403.25	1059.999268
407.134766	1021.654236
411.017578	1020.824646
414.898438	1041.641846
418.777344	1022.984192
422.654297	1059.113892
426.53125	1022.596252
430.404297	1010.283203
434.277344	1021.568237
438.148438	1046.268311
442.017578	998.82373
445.884766	994.144775
449.751953	1002.245239
453.615234	972.624084
457.478516	996.075378
461.339844	996.506104
465.199219	986.692261
469.056641	1005.69519
472.912109	986.263489
476.765625	999.512024
480.619141	983.267273
484.470703	995.242004
488.320313	994.387695
492.167969	1000.596863
496.013672	999.74353
499.857422	1002.103088
503.699219	1021.184021
507.541016	993.960632
511.380859	1023.995422
515.21875	1013.490479
519.054688	1000.399414
522.888672	1026.608276
526.720703	1038.655273
530.552734	1016.527283
534.380859	1042.130737
538.208984	1030.958984
542.035156	1034.631592
545.859375	1031.845947
549.683594	1012.897705
553.503906	989.40625
557.324219	1022.178833
561.140625	1020.676208
564.957031	977.731812
568.773438	983.333862
572.585938	959.129639
576.396484	966.024658
580.207031	972.925232
584.015625	966.853638
587.820313	986.094238
591.626953	946.251038
595.429688	959.001465
599.230469	962.01239
603.03125	970.878235
606.828125	961.535583
610.625	961.947327
614.419922	958.452332
618.214844	969.284973
622.005859	992.508484
625.796875	1005.972168
629.583984	977.703918
633.371094	982.037048
637.15625	956.997742
640.941406	1006.387268
644.722656	993.096802
648.503906	1012.476318
652.283203	999.176514
656.060547	1025.77063
659.835938	1025.553955
663.609375	1029.920044
667.382813	1082.761719
671.152344	1039.973145
674.921875	1060.084229
678.689453	1081.523804
682.455078	1057.051147
686.220703	1037.808716
689.982422	1013.295959
693.744141	1024.239258
697.503906	1018.759949
701.261719	1029.056641
705.017578	1038.704102
708.773438	1056.256714
712.525391	1077.774292
716.277344	1063.083252
720.027344	1128.111694
723.775391	1130.568848
727.523438	1104.009521
731.267578	1136.807861
735.011719	1058.743042
738.753906	1084.285645
742.494141	1103.243408
746.232422	1130.808716
749.970703	1141.867432
753.707031	1145.65918
757.439453	1131.586548
761.171875	1089.696533
764.904297	1126.585327
768.632813	1160.854736
772.361328	1178.581177
776.087891	1220.195679
779.8125	1239.951782
783.535156	1274.32605
787.255859	1223.073975
790.976563	1203.66333
794.695313	1212.147095
798.412109	1183.406982
802.126953	1243.102783
805.839844	1225.662476
809.552734	1189.568115
813.263672	1203.390015
816.972656	1211.893188
820.679688	1215.737671
824.384766	1211.583252
828.089844	1216.097168
831.791016	1158.549438
835.492188	1167.050049
839.193359	1148.84021
842.890625	1161.352539
846.587891	1210.642212
850.28125	1194.433105
853.974609	1221.029663
857.666016	1161.303589
861.357422	1192.595215
865.044922	1229.942139
868.732422	1182.876709
872.417969	1175.99939
876.101563	1178.50647
879.785156	1180.34436
883.464844	1193.595703
887.144531	1194.097656
890.822266	1170.411987
894.5	1184.347046
898.173828	1157.947021
901.847656	1153.724365
905.519531	1196.608398
909.189453	1180.278564
912.857422	1159.893188
916.523438	1167.792358
920.189453	1160.192749
923.853516	1167.423584
927.515625	1189.503662
931.177734	1152.203125
934.835938	1154.036621
938.494141	1132.902588
942.150391	1181.361572
945.804688	1156.839966
949.458984	1156.648071
953.109375	1169.312622
956.759766	1170.479004
960.408203	1198.736084
964.056641	1151.13269
967.701172	1207.873047
971.345703	1175.151123
974.988281	1179.034424
978.628906	1166.632446
982.267578	1205.141357
985.90625	1209.041016
989.542969	1201.391724
993.177734	1186.937622
996.810547	1216.677002
1000.443359	1282.500366
1004.074219	1327.958862
1007.703125	1239.309692
1011.330078	1190.778564
1014.955078	1144.932617
1018.580078	1179.49939
1022.203125	1156.800415
1025.824219	1188.671021
1029.443359	1211.010742
1033.0625	1196.490723
1036.679688	1196.988892
1040.294922	1159.211304
1043.908203	1245.166504
1047.519531	1242.264282
1051.130859	1205.141724
1054.740234	1224.128174
1058.347656	1202.03479
1061.953125	1228.572144
1065.558594	1246.905518
1069.162109	1228.221924
1072.763672	1302.140381
1076.363281	1234.733154
1079.962891	1251.724854
1083.560547	1236.445435
1087.15625	1280.939331
1090.75	1251.221558
1094.34375	1293.006714
1097.933594	1252.947754
1101.523438	1285.130859
1105.113281	1257.429932
1108.699219	1260.706665
1112.285156	1236.417969
1115.869141	1270.714722
1119.451172	1247.788818
1123.03125	1227.603882
1126.611328	1282.648804
1130.189453	1279.72644
1133.765625	1200.80127
1137.341797	1187.474121
1140.914063	1190.731079
1144.486328	1190.531616
1148.056641	1200.020386
1151.626953	1232.363892
1155.193359	1269.582275
1158.759766	1227.838989
1162.324219	1242.210083
1165.888672	1247.577271
1169.449219	1236.298218
1173.009766	1279.839844
1176.568359	1291.477417
1180.125	1232.966675
1183.681641	1261.271729
1187.236328	1273.610107
1190.789063	1233.796753
1194.339844	1248.916504
1197.890625	1285.626221
1201.439453	1290.333862
1204.986328	1354.259155
1208.53125	1347.847412
1212.076172	1358.163208
1215.619141	1366.394531
1219.160156	1373.236694
1222.699219	1436.62793
1226.238281	1449.789063
1229.775391	1457.371582
1233.310547	1477.540771
1236.84375	1494.22998
1240.376953	1422.7948
1243.908203	1489.15979
1247.4375	1512.873901
1250.964844	1487.581421
1254.492188	1464.369751
1258.017578	1455.157471
1261.541016	1447.339722
1265.064453	1421.977295
1268.583984	1445.018188
1272.103516	1447.014893
1275.623047	1463.060303
1279.138672	1419.391724
1282.654297	1425.596924
1286.167969	1470.485352
1289.679688	1460.534546
1293.191406	1532.218506
1296.701172	1537.774414
1300.208984	1534.881714
1303.714844	1573.562744
1307.220703	1565.746704
1310.722656	1624.218506
1314.226563	1584.66626
1317.726563	1594.489868
1321.226563	1533.002319
1324.724609	1607.095825
1328.220703	1565.350098
1331.714844	1624.6698
1335.208984	1628.869507
1338.701172	1621.751099
1342.191406	1582.064941
1345.681641	1568.547485
1349.169922	1538.724609
1352.65625	1528.012451
1356.140625	1503.110962
1359.625	1512.944702
1363.107422	1529.881836
1366.587891	1505.659302
1370.068359	1502.011597
1373.544922	1486.282715
1377.021484	1464.143921
1380.498047	1437.009399
1383.970703	1485.253296
1387.443359	1482.299561
1390.914063	1501.412109
1394.384766	1477.807983
1397.851563	1509.758301
1401.318359	1462.615967
1404.785156	1431.122559
1408.248047	1438.837524
1411.710938	1469.395142
1415.171875	1468.564087
1418.630859	1472.017212
1422.089844	1466.184204
1425.546875	1478.930908
1429.001953	1450.927246
1432.457031	1525.200439
1435.908203	1532.97583
1439.361328	1580.851074
1442.810547	1570.03186
1446.257813	1628.708374
1449.705078	1630.085205
1453.152344	1634.331177
1456.595703	1615.622925
1460.039063	1592.592773
1463.480469	1598.981445
1466.919922	1572.333618
1470.359375	1562.90979
1473.796875	1607.393188
1477.232422	1622.426514
1480.666016	1653.299561
1484.099609	1594.22937
1487.53125	1573.272705
1490.962891	1517.002808
1494.390625	1488.791016
1497.818359	1469.927979
1501.246094	1449.606812
1504.669922	1433.597778
1508.09375	1425.515137
1511.515625	1421.035889
1514.935547	1428.110474
1518.355469	1407.729492
1521.773438	1412.634888
1525.189453	1434.901489
1528.605469	1444.162231
1532.019531	1443.296509
1535.431641	1418.53418
1538.841797	1456.050049
1542.251953	1462.43396
1545.660156	1456.497925
1549.068359	1461.435913
1552.472656	1498.30249
1555.876953	1530.117432
1559.28125	1538.720581
1562.681641	1587.284912
1566.082031	1593.736938
1569.480469	1634.364258
1572.878906	1619.02002
1576.273438	1615.30481
1579.667969	1604.307251
1583.0625	1624.612915
1586.453125	1541.488647
1589.84375	1557.411865
1593.234375	1563.869629
1596.621094	1544.804077
1600.007813	1530.100952
1603.392578	1591.300781
1606.777344	1564.189453
1610.160156	1537.05603
1613.541016	1555.212036
1616.919922	1564.608643
1620.298828	1574.743896
1623.675781	1557.813599
1627.050781	1570.149414
1630.425781	1529.769287
1633.798828	1524.520874
1637.169922	1563.973755
1640.541016	1566.065796
1643.910156	1582.094971
1647.277344	1604.006836
1650.642578	1623.733521
1654.007813	1656.69397
1657.371094	1696.292114
1660.734375	1668.307251
1664.09375	1661.621216
1667.453125	1700.532104
1670.8125	1701.946777
1674.167969	1667.292725
1677.523438	1664.276123
1680.878906	1652.416138
1684.230469	1605.907715
1687.582031	1598.437988
1690.933594	1596.125
1694.28125	1536.255493
1697.628906	1509.55542
1700.974609	1504.249146
1704.320313	1512.974731
1707.664063	1492.883789
1711.005859	1412.889526
1714.345703	1516.261841
1717.685547	1433.992676
1721.023438	1424.199951
1724.361328	1444.76062
1727.695313	1443.112793
1731.03125	1413.300903
1734.363281	1456.86438
1737.695313	1428.516968
1741.025391	1395.694824
1744.353516	1397.733765
1747.681641	1394.575928
1751.007813	1346.099609
1754.332031	1376.360962
1757.65625	1395.494019
1760.978516	1403.485352
1764.298828	1407.762451
1767.619141	1415.02002
1770.9375	1410.36853
1774.253906	1405.713013
1777.570313	1424.156006
1780.884766	1379.242554
1784.197266	1393.213989
1787.509766	1378.097046
1790.818359	1395.810547
1794.128906	1379.935303
1797.435547	1422.314209
1800.742188	1384.764282
1804.048828	1392.040649
1807.351563	1382.120605
1810.654297	1409.602173
1813.955078	1439.350708
1817.255859	1401.731445
1820.554688	1453.223022
1823.851563	1404.338135
1827.148438	1430.381836
1830.443359	1397.197876
1833.736328	1418.75708
1837.027344	1434.328369
1840.318359	1458.171143
1843.609375	1418.18396
1846.896484	1463.079102
1850.183594	1417.047607
1853.46875	1422.11853
1856.753906	1406.880005
1860.037109	1413.455566
1863.318359	1416.27124
1866.599609	1415.322632
1869.878906	1445.2677
1873.15625	1467.697632
1876.433594	1432.831665
1879.708984	1416.043945
1882.982422	1433.204834
1886.255859	1387.712891
1889.527344	1447.172729
1892.796875	1416.006348
1896.066406	1409.759888
1899.333984	1418.63208
1902.599609	1391.199097
1905.865234	1414.449463
1909.128906	1418.033447
1912.390625	1429.193604
1915.652344	1425.208618
1918.912109	1415.914185
1922.169922	1435.426758
1925.427734	1446.609985
1928.683594	1483.603516
1931.939453	1477.352661
1935.191406	1426.28772
1938.445313	1436.723755
1941.695313	1466.169312
1944.945313	1421.882202
1948.193359	1409.507813
1951.441406	1471.697632
1954.6875	1405.282959
1957.931641	1432.487549
1961.173828	1438.381104
1964.416016	1434.37085
1967.658203	1426.544922
1970.896484	1445.408813
1974.134766	1434.528198
1977.373047	1456.462524
1980.607422	1406.631226
1983.84375	1426.279297
1987.076172	1435.243042
1990.308594	1431.980835
1993.539063	1416.478394
1996.767578	1433.099121
1999.996094	1426.769531
2003.222656	1397.462524
2006.449219	1427.882935
2009.673828	1469.055298
2012.896484	1468.86145
2016.119141	1455.629272
2019.339844	1441.619263
2022.558594	1436.808228
2025.777344	1388.227173
2028.994141	1378.014038
2032.208984	1423.119141
2035.423828	1417.523315
2038.636719	1458.833008
2041.847656	1467.093872
2045.058594	1453.041748
2048.267578	1421.270264
2051.476563	1397.946167
2054.683594	1480.934937
2057.888672	1456.84436
2061.09375	1424.252441
2064.296875	1407.834473
2067.498047	1465.488281
2070.699219	1447.528931
2073.898438	1453.496948
2077.097656	1453.288452
2080.292969	1437.621216
2083.490234	1454.416382
2086.683594	1449.565796
2089.876953	1447.032715
2093.068359	1471.591187
2096.259766	1437.312866
2099.449219	1417.727173
2102.636719	1443.851929
2105.824219	1479.300293
2109.009766	1493.058472
2112.195313	1460.272217
2115.378906	1447.641724
2118.560547	1459.072998
2121.742188	1482.165161
2124.921875	1476.521484
2128.099609	1438.999023
2131.277344	1466.775391
2134.453125	1464.230225
2137.626953	1454.677856
2140.800781	1468.476318
2143.972656	1448.012695
2147.144531	1489.870483
2150.314453	1436.658691
2153.482422	1432.534302
2156.650391	1424.505615
2159.816406	1472.661133
2162.980469	1438.877197
2166.144531	1445.680176
2169.306641	1456.394775
2172.46875	1437.415405
2175.628906	1439.533203
2178.787109	1466.683594
2181.945313	1430.469482
2185.101563	1461.550781
2188.255859	1454.282104
2191.410156	1449.357788
2194.564453	1453.050537
2197.714844	1473.210449
2200.865234	1453.384277
2204.013672	1431.188477
2207.162109	1470.200928
2210.308594	1477.833252
2213.455078	1409.272949
2216.599609	1411.385986
2219.742188	1451.235718
2222.884766	1454.152344
2226.025391	1444.482788
2229.164063	1456.05603
2232.302734	1451.103149
2235.439453	1440.63269
2238.576172	1463.248169
2241.710938	1459.86792
2244.84375	1463.581909
2247.976563	1452.309814
2251.107422	1455.233887
2254.236328	1458.949219
2257.365234	1448.451172
2260.492188	1475.078369
2263.619141	1484.33728
2266.744141	1472.254517
2269.867188	1464.907959
2272.990234	1465.468384
2276.111328	1466.028931
2279.232422	1457.086792
2282.351563	1466.358032
2285.46875	1492.278442
2288.585938	1491.263062
2291.701172	1466.453369
2294.816406	1424.962769
2297.929688	1489.003906
2301.041016	1448.283569
2304.152344	1451.219238
2307.261719	1433.496704
2310.369141	1461.071045
2313.476563	1478.328003
2316.583984	1491.620239
2319.6875	1466.722168
2322.791016	1503.903564
2325.894531	1540.316406
2328.996094	1561.61853
2332.095703	1601.268677
2335.195313	1528.522095
2338.292969	1494.80481
2341.388672	1475.424805
2344.484375	1454.433105
2347.578125	1484.533325
2350.671875	1481.103516
2353.763672	1449.699829
2356.853516	1437.459229
2359.943359	1477.994629
2363.03125	1487.357178
2366.119141	1533.544312
2369.205078	1490.088623
2372.289063	1481.04248
2375.373047	1487.213745
2378.457031	1470.944458
2381.537109	1481.125488
2384.617188	1492.918335
2387.697266	1491.076904
2390.773438	1499.670532
2393.851563	1472.932739
2396.925781	1495.183472
2400	1494.142578
2403.074219	1551.795288
2406.146484	1515.383179
2409.216797	1500.668579
2412.286133	1492.382202
2415.355469	1522.741455
2418.421875	1470.956055
2421.488281	1514.223389
2424.553711	1466.425781
2427.617188	1525.852905
2430.679688	1497.385498
2433.741211	1501.179688
2436.801758	1490.443359
2439.861328	1509.583374
2442.918945	1489.953369
2445.976563	1530.122925
2449.032227	1513.719604
2452.086914	1490.023315
2455.140625	1506.769897
2458.192383	1513.004883
2461.243164	1563.784912
2464.293945	1511.715576
2467.342773	1557.670166
2470.390625	1533.934692
2473.436523	1506.12561
2476.482422	1503.44751
2479.526367	1542.973389
2482.569336	1532.186646
2485.611328	1577.438477
2488.652344	1535.777832
2491.692383	1529.852417
2494.730469	1534.493774
2497.768555	1517.987305
2500.804688	1525.88208
2503.839844	1558.205811
2506.873047	1549.018311
2509.90625	1568.338745
2512.938477	1546.106934
2515.96875	1516.520142
2518.998047	1518.720581
2522.026367	1540.505127
2525.053711	1537.001831
2528.079102	1577.589722
2531.104492	1537.338135
2534.12793	1511.765015
2537.150391	1560.562744
2540.171875	1592.223267
2543.192383	1556.823853
2546.211914	1560.680542
2549.230469	1532.610352
2552.24707	1534.003052
2555.262695	1532.938599
2558.277344	1512.202026
2561.291016	1566.062988
2564.303711	1550.244019
2567.31543	1540.977173
2570.325195	1519.390259
2573.333984	1583.187012
2576.341797	1576.385376
2579.348633	1550.677612
2582.354492	1572.630737
2585.359375	1592.955078
2588.363281	1551.592529
2591.365234	1525.835571
2594.366211	1580.74292
2597.366211	1566.507446
2600.365234	1585.217896
2603.363281	1592.402588
2606.360352	1549.295898
2609.355469	1591.115234
2612.350586	1566.953491
2615.34375	1570.013428
2618.335938	1597.022461
2621.327148	1574.487061
2624.317383	1592.42688
2627.306641	1582.272461
2630.293945	1591.130981
2633.280273	1607.441406
2636.266602	1545.140991
2639.250977	1558.961914
2642.234375	1596.811157
2645.216797	1602.37561
2648.197266	1613.745728
2651.177734	1611.02832
2654.157227	1581.766113
2657.134766	1588.161499
2660.111328	1602.031982
2663.086914	1611.760376
2666.061523	1577.46936
2669.035156	1613.786987
2672.007813	1581.964478
2674.978516	1648.247803
2677.949219	1597.279663
2680.917969	1587.884644
2683.885742	1598.463013
2686.852539	1661.517944
2689.818359	1657.134033
2692.783203	1593.571045
2695.74707	1615.004639
2698.708984	1610.597534
2701.670898	1622.040039
2704.630859	1588.417358
2707.589844	1606.539429
2710.547852	1631.356934
2713.504883	1658.699341
2716.460938	1658.475952
2719.416016	1693.373901
2722.369141	1660.537231
2725.322266	1687.092407
2728.273438	1675.994629
2731.223633	1674.937866
2734.173828	1688.12207
2737.12207	1653.5448
2740.069336	1669.245361
2743.014648	1658.11853
2745.959961	1709.90918
2748.904297	1668.572754
2751.84668	1665.828613
2754.788086	1616.885254
2757.729492	1652.770752
2760.668945	1655.900513
2763.607422	1610.261841
2766.544922	1725.25415
2769.481445	1645.947144
2772.416016	1635.608765
2775.350586	1658.104492
2778.28418	1636.810791
2781.21582	1654.266357
2784.146484	1661.618042
2787.077148	1673.191406
2790.005859	1661.150635
2792.933594	1611.122437
2795.860352	1643.795654
2798.785156	1653.688843
2801.709961	1650.070557
2804.633789	1664.198608
2807.555664	1688.482544
2810.477539	1699.250977
2813.397461	1676.181641
2816.316406	1642.091309
2819.234375	1685.029907
2822.151367	1670.399414
2825.067383	1658.300049
2827.982422	1695.356689
2830.896484	1717.17627
2833.80957	1711.0177
2836.720703	1765.953979
2839.631836	1786.973267
2842.541016	1802.912109
2845.450195	1941.195679
2848.357422	2028.588989
2851.263672	2105.84375
2854.168945	2122.770996
2857.073242	2107.380615
2859.976563	2205.173584
2862.878906	2281.752197
2865.779297	2374.568604
2868.679688	2495.568848
2871.579102	2554.436768
2874.476563	2604.820313
2877.374023	2662.063721
2880.269531	2659.619873
2883.164063	2707.534424
2886.057617	2651.309326
2888.950195	2682.170654
2891.841797	2699.381592
2894.732422	2773.877197
2897.62207	2797.118652
2900.510742	2783.592773
2903.398438	2833.381592
2906.28418	2819.857666
2909.169922	2935.63501
2912.053711	2986.388184
2914.9375	3086.025879
2917.819336	3097.43335
2920.700195	3220.337891
2923.581055	3347.620361
2926.459961	3365.998779
2929.337891	3388.682373
2932.214844	3402.792969
2935.09082	3457.294189
2937.96582	3441.356689
2940.838867	3441.742676
2943.711914	3276.98877
2946.583984	3217.085205
2949.454102	3075.368652
2952.324219	2986.072266
2955.193359	2954.420654
2958.060547	2962.381836
2960.926758	2918.630127
2963.792969	2849.8396
2966.657227	2793.937988
2969.520508	2721.599854
2972.382813	2671.652588
2975.244141	2638.939209
2978.104492	2513.770996
2980.963867	2576.896484
2983.822266	2506.939697
2986.679688	2447.309326
2989.536133	2374.65918
2992.390625	2337.437256
2995.245117	2165.137695
2998.098633	2240.39502
3000.950195	2138.974365
3003.801758	2001.081299
3006.651367	1973.191772
3009.500977	1925.334595
3012.348633	1919.953979
3015.195313	1908.493774
3018.041992	1848.405518
3020.886719	1858.623413
3023.730469	1854.078125
3026.573242	1818.240112
3029.415039	1800.634521
3032.255859	1799.541382
3035.095703	1761.903809
3037.93457	1777.33252
3040.772461	1736.17627
3043.609375	1741.153931
3046.445313	1771.403076
3049.280273	1770.294678
3052.114258	1795.343506
3054.946289	1768.074097
3057.77832	1855.092041
3060.609375	1794.654053
3063.438477	1816.253174
3066.267578	1848.349365
3069.094727	1824.543457
3071.921875	1771.873535
3074.74707	1779.502563
3077.572266	1739.02478
3080.395508	1738.771118
3083.21875	1721.884399
3086.040039	1723.375
3088.860352	1714.354126
3091.679688	1695.686768
3094.499023	1733.987183
3097.316406	1734.605713
3100.132813	1745.751465
3102.948242	1744.618652
3105.762695	1732.072144
3108.576172	1674.728027
3111.388672	1766.689941
3114.201172	1766.440308
3117.011719	1738.057617
3119.821289	1761.54187
3122.629883	1748.092407
3125.436523	1761.035278
3128.243164	1785.432129
3131.048828	1708.564941
3133.853516	1700.362061
3136.657227	1706.25415
3139.459961	1728.019653
3142.261719	1770.085205
3145.0625	1721.306641
3147.861328	1691.0271
3150.660156	1688.978516
3153.458008	1700.176025
3156.254883	1718.449463
3159.049805	1684.589111
3161.844727	1700.216675
3164.638672	1729.121826
3167.430664	1695.228027
3170.222656	1695.828369
3173.013672	1737.157227
3175.802734	1713.857666
3178.591797	1711.80603
3181.379883	1715.956909
3184.166016	1703.263794
3186.952148	1739.344727
3189.737305	1737.297607
3192.520508	1677.554932
3195.303711	1698.569336
3198.084961	1675.187134
3200.866211	1671.634277
