399.363281	934.326782
403.25	918.835571
407.134766	921.142761
411.017578	923.451721
414.898438	916.211853
418.777344	894.315002
422.654297	869.212585
426.53125	858.11377
430.404297	888.462463
434.277344	879.276123
438.148438	881.57196
442.017578	880.037781
445.884766	847.83429
449.751953	853.953857
453.615234	868.391541
457.478516	849.57489
461.339844	844.182129
465.199219	825.978577
469.056641	851.958374
472.912109	861.29834
476.765625	883.468628
480.619141	867.815125
484.470703	843.806091
488.320313	855.725464
492.167969	881.141785
496.013672	845.541443
499.857422	862.618591
503.699219	877.137939
507.541016	885.879517
511.380859	874.676208
515.21875	862.819092
519.054688	892.822632
522.888672	880.962646
526.720703	862.644836
530.552734	877.206238
534.380859	860.806396
538.208984	839.227722
542.035156	878.984802
545.859375	850.287537
549.683594	882.326355
553.503906	865.892151
557.324219	872.086731
561.140625	821.330444
564.957031	872.83606
568.773438	874.506409
572.585938	853.495789
576.396484	840.895264
580.207031	838.66156
584.015625	844.212463
587.820313	812.765015
591.626953	823.504639
595.429688	827.106262
599.230469	809.260437
603.03125	826.514587
606.828125	813.857239
610.625	817.459961
614.419922	808.694153
618.214844	840.307495
622.005859	815.251526
625.796875	839.722717
629.583984	837.4729
633.371094	841.093506
637.15625	843.411377
640.941406	866.629395
644.722656	836.292053
648.503906	851.6828
652.283203	836.3526
656.060547	843.905701
659.835938	855.391846
663.609375	853.792603
667.382813	877.082825
671.152344	876.801575
674.921875	852.918701
678.689453	895.25769
682.455078	864.144226
686.220703	852.696716
689.982422	875.387878
693.744141	852.766235
697.503906	889.278809
701.261719	890.972412
705.017578	909.77063
708.773438	877.910583
712.525391	898.035461
716.277344	922.129211
720.027344	923.180176
723.775391	936.097778
727.523438	935.176514
731.267578	938.872681
735.011719	924.75
738.753906	918.539185
742.494141	922.232239
746.232422	921.962708
749.970703	945.495361
753.707031	925.390991
757.439453	942.988831
761.171875	979.138062
764.904297	986.83844
768.632813	963.403442
772.361328	969.777405
776.087891	1007.324585
779.8125	1055.518066
783.535156	1022.115662
787.255859	1019.892273
790.976563	993.75293
794.695313	966.262024
798.412109	969.330017
802.126953	985.702698
805.839844	988.11554
809.552734	1042.453125
813.263672	971.635864
816.972656	1003.359619
820.679688	1009.782043
824.384766	1014.876038
828.089844	1013.303162
831.791016	1003.720276
835.492188	1006.814331
839.193359	989.872803
842.890625	993.631287
846.587891	985.359802
850.28125	979.087341
853.974609	999.571655
857.666016	1015.387573
861.357422	986.351929
865.044922	1001.505127
868.732422	995.224915
872.417969	974.859253
876.101563	974.598755
879.785156	983.061096
883.464844	996.229492
887.144531	986.574463
890.822266	976.239136
894.5	1013.618286
898.173828	968.990479
901.847656	946.524841
905.519531	980.572754
909.189453	973.578308
912.857422	972.639832
916.523438	946.09375
920.189453	943.794189
923.853516	946.887756
927.515625	952.682495
931.177734	942.957092
934.835938	969.687866
938.494141	956.583191
942.150391	938.060547
945.804688	951.97583
949.458984	923.289185
953.109375	943.976318
956.759766	938.955688
960.408203	942.057617
964.056641	933.643799
967.701172	915.055359
971.345703	977.145325
974.988281	919.891052
978.628906	914.16748
982.267578	970.902588
985.90625	945.497192
989.542969	939.776428
993.177734	963.961975
996.810547	986.807312
1000.443359	1021.237732
1004.074219	1061.82251
1007.703125	986.000305
1011.330078	965.293579
1014.955078	920.035095
1018.580078	933.372681
1022.203125	956.270203
1025.824219	930.05658
1029.443359	972.767944
1033.0625	941.0755
1036.679688	927.119873
1040.294922	938.441772
1043.908203	979.175415
1047.519531	970.00592
1051.130859	944.404114
1054.740234	959.858826
1058.347656	985.599976
1061.953125	952.434631
1065.558594	980.250061
1069.162109	986.829346
1072.763672	979.692566
1076.363281	961.568176
1079.962891	992.865723
1083.560547	976.791931
1087.15625	981.320496
1090.75	981.040161
1094.34375	989.700317
1097.933594	1004.559937
1101.523438	987.07959
1105.113281	964.764099
1108.699219	979.631042
1112.285156	969.699036
1115.869141	959.06897
1119.451172	955.327576
1123.03125	980.565002
1126.611328	1018.939453
1130.189453	945.464355
1133.765625	939.63739
1137.341797	938.643616
1140.914063	935.574402
1144.486328	949.104797
1148.056641	940.500427
1151.626953	965.813293
1155.193359	971.753357
1158.759766	952.753235
1162.324219	960.078613
1165.888672	959.781555
1169.449219	956.015076
1173.009766	963.350159
1176.568359	959.581604
1180.125	965.534424
1183.681641	986.085144
1187.236328	983.710876
1190.789063	998.026123
1194.339844	984.521912
1197.890625	984.231506
1201.439453	1009.009094
1204.986328	1006.638062
1208.53125	1025.172485
1212.076172	1052.785645
1215.619141	1035.083984
1219.160156	1048.7677
1222.699219	1057.575928
1226.238281	1098.515503
1229.775391	1094.07666
1233.310547	1113.397583
1236.84375	1132.03479
1240.376953	1137.396362
1243.908203	1123.167969
1247.4375	1104.026978
1250.964844	1126.19165
1254.492188	1121.048584
1258.017578	1155.854858
1261.541016	1096.023315
1265.064453	1098.577393
1268.583984	1089.904419
1272.103516	1093.861816
1275.623047	1094.310181
1279.138672	1135.513428
1282.654297	1106.454468
1286.167969	1122.379028
1289.679688	1129.170532
1293.191406	1162.008545
1296.701172	1192.056763
1300.208984	1208.041382
1303.714844	1209.944946
1307.220703	1215.374756
1310.722656	1190.4823
1314.226563	1215.66333
1317.726563	1214.042725
1321.226563	1222.306274
1324.724609	1205.851685
1328.220703	1211.997925
1331.714844	1218.148804
1335.208984	1198.13501
1338.701172	1227.634521
1342.191406	1250.079102
1345.681641	1208.10022
1349.169922	1222.761841
1352.65625	1152.387939
1356.140625	1163.493042
1359.625	1173.188232
1363.107422	1199.921265
1366.587891	1186.212524
1370.068359	1148.346558
1373.544922	1136.025879
1377.021484	1156.389404
1380.498047	1174.636108
1383.970703	1139.547729
1387.443359	1144.281128
1390.914063	1127.660889
1394.384766	1106.75354
1397.851563	1160.640015
1401.318359	1170.37793
1404.785156	1136.626465
1408.248047	1132.094849
1411.710938	1117.568115
1415.171875	1139.440063
1418.630859	1148.473389
1422.089844	1158.942871
1425.546875	1165.846436
1429.001953	1157.738403
1432.457031	1199.700317
1435.908203	1245.990112
1439.361328	1261.53064
1442.810547	1224.080566
1446.257813	1282.616821
1449.705078	1307.509033
1453.152344	1260.708374
1456.595703	1275.567261
1460.039063	1263.165039
1463.480469	1241.418457
1466.919922	1226.836914
1470.359375	1234.519165
1473.796875	1210.576904
1477.232422	1199.560059
1480.666016	1188.533813
1484.099609	1185.415649
1487.53125	1154.93335
1490.962891	1155.400024
1494.390625	1167.396729
1497.818359	1137.590088
1501.246094	1144.540283
1504.669922	1103.877563
1508.09375	1132.472534
1511.515625	1113.433594
1514.935547	1123.99585
1518.355469	1161.304565
1521.773438	1156.71228
1525.189453	1124.632935
1528.605469	1135.939209
1532.019531	1151.597168
1535.431641	1165.819336
1538.841797	1169.186523
1542.251953	1136.321411
1545.660156	1183.902954
1549.068359	1203.962036
1552.472656	1218.232422
1555.876953	1264.451904
1559.28125	1238.092773
1562.681641	1206.627075
1566.082031	1235.455078
1569.480469	1237.405762
1572.878906	1273.54187
1576.273438	1269.687866
1579.667969	1275.293213
1583.0625	1263.426025
1586.453125	1231.879639
1589.84375	1228.730225
1593.234375	1208.809204
1596.621094	1233.363403
1600.007813	1271.800659
1603.392578	1267.20105
1606.777344	1254.564697
1610.160156	1244.109497
1613.541016	1221.952271
1616.919922	1241.451172
1620.298828	1214.885986
1623.675781	1238.787354
1627.050781	1224.643311
1630.425781	1215.61377
1633.798828	1228.554321
1637.169922	1231.244507
1640.541016	1239.068848
1643.910156	1280.638794
1647.277344	1276.748291
1650.642578	1303.684814
1654.007813	1336.517212
1657.371094	1334.847412
1660.734375	1293.489258
1664.09375	1350.618652
1667.453125	1327.621216
1670.8125	1325.208008
1674.167969	1294.820313
1677.523438	1313.747192
1680.878906	1267.859253
1684.230469	1292.685669
1687.582031	1260.023315
1690.933594	1225.121826
1694.28125	1199.784546
1697.628906	1193.619141
1700.974609	1163.079224
1704.320313	1174.623901
1707.664063	1160.310669
1711.005859	1145.985718
1714.345703	1173.808594
1717.685547	1158.737061
1721.023438	1156.237183
1724.361328	1163.361816
1727.695313	1153.453125
1731.03125	1128.713867
1734.363281	1152.146118
1737.695313	1125.902832
1741.025391	1153.804077
1744.353516	1136.447388
1747.681641	1113.135986
1751.007813	1144.036133
1754.332031	1128.883545
1757.65625	1137.509766
1760.978516	1114.904419
1764.298828	1121.299194
1767.619141	1123.976929
1770.9375	1096.870605
1774.253906	1120.398682
1777.570313	1108.173706
1780.884766	1130.978882
1784.197266	1125.460327
1787.509766	1157.243408
1790.818359	1154.715942
1794.128906	1167.86731
1797.435547	1132.4729
1800.742188	1151.60376
1804.048828	1158.787842
1807.351563	1131.573853
1810.654297	1129.776733
1813.955078	1108.51709
1817.255859	1153.133789
1820.554688	1123.626099
1823.851563	1119.57373
1827.148438	1129.012085
1830.443359	1136.207642
1833.736328	1150.161133
1837.027344	1161.873535
1840.318359	1157.826904
1843.609375	1157.532593
1846.896484	1172.266724
1850.183594	1166.715088
1853.46875	1158.902588
1856.753906	1148.074219
1860.037109	1165.837402
1863.318359	1151.238037
1866.599609	1166.00293
1869.878906	1161.187378
1873.15625	1175.967285
1876.433594	1186.233765
1879.708984	1161.80481
1882.982422	1173.582642
1886.255859	1158.189087
1889.527344	1130.69812
1892.796875	1169.678711
1896.066406	1176.185669
1899.333984	1122.201538
1902.599609	1174.084351
1905.865234	1127.624268
1909.128906	1168.192993
1912.390625	1176.983032
1915.652344	1130.468506
1918.912109	1116.510498
1922.169922	1126.806274
1925.427734	1179.59021
1928.683594	1117.066162
1931.939453	1163.054565
1935.191406	1165.78894
1938.445313	1154.0896
1941.695313	1169.743164
1944.945313	1158.796021
1948.193359	1152.403931
1951.441406	1165.791504
1954.6875	1200.504517
1957.931641	1184.220093
1961.173828	1180.112427
1964.416016	1170.666138
1967.658203	1192.472656
1970.896484	1171.582031
1974.134766	1188.827026
1977.373047	1199.978638
1980.607422	1153.865234
1983.84375	1171.886719
1987.076172	1176.929932
1990.308594	1182.741333
1993.539063	1177.084351
1996.767578	1201.263062
1999.996094	1220.102295
2003.222656	1178.463013
2006.449219	1181.986816
2009.673828	1160.224121
2012.896484	1156.843384
2016.119141	1184.136719
2019.339844	1189.201538
2022.558594	1172.011841
2025.777344	1164.790161
2028.994141	1223.621094
2032.208984	1226.402832
2035.423828	1178.450806
2038.636719	1216.591431
2041.847656	1188.599854
2045.058594	1242.935669
2048.267578	1215.701904
2051.476563	1198.459595
2054.683594	1225.123047
2057.888672	1209.412109
2061.09375	1206.797485
2064.296875	1173.323975
2067.498047	1164.519043
2070.699219	1193.535767
2073.898438	1190.137573
2077.097656	1246.227783
2080.292969	1170.965698
2083.490234	1217.039551
2086.683594	1227.567261
2089.876953	1183.161987
2093.068359	1185.168945
2096.259766	1171.688721
2099.449219	1203.906006
2102.636719	1200.497314
2105.824219	1226.547729
2109.009766	1183.588257
2112.195313	1172.407715
2115.378906	1189.161987
2118.560547	1229.224365
2121.742188	1211.056274
2124.921875	1181.994263
2128.099609	1245.422119
2131.277344	1246.681274
2134.453125	1219.932495
2137.626953	1204.059204
2140.800781	1202.188477
2143.972656	1219.789063
2147.144531	1237.402954
2150.314453	1205.140747
2153.482422	1198.587402
2156.650391	1231.815186
2159.816406	1185.464844
2162.980469	1193.72937
2166.144531	1223.087646
2169.306641	1189.962036
2172.46875	1174.00647
2175.628906	1240.140991
2178.787109	1196.813843
2181.945313	1240.314087
2185.101563	1250.968506
2188.255859	1263.197144
2191.410156	1223.728027
2194.564453	1218.712769
2197.714844	1183.899902
2200.865234	1207.885498
2204.013672	1232.673828
2207.162109	1201.75
2210.308594	1224.984009
2213.455078	1248.235596
2216.599609	1225.139648
2219.742188	1216.962524
2222.884766	1193.049805
2226.025391	1227.338257
2229.164063	1234.892944
2232.302734	1240.090942
2235.439453	1236.628296
2238.576172	1237.890625
2241.710938	1235.21228
2244.84375	1260.919922
2247.976563	1220.381958
2251.107422	1243.735596
2254.236328	1243.422607
2257.365234	1246.268188
2260.492188	1232.524048
2263.619141	1244.061157
2266.744141	1265.095215
2269.867188	1259.251343
2272.990234	1240.742188
2276.111328	1229.342773
2279.232422	1224.269653
2282.351563	1234.244019
2285.46875	1233.92334
2288.585938	1258.97168
2291.701172	1258.659546
2294.816406	1261.520508
2297.929688	1204.85498
2301.041016	1233.899414
2304.152344	1285.206787
2307.261719	1230.868286
2310.369141	1279.033325
2313.476563	1267.592773
2316.583984	1248.187866
2319.6875	1237.521973
2322.791016	1254.712524
2325.894531	1322.091675
2328.996094	1410.237183
2332.095703	1336.648804
2335.195313	1278.951172
2338.292969	1245.138916
2341.388672	1250.400513
2344.484375	1245.288452
2347.578125	1239.373657
2350.671875	1238.247314
2353.763672	1288.266846
2356.853516	1255.978027
2359.943359	1250.057129
2363.03125	1235.330444
2366.119141	1268.615723
2369.205078	1253.884399
2372.289063	1264.773438
2375.373047	1229.996338
2378.457031	1256.916016
2381.537109	1283.855957
2384.617188	1277.925293
2387.697266	1299.275391
2390.773438	1248.387329
2393.851563	1259.30127
2396.925781	1253.351074
2400	1298.031372
2403.074219	1288.070557
2406.146484	1282.123535
2409.216797	1298.701904
2412.286133	1263.775635
2415.355469	1260.227539
2418.421875	1261.51001
2421.488281	1238.616943
2424.553711	1290.68042
2427.617188	1304.878418
2430.679688	1253.737671
2433.741211	1276.002808
2436.801758	1256.300049
2439.861328	1289.890137
2442.918945	1280.681152
2445.976563	1276.314819
2449.032227	1263.050171
2452.086914	1295.074585
2455.140625	1322.267456
2458.192383	1296.861328
2461.243164	1270.625854
2464.293945	1263.00354
2467.342773	1316.158325
2470.390625	1291.521118
2473.436523	1249.832886
2476.482422	1278.701172
2479.526367	1256.456055
2482.569336	1276.41626
2485.611328	1267.96167
2488.652344	1247.311646
2491.692383	1268.103027
2494.730469	1276.711792
2497.768555	1310.545288
2500.804688	1280.113403
2503.839844	1245.587769
2506.873047	1280.26123
2509.90625	1290.518799
2512.938477	1285.298218
2515.96875	1315.94812
2518.998047	1314.810791
2522.026367	1307.960693
2525.053711	1305.186401
2528.079102	1311.391846
2531.104492	1282.476563
2534.12793	1284.591675
2537.150391	1285.07312
2540.171875	1294.550293
2543.192383	1304.034302
2546.211914	1301.249023
2549.230469	1284.543579
2552.24707	1291.576538
2555.262695	1312.542847
2558.277344	1308.935791
2561.291016	1320.904419
2564.303711	1329.60083
2567.31543	1273.480591
2570.325195	1327.311768
2573.333984	1302.352051
2576.341797	1307.767334
2579.348633	1321.404175
2582.354492	1326.008057
2585.359375	1283.739258
2588.363281	1317.948608
2591.365234	1330.7854
2594.366211	1300.819702
2597.366211	1335.896484
2600.365234	1306.733643
2603.363281	1289.087891
2606.360352	1308.532593
2609.355469	1347.787598
2612.350586	1325.185547
2615.34375	1334.759155
2618.335938	1314.612061
2621.327148	1291.971558
2624.317383	1340.382202
2627.306641	1308.640259
2630.293945	1362.88147
2633.280273	1334.432861
2636.266602	1304.307495
2639.250977	1316.383179
2642.234375	1345.860107
2645.216797	1332.275024
2648.197266	1333.598755
2651.177734	1281.85791
2654.157227	1333.759766
2657.134766	1341.722656
2660.111328	1327.279297
2663.086914	1317.807129
2666.061523	1324.110718
2669.035156	1328.756592
2672.007813	1305.972778
2674.978516	1336.394653
2677.949219	1360.183472
2680.917969	1398.969604
2683.885742	1343.708008
2686.852539	1309.226196
2689.818359	1322.208008
2692.783203	1320.196899
2695.74707	1362.373657
2698.708984	1347.864136
2701.670898	1345.859375
2704.630859	1368.058838
2707.589844	1375.244507
2710.547852	1349.858032
2713.504883	1357.041626
2716.460938	1380.94873
2719.416016	1347.172974
2722.369141	1364.401123
2725.322266	1368.252075
2728.273438	1393.871582
2731.223633	1404.435303
2734.173828	1333.742188
2737.12207	1373.623901
2740.069336	1384.190918
2743.014648	1398.120239
2745.959961	1388.567017
2748.904297	1397.47168
2751.84668	1406.382568
2754.788086	1378.342285
2757.729492	1374.648193
2760.668945	1370.110596
2763.607422	1371.455444
2766.544922	1423.271484
2769.481445	1377.513062
2772.416016	1359.499756
2775.350586	1397.052002
2778.28418	1389.140991
2781.21582	1391.33667
2784.146484	1407.865112
2787.077148	1353.564575
2790.005859	1354.061401
2792.933594	1378.189087
2795.860352	1377.005981
2798.785156	1385.956787
2801.709961	1402.5177
2804.633789	1392.044189
2807.555664	1366.343506
2810.477539	1388.835327
2813.397461	1408.80481
2816.316406	1393.238281
2819.234375	1425.924805
2822.151367	1423.05835
2825.067383	1399.005249
2827.982422	1453.768311
2830.896484	1441.580078
2833.80957	1412.416626
2836.720703	1478.275757
2839.631836	1494.945313
2842.541016	1543.897339
2845.450195	1649.803955
2848.357422	1754.087891
2851.263672	1747.07666
2854.168945	1838.714355
2857.073242	1782.382935
2859.976563	1811.970093
2862.878906	1905.43335
2865.779297	1938.49292
2868.679688	2029.51355
2871.579102	2092.473145
2874.476563	2136.719971
2877.374023	2194.645996
2880.269531	2181.792725
2883.164063	2188.561768
2886.057617	2212.413086
2888.950195	2156.841064
2891.841797	2288.364502
2894.732422	2233.633545
2897.62207	2292.593994
2900.510742	2270.330322
2903.398438	2294.260254
2906.28418	2331.048096
2909.169922	2432.089844
2912.053711	2411.555664
2914.9375	2537.551514
2917.819336	2611.342773
2920.700195	2650.024902
2923.581055	2676.723633
2926.459961	2782.398682
2929.337891	2832.344238
2932.214844	2885.760986
2935.09082	2818.931885
2937.96582	2791.589844
2940.838867	2847.627197
2943.711914	2685.238525
2946.583984	2585.541992
2949.454102	2557.212646
2952.324219	2418.649658
2955.193359	2385.070313
2958.060547	2363.529297
2960.926758	2322.146973
2963.792969	2305.740234
2966.657227	2289.321045
2969.520508	2256.494629
2972.382813	2196.884033
2975.244141	2180.40625
2978.104492	2118.132813
2980.963867	2071.368408
2983.822266	2076.437744
2986.679688	2014.057861
2989.536133	1896.266968
2992.390625	1893.488647
2995.245117	1850.019653
2998.098633	1835.963501
3000.950195	1749.991211
3003.801758	1695.155884
3006.651367	1680.160645
3009.500977	1620.923584
3012.348633	1613.698364
3015.195313	1572.619751
3018.041992	1599.231079
3020.886719	1513.822754
3023.730469	1502.203003
3026.573242	1510.564697
3029.415039	1502.412598
3032.255859	1497.733276
3035.095703	1469.558228
3037.93457	1475.307861
3040.772461	1444.491699
3043.609375	1474.624146
3046.445313	1463.825439
3049.280273	1535.824341
3052.114258	1491.033203
3054.946289	1462.782593
3057.77832	1514.788208
3060.609375	1510.966064
3063.438477	1538.575928
3066.267578	1560.964233
3069.094727	1517.831421
3071.921875	1516.625854
3074.74707	1495.306885
3077.572266	1497.59082
3080.395508	1481.49939
3083.21875	1484.654785
3086.040039	1452.784058
3088.860352	1467.31897
3091.679688	1476.605835
3094.499023	1442.943848
3097.316406	1399.611084
3100.132813	1445.727783
3102.948242	1411.140259
3105.762695	1434.468262
3108.576172	1461.325317
3111.388672	1449.546753
3114.201172	1430.72876
3117.011719	1404.863892
3119.821289	1409.76123
3122.629883	1442.814087
3125.436523	1439.807007
3128.243164	1424.471924
3131.048828	1426.739746
3133.853516	1422.841797
3136.657227	1439.211304
3139.459961	1415.918213
3142.261719	1429.650269
3145.0625	1404.572021
3147.861328	1413.013794
3150.660156	1427.641479
3153.458008	1480.257202
3156.254883	1470.17981
3159.049805	1403.529663
3161.844727	1428.783203
3164.638672	1442.556396
3167.430664	1426.256592
3170.222656	1392.243286
3173.013672	1393.621582
3175.802734	1440.171875
3178.591797	1432.707153
3181.379883	1433.213989
3184.166016	1387.614746
3186.952148	1381.896484
3189.737305	1416.101563
3192.520508	1410.388794
3195.303711	1435.748413
3198.084961	1398.949951
3200.866211	1438.920044
