399.363281	976.911804
403.25	977.335815
407.134766	969.490051
411.017578	949.545105
414.898438	949.95697
418.777344	952.916809
422.654297	940.5849
426.53125	937.804871
430.404297	905.04541
434.277344	908.627869
438.148438	924.980286
442.017578	952.842041
445.884766	925.142456
449.751953	909.56311
453.615234	889.493835
457.478516	910.35022
461.339844	921.624146
465.199219	903.454102
469.056641	920.49939
472.912109	903.594238
476.765625	934.758545
480.619141	910.789001
484.470703	932.357605
488.320313	921.846802
492.167969	938.942627
496.013672	904.652283
499.857422	923.040466
503.699219	955.591614
507.541016	956.646912
511.380859	937.750671
515.21875	944.593689
519.054688	935.338013
522.888672	927.362976
526.720703	964.511719
530.552734	971.376953
534.380859	964.696838
538.208984	975.440857
542.035156	919.672546
545.859375	925.236938
549.683594	943.08728
553.503906	929.265869
557.324219	901.846375
561.140625	938.478455
564.957031	898.736267
568.773438	901.065491
572.585938	905.340637
576.396484	918.047546
580.207031	933.359619
584.015625	898.07074
587.820313	899.754211
591.626953	887.15094
595.429688	900.525757
599.230469	894.41156
603.03125	893.494141
606.828125	865.902466
610.625	887.751099
614.419922	924.593994
618.214844	900.23645
622.005859	909.745117
625.796875	929.041077
629.583984	904.65332
633.371094	881.5495
637.15625	922.399597
640.941406	957.406738
644.722656	930.374878
648.503906	919.660522
652.283203	877.549011
656.060547	908.016357
659.835938	924.111206
663.609375	938.255249
667.382813	915.074463
671.152344	945.608826
674.921875	951.256714
678.689453	945.103577
682.455078	935.007996
686.220703	901.272217
689.982422	923.327393
693.744141	952.62793
697.503906	932.001038
701.261719	951.466492
705.017578	980.157776
708.773438	965.438354
712.525391	991.52594
716.277344	1001.827515
720.027344	1010.819702
723.775391	1013.886169
727.523438	1028.166626
731.267578	1006.830444
735.011719	995.376892
738.753906	977.970215
742.494141	1034.538452
746.232422	1041.586548
749.970703	1040.706055
753.707031	1026.595215
757.439453	1053.500488
761.171875	1042.692627
764.904297	1029.888428
768.632813	1019.060852
772.361328	1015.515381
776.087891	1036.503174
779.8125	1050.874146
783.535156	1126.318359
787.255859	1084.963501
790.976563	1040.916382
794.695313	1063.286987
798.412109	1068.390503
802.126953	1101.432983
805.839844	1084.598267
809.552734	1101.032837
813.263672	1100.832153
816.972656	1085.307373
820.679688	1095.097046
824.384766	1108.228638
828.089844	1059.999146
831.791016	1098.48645
835.492188	1096.946899
839.193359	1057.33374
842.890625	1068.471069
846.587891	1079.617432
850.28125	1077.397339
853.974609	1090.563477
857.666016	1087.006836
861.357422	1069.384888
865.044922	1070.505127
868.732422	1056.211792
872.417969	1060.008667
876.101563	1063.137695
879.785156	1072.97937
883.464844	1102.968384
887.144531	1088.657104
890.822266	1075.677124
894.5	1049.914917
898.173828	1069.856934
901.847656	1084.433594
905.519531	1045.854614
909.189453	1059.086182
912.857422	1021.810669
916.523438	1033.02124
920.189453	1042.892578
923.853516	1056.818481
927.515625	1053.888062
931.177734	1064.454834
934.835938	1043.292358
938.494141	1036.298462
942.150391	1047.546021
945.804688	1060.831055
949.458984	1029.484375
953.109375	1018.411743
956.759766	1064.871826
960.408203	1051.772461
964.056641	1038.661743
967.701172	1035.707153
971.345703	1027.324829
974.988281	1078.633301
978.628906	1034.970581
982.267578	1032.687256
985.90625	1039.911011
989.542969	1033.550171
993.177734	1076.129639
996.810547	1087.460327
1000.443359	1149.828003
1004.074219	1109.468384
1007.703125	1070.436768
1011.330078	1040.228149
1014.955078	1057.699585
1018.580078	1056.776978
1022.203125	1018.33905
1025.824219	1047.422485
1029.443359	1039.667114
1033.0625	1113.173462
1036.679688	1029.601807
1040.294922	1022.511902
1043.908203	1043.450928
1047.519531	1047.989502
1051.130859	1061.428101
1054.740234	1068.03125
1058.347656	1078.749146
1061.953125	1081.938354
1065.558594	1067.307251
1069.162109	1056.77832
1072.763672	1069.566406
1076.363281	1085.796509
1079.962891	1074.574585
1083.560547	1084.637451
1087.15625	1061.722778
1090.75	1073.163086
1094.34375	1103.870117
1097.933594	1107.768188
1101.523438	1102.720703
1105.113281	1097.668823
1108.699219	1057.478027
1112.285156	1037.240234
1115.869141	1061.112305
1119.451172	1079.485596
1123.03125	1092.353516
1126.611328	1093.495972
1130.189453	1107.070435
1133.765625	1070.21936
1137.341797	1032.64624
1140.914063	1003.3396
1144.486328	1052.178101
1148.056641	1061.609741
1151.626953	1068.279541
1155.193359	1044.479004
1158.759766	1041.445923
1162.324219	1068.217407
1165.888672	1081.141235
1169.449219	1105.869385
1173.009766	1119.512817
1176.568359	1104.699219
1180.125	1076.675049
1183.681641	1067.390259
1187.236328	1054.62146
1190.789063	1066.879517
1194.339844	1095.150146
1197.890625	1092.817139
1201.439453	1108.586914
1204.986328	1127.852661
1208.53125	1138.073853
1212.076172	1166.430664
1215.619141	1148.775757
1219.160156	1180.648682
1222.699219	1216.73584
1226.238281	1198.380615
1229.775391	1219.832642
1233.310547	1218.936157
1236.84375	1248.10498
1240.376953	1266.804932
1243.908203	1251.230103
1247.4375	1239.142456
1250.964844	1268.366333
1254.492188	1232.452881
1258.017578	1246.276489
1261.541016	1222.244751
1265.064453	1218.536987
1268.583984	1226.756592
1272.103516	1234.982544
1275.623047	1243.917358
1279.138672	1222.644409
1282.654297	1223.145264
1286.167969	1221.536621
1289.679688	1226.258057
1293.191406	1266.87793
1296.701172	1320.204712
1300.208984	1301.021851
1303.714844	1331.150879
1307.220703	1294.331787
1310.722656	1346.345215
1314.226563	1354.656738
1317.726563	1362.268921
1321.226563	1327.519287
1324.724609	1335.125732
1328.220703	1312.349976
1331.714844	1357.426392
1335.208984	1367.882568
1338.701172	1350.044067
1342.191406	1344.224365
1345.681641	1305.824707
1349.169922	1283.687378
1352.65625	1306.890137
1356.140625	1283.316406
1359.625	1280.293091
1363.107422	1275.847656
1366.587891	1290.565186
1370.068359	1271.206055
1373.544922	1251.830933
1377.021484	1253.051392
1380.498047	1234.363403
1383.970703	1234.865723
1387.443359	1258.139893
1390.914063	1259.363647
1394.384766	1216.431885
1397.851563	1239.01355
1401.318359	1261.613281
1404.785156	1247.151611
1408.248047	1261.925415
1411.710938	1258.15625
1415.171875	1252.955688
1418.630859	1233.466187
1422.089844	1263.261963
1425.546875	1261.630249
1429.001953	1273.58374
1432.457031	1276.246582
1435.908203	1326.145752
1439.361328	1384.676636
1442.810547	1394.549316
1446.257813	1375.767822
1449.705078	1450.876221
1453.152344	1417.04187
1456.595703	1405.419678
1460.039063	1405.271118
1463.480469	1377.120117
1466.919922	1353.973999
1470.359375	1355.958984
1473.796875	1329.190552
1477.232422	1284.421021
1480.666016	1269.831909
1484.099609	1292.657227
1487.53125	1288.859497
1490.962891	1253.364136
1494.390625	1239.458252
1497.818359	1212.564331
1501.246094	1174.109375
1504.669922	1166.646973
1508.09375	1178.666382
1511.515625	1180.586182
1514.935547	1194.787354
1518.355469	1216.226196
1521.773438	1213.101929
1525.189453	1236.011353
1528.605469	1213.356689
1532.019531	1218.912476
1535.431641	1242.575073
1538.841797	1198.162598
1542.251953	1233.43042
1545.660156	1245.526855
1549.068359	1288.09436
1552.472656	1289.338257
1555.876953	1311.632935
1559.28125	1290.375854
1562.681641	1318.499756
1566.082031	1317.576416
1569.480469	1342.825073
1572.878906	1323.727051
1576.273438	1311.889526
1579.667969	1352.451416
1583.0625	1330.420288
1586.453125	1302.543335
1589.84375	1300.151123
1593.234375	1306.505493
1596.621094	1314.323364
1600.007813	1329.443848
1603.392578	1343.846191
1606.777344	1345.115356
1610.160156	1308.396973
1613.541016	1283.342285
1616.919922	1301.403442
1620.298828	1313.627563
1623.675781	1365.373413
1627.050781	1299.307739
1630.425781	1303.48938
1633.798828	1328.186646
1637.169922	1312.594604
1640.541016	1351.244995
1643.910156	1349.584961
1647.277344	1345.722046
1650.642578	1374.888306
1654.007813	1452.544556
1657.371094	1448.717163
1660.734375	1400.790161
1664.09375	1416.789429
1667.453125	1412.942017
1670.8125	1375.243652
1674.167969	1392.723145
1677.523438	1383.705688
1680.878906	1341.529175
1684.230469	1339.853271
1687.582031	1339.650269
1690.933594	1318.057007
1694.28125	1252.911499
1697.628906	1235.694702
1700.974609	1256.864014
1704.320313	1238.895752
1707.664063	1209.088013
1711.005859	1224.356323
1714.345703	1238.157227
1717.685547	1203.873047
1721.023438	1176.963623
1724.361328	1178.912842
1727.695313	1160.861206
1731.03125	1158.358398
1734.363281	1192.182129
1737.695313	1185.980591
1741.025391	1215.389771
1744.353516	1156.489258
1747.681641	1126.502563
1751.007813	1170.036865
1754.332031	1166.042358
1757.65625	1162.78772
1760.978516	1163.99292
1764.298828	1117.578857
1767.619141	1141.841553
1770.9375	1170.590942
1774.253906	1143.492065
1777.570313	1170.773926
1780.884766	1163.036987
1784.197266	1182.143555
1787.509766	1165.450806
1790.818359	1185.319336
1794.128906	1146.959229
1797.435547	1175.799683
1800.742188	1182.990723
1804.048828	1181.215942
1807.351563	1158.498291
1810.654297	1152.970825
1813.955078	1164.654053
1817.255859	1146.394653
1820.554688	1173.814697
1823.851563	1166.784668
1827.148438	1170.244263
1830.443359	1165.456543
1833.736328	1171.168579
1837.027344	1160.372437
1840.318359	1182.605225
1843.609375	1165.795288
1846.896484	1152.729004
1850.183594	1139.6521
1853.46875	1158.150513
1856.753906	1175.910889
1860.037109	1213.253662
1863.318359	1189.637695
1866.599609	1187.84668
1869.878906	1163.447998
1873.15625	1173.705811
1876.433594	1186.987915
1879.708984	1159.541626
1882.982422	1163.771362
1886.255859	1164.984253
1889.527344	1142.783081
1892.796875	1182.523926
1896.066406	1180.721069
1899.333984	1184.209961
1902.599609	1171.814819
1905.865234	1225.250732
1909.128906	1162.893311
1912.390625	1148.202148
1915.652344	1192.598755
1918.912109	1171.843262
1922.169922	1141.971924
1925.427734	1159.867188
1928.683594	1138.314697
1931.939453	1173.682983
1935.191406	1171.105225
1938.445313	1173.843628
1941.695313	1149.221313
1944.945313	1187.689819
1948.193359	1192.718994
1951.441406	1190.903198
1954.6875	1160.919067
1957.931641	1198.689697
1961.173828	1180.112427
1964.416016	1160.758179
1967.658203	1186.373047
1970.896484	1170.819214
1974.134766	1192.642334
1977.373047	1180.131592
1980.607422	1186.701904
1983.84375	1200.152588
1987.076172	1177.694214
1990.308594	1186.563965
1993.539063	1174.789795
1996.767578	1174.483276
1999.996094	1164.990967
2003.222656	1127.924561
2006.449219	1126.83252
2009.673828	1166.354736
2012.896484	1192.108276
2016.119141	1176.467529
2019.339844	1183.063721
2022.558594	1193.502563
2025.777344	1175.539673
2028.994141	1180.606201
2032.208984	1141.876343
2035.423828	1166.151245
2038.636719	1176.602295
2041.847656	1192.446533
2045.058594	1202.145752
2048.267578	1195.684082
2051.476563	1161.489136
2054.683594	1164.252197
2057.888672	1198.620605
2061.09375	1182.121826
2064.296875	1125.496216
2067.498047	1201.561401
2070.699219	1161.883179
2073.898438	1166.96814
2077.097656	1162.012695
2080.292969	1194.926025
2083.490234	1192.296631
2086.683594	1182.703369
2089.876953	1173.876221
2093.068359	1193.684204
2096.259766	1177.884033
2099.449219	1173.692139
2102.636719	1187.322144
2105.824219	1145.139648
2109.009766	1162.646606
2112.195313	1187.150024
2115.378906	1179.071167
2118.560547	1177.974365
2121.742188	1197.073608
2124.921875	1166.451904
2128.099609	1167.68042
2131.277344	1200.018188
2134.453125	1170.139282
2137.626953	1216.512329
2140.800781	1207.638794
2143.972656	1166.043579
2147.144531	1168.831421
2150.314453	1184.093628
2153.482422	1196.247925
2156.650391	1187.348145
2159.816406	1152.687012
2162.980469	1192.167847
2166.144531	1192.627563
2169.306641	1188.399414
2172.46875	1173.224854
2175.628906	1161.166138
2178.787109	1175.693604
2181.945313	1146.410156
2185.101563	1178.165039
2188.255859	1192.714966
2191.410156	1186.906494
2194.564453	1167.769775
2197.714844	1176.059448
2200.865234	1183.570923
2204.013672	1167.548462
2207.162109	1177.416748
2210.308594	1148.815186
2213.455078	1138.258911
2216.599609	1158.342407
2219.742188	1187.875
2222.884766	1189.904053
2226.025391	1211.603149
2229.164063	1180.585938
2232.302734	1185.763062
2235.439453	1172.040161
2238.576172	1172.489624
2241.710938	1172.151001
2244.84375	1166.29187
2247.976563	1190.404907
2251.107422	1171.131836
2254.236328	1187.369995
2257.365234	1215.466919
2260.492188	1170.107788
2263.619141	1187.944092
2266.744141	1234.258423
2269.867188	1165.914917
2272.990234	1210.673096
2276.111328	1167.598633
2279.232422	1196.553345
2282.351563	1178.790161
2285.46875	1164.183228
2288.585938	1189.997803
2291.701172	1169.831665
2294.816406	1189.320313
2297.929688	1167.550537
2301.041016	1194.19873
2304.152344	1155.73291
2307.261719	1145.843872
2310.369141	1164.564209
2313.476563	1193.636597
2316.583984	1171.816895
2319.6875	1188.976074
2322.791016	1243.56665
2325.894531	1316.516602
2328.996094	1311.440918
2332.095703	1307.955078
2335.195313	1221.54187
2338.292969	1207.64917
2341.388672	1172.998535
2344.484375	1199.787598
2347.578125	1197.848267
2350.671875	1170.343384
2353.763672	1142.018188
2356.853516	1200.014648
2359.943359	1165.280396
2363.03125	1172.92395
2366.119141	1168.567139
2369.205078	1193.832397
2372.289063	1179.867798
2375.373047	1186.726074
2378.457031	1175.953979
2381.537109	1197.249756
2384.617188	1230.594727
2387.697266	1202.170776
2390.773438	1199.415283
2393.851563	1241.632446
2396.925781	1228.444702
2400	1163.003906
2403.074219	1193.193848
2406.146484	1200.080566
2409.216797	1219.846436
2412.286133	1225.137939
2415.355469	1219.964722
2418.421875	1183.370483
2421.488281	1210.411621
2424.553711	1223.768188
2427.617188	1194.391235
2430.679688	1231.95459
2433.741211	1211.435913
2436.801758	1209.471436
2439.861328	1205.082031
2442.918945	1228.161133
2445.976563	1236.707886
2449.032227	1212.916382
2452.086914	1210.947266
2455.140625	1216.259521
2458.192383	1224.003906
2461.243164	1173.446045
2464.293945	1211.964966
2467.342773	1213.232178
2470.390625	1208.824829
2473.436523	1231.989624
2476.482422	1227.585571
2479.526367	1203.697876
2482.569336	1184.663696
2485.611328	1192.420044
2488.652344	1187.993164
2491.692383	1218.516968
2494.730469	1245.810547
2497.768555	1238.957397
2500.804688	1218.264282
2503.839844	1213.837524
2506.873047	1248.499023
2509.90625	1202.528809
2512.938477	1203.79541
2515.96875	1216.477417
2518.998047	1238.140625
2522.026367	1220.654541
2525.053711	1221.928711
2528.079102	1223.203613
2531.104492	1241.633301
2534.12793	1215.949341
2537.150391	1232.754639
2540.171875	1231.581055
2543.192383	1250.858398
2546.211914	1236.595825
2549.230469	1232.965332
2552.24707	1210.494629
2555.262695	1221.598877
2558.277344	1200.745728
2561.291016	1189.715942
2564.303711	1213.947754
2567.31543	1240.658936
2570.325195	1249.331177
2573.333984	1211.203735
2576.341797	1216.585083
2579.348633	1229.366089
2582.354492	1238.868042
2585.359375	1226.172485
2588.363281	1216.757813
2591.365234	1239.432861
2594.366211	1246.481689
2597.366211	1223.885498
2600.365234	1207.863525
2603.363281	1258.591553
2606.360352	1273.902222
2609.355469	1244.682617
2612.350586	1211.315308
2615.34375	1226.624634
2618.335938	1260.111816
2621.327148	1249.015991
2624.317383	1259.397339
2627.306641	1259.865845
2630.293945	1218.984985
2633.280273	1253.357544
2636.266602	1291.065796
2639.250977	1255.117432
2642.234375	1268.835449
2645.216797	1288.363037
2648.197266	1273.922485
2651.177734	1229.621704
2654.157227	1281.504272
2657.134766	1233.024048
2660.111328	1284.115723
2663.086914	1280.440186
2666.061523	1283.407104
2669.035156	1272.249146
2672.007813	1269.395508
2674.978516	1266.539551
2677.949219	1281.151367
2680.917969	1304.096069
2683.885742	1304.578979
2686.852539	1273.41394
2689.818359	1283.883057
2692.783203	1300.193848
2695.74707	1237.308716
2698.708984	1256.115967
2701.670898	1287.452637
2704.630859	1271.234741
2707.589844	1290.074585
2710.547852	1293.057129
2713.504883	1332.808716
2716.460938	1343.332031
2719.416016	1307.033813
2722.369141	1329.266357
2725.322266	1364.904663
2728.273438	1349.502075
2731.223633	1312.313721
2734.173828	1381.495483
2737.12207	1328.367188
2740.069336	1323.826416
2743.014648	1338.572144
2745.959961	1344.938354
2748.904297	1329.486572
2751.84668	1316.541992
2754.788086	1322.906128
2757.729492	1349.440674
2760.668945	1295.300903
2763.607422	1339.502441
2766.544922	1285.318481
2769.481445	1335.438721
2772.416016	1343.505737
2775.350586	1322.946777
2778.28418	1304.057129
2781.21582	1323.918701
2784.146484	1294.055664
2787.077148	1281.880493
2790.005859	1283.19458
2792.933594	1323.331543
2795.860352	1329.726807
2798.785156	1351.328979
2801.709961	1311.269653
2804.633789	1309.2146
2807.555664	1334.214111
2810.477539	1363.460693
2813.397461	1289.50061
2816.316406	1346.684204
2819.234375	1341.249878
2822.151367	1298.540771
2825.067383	1410.020996
2827.982422	1371.543579
2830.896484	1338.12561
2833.80957	1389.512573
2836.720703	1416.327271
2839.631836	1423.636108
2842.541016	1526.912842
2845.450195	1605.62793
2848.357422	1732.841675
2851.263672	1805.737671
2854.168945	1860.826538
2857.073242	1914.253784
2859.976563	1846.864746
2862.878906	1961.625732
2865.779297	2015.146851
2868.679688	2077.226807
2871.579102	2164.921387
2874.476563	2221.984131
2877.374023	2320.030029
2880.269531	2299.542969
2883.164063	2325.133545
2886.057617	2322.563965
2888.950195	2305.470703
2891.841797	2375.52417
2894.732422	2308.857422
2897.62207	2378.961914
2900.510742	2384.958984
2903.398438	2463.698486
2906.28418	2476.578125
2909.169922	2528.003174
2912.053711	2606.878662
2914.9375	2704.664795
2917.819336	2751.083008
2920.700195	2839.557617
2923.581055	2830.292236
2926.459961	2939.455811
2929.337891	2981.731445
2932.214844	3036.061035
2935.09082	3003.653076
2937.96582	3020.211426
2940.838867	2958.540283
2943.711914	2844.357422
2946.583984	2743.85791
2949.454102	2664.803223
2952.324219	2575.358154
2955.193359	2466.898193
2958.060547	2456.588379
2960.926758	2398.862305
2963.792969	2430.770996
2966.657227	2332.450684
2969.520508	2301.365479
2972.382813	2220.190918
2975.244141	2215.810791
2978.104492	2161.324707
2980.963867	2063.591064
2983.822266	2043.588135
2986.679688	2020.975952
2989.536133	1938.65625
2992.390625	1881.373169
2995.245117	1850.019653
2998.098633	1757.15564
3000.950195	1723.134888
3003.801758	1642.290649
3006.651367	1613.405029
3009.500977	1524.65686
3012.348633	1562.511108
3015.195313	1501.452637
3018.041992	1451.636475
3020.886719	1447.815552
3023.730469	1444.860352
3026.573242	1411.482788
3029.415039	1386.775513
3032.255859	1439.459106
3035.095703	1402.562378
3037.93457	1393.491333
3040.772461	1407.922363
3043.609375	1378.812744
3046.445313	1394.990845
3049.280273	1400.720581
3052.114258	1447.435669
3054.946289	1494.184082
3057.77832	1463.306396
3060.609375	1494.381226
3063.438477	1457.36853
3066.267578	1469.245605
3069.094727	1449.673218
3071.921875	1468.54834
3074.74707	1396.494141
3077.572266	1396.11853
3080.395508	1418.494141
3083.21875	1381.359253
3086.040039	1363.462891
3088.860352	1361.321533
3091.679688	1395.107666
3094.499023	1337.747437
3097.316406	1321.562622
3100.132813	1298.347778
3102.948242	1347.954834
3105.762695	1300.151489
3108.576172	1349.793945
3111.388672	1366.966431
3114.201172	1316.481323
3117.011719	1313.433472
3119.821289	1354.355713
3122.629883	1324.925659
3125.436523	1337.718018
3128.243164	1339.074097
3131.048828	1348.357178
3133.853516	1323.286987
3136.657227	1351.959717
3139.459961	1291.606567
3142.261719	1314.114136
3145.0625	1336.637329
3147.861328	1337.111816
3150.660156	1311.982178
3153.458008	1330.111816
3156.254883	1332.350464
3159.049805	1280.676636
3161.844727	1324.453735
3164.638672	1373.568359
3167.430664	1362.552856
3170.222656	1328.516968
3173.013672	1348.466064
3175.802734	1303.771851
3178.591797	1334.358154
3181.379883	1292.285767
3184.166016	1290.082764
3186.952148	1343.756836
3189.737305	1322.049683
3192.520508	1320.741577
3195.303711	1352.284912
3198.084961	1337.66272
3200.866211	1319.898193
