399.363281	886.021484
403.25	888.313721
407.134766	876.612366
411.017578	855.354309
414.898438	899.020935
418.777344	852.274536
422.654297	866.663574
426.53125	828.787476
430.404297	845.729492
434.277344	858.857483
438.148438	857.314392
442.017578	813.619812
445.884766	835.694946
449.751953	841.170105
453.615234	820.431763
457.478516	839.33905
461.339844	818.581482
465.199219	846.467957
469.056641	821.210999
472.912109	810.671448
476.765625	804.610413
480.619141	786.357239
484.470703	821.347351
488.320313	804.369141
492.167969	835.543335
496.013672	809.560974
499.857422	825.336975
503.699219	797.398132
507.541016	827.978882
511.380859	834.128296
515.21875	812.595276
519.054688	820.031189
522.888672	820.384338
526.720703	828.474304
530.552734	844.956055
534.380859	824.02533
538.208984	841.809937
542.035156	828.609436
545.859375	830.257996
549.683594	808.637573
553.503906	810.92511
557.324219	821.624756
561.140625	770.199585
564.957031	819.740662
568.773438	794.181335
572.585938	754.99054
576.396484	775.413086
580.207031	794.555603
584.015625	805.927673
587.820313	789.394775
591.626953	790.382629
595.429688	795.91925
599.230469	788.460144
603.03125	781.644775
606.828125	786.533508
610.625	777.758484
614.419922	783.951538
618.214844	803.829041
622.005859	782.667542
625.796875	811.688477
629.583984	804.861023
633.371094	789.544739
637.15625	810.118835
640.941406	816.995789
644.722656	833.025269
648.503906	830.766541
652.283203	817.38916
656.060547	813.158752
659.835938	832.485413
663.609375	810.579163
667.382813	841.711304
671.152344	811.270813
674.921875	830.628723
678.689453	815.242004
682.455078	803.778809
686.220703	810.685486
689.982422	811.6875
693.744141	816.63208
697.503906	822.895081
701.261719	817.327454
705.017578	857.802551
708.773438	850.928284
712.525391	868.408203
716.277344	876.022766
720.027344	873.759399
723.775391	890.611328
727.523438	890.330261
731.267578	880.151917
735.011719	860.723755
738.753906	900.7099
742.494141	886.558472
746.232422	855.872192
749.970703	893.261719
753.707031	894.302063
757.439453	907.91626
761.171875	926.837891
764.904297	906.699219
768.632813	933.586975
772.361328	900.176147
776.087891	919.12561
779.8125	974.57959
783.535156	976.983276
787.255859	950.173096
790.976563	943.932434
794.695313	945.660828
798.412109	938.74762
802.126953	930.497986
805.839844	941.53772
809.552734	924.627991
813.263672	953.654907
816.972656	909.419617
820.679688	942.463257
824.384766	959.531311
828.089844	953.932556
831.791016	952.333008
835.492188	934.708252
839.193359	926.419434
842.890625	915.4505
846.587891	959.957031
850.28125	954.342651
853.974609	964.111633
857.666016	939.082886
861.357422	936.13031
865.044922	943.223572
868.732422	929.546753
872.417969	933.290344
876.101563	931.000061
879.785156	945.483337
883.464844	931.783386
887.144531	935.533203
890.822266	939.957703
894.5	898.006653
898.173828	946.799866
901.847656	945.852112
905.519531	923.367065
909.189453	916.348572
912.857422	901.914612
916.523438	910.379395
920.189453	904.019958
923.853516	934.07373
927.515625	890.60968
931.177734	901.10791
934.835938	907.563049
938.494141	901.863403
942.150391	883.993652
945.804688	891.80127
949.458984	893.527527
953.109375	870.21759
956.759766	886.829102
960.408203	917.676514
964.056641	883.506165
967.701172	887.264771
971.345703	901.875977
974.988281	919.891052
978.628906	868.018005
982.267578	879.243958
985.90625	881.648987
989.542969	869.785828
993.177734	890.543152
996.810547	886.834412
1000.443359	949.798706
1004.074219	966.530762
1007.703125	931.525146
1011.330078	895.808777
1014.955078	850.521301
1018.580078	893.828735
1022.203125	874.421082
1025.824219	876.150146
1029.443359	922.252319
1033.0625	915.124207
1036.679688	894.325623
1040.294922	903.583374
1043.908203	906.69458
1047.519531	903.651489
1051.130859	898.552612
1054.740234	903.034119
1058.347656	915.053223
1061.953125	896.933044
1065.558594	900.047791
1069.162109	888.763611
1072.763672	928.238159
1076.363281	951.959351
1079.962891	927.635925
1083.560547	926.647217
1087.15625	919.472534
1090.75	923.978943
1094.34375	949.809692
1097.933594	941.258911
1101.523438	938.895813
1105.113281	924.823853
1108.699219	905.228699
1112.285156	886.995483
1115.869141	881.847046
1119.451172	917.390381
1123.03125	912.939819
1126.611328	927.814819
1130.189453	918.530029
1133.765625	891.273682
1137.341797	880.583191
1140.914063	865.043274
1144.486328	861.942139
1148.056641	905.897766
1151.626953	870.96283
1155.193359	869.244812
1158.759766	893.162842
1162.324219	902.543213
1165.888672	913.318115
1169.449219	905.369873
1173.009766	925.177063
1176.568359	915.838013
1180.125	905.796326
1183.681641	899.220703
1187.236328	915.581116
1190.789063	895.789307
1194.339844	907.986633
1197.890625	922.281982
1201.439453	943.552307
1204.986328	947.424072
1208.53125	956.874146
1212.076172	996.311707
1215.619141	993.931702
1219.160156	984.571655
1222.699219	999.636108
1226.238281	972.112915
1229.775391	1022.116333
1233.310547	1026.730103
1236.84375	1032.046509
1240.376953	1038.766113
1243.908203	1050.389404
1247.4375	1027.018066
1250.964844	1041.447144
1254.492188	1060.091553
1258.017578	1050.012451
1261.541016	995.747314
1265.064453	1022.111938
1268.583984	1000.775085
1272.103516	986.441467
1275.623047	998.786255
1279.138672	1012.546326
1282.654297	1026.317383
1286.167969	1030.957153
1289.679688	1056.003052
1293.191406	1071.215698
1296.701172	1085.736328
1300.208984	1106.608154
1303.714844	1095.786011
1307.220703	1094.119263
1310.722656	1128.419312
1314.226563	1124.647339
1317.726563	1136.400513
1321.226563	1095.203369
1324.724609	1102.008545
1328.220703	1110.939209
1331.714844	1112.099854
1335.208984	1146.503418
1338.701172	1144.848755
1342.191406	1103.552246
1345.681641	1060.097412
1349.169922	1066.197266
1352.65625	1040.409302
1356.140625	1068.484985
1359.625	1083.815918
1363.107422	1070.775391
1366.587891	1088.248779
1370.068359	1067.386963
1373.544922	1072.084473
1377.021484	1051.909302
1380.498047	1017.496521
1383.970703	1015.776672
1387.443359	1021.171265
1390.914063	1029.417725
1394.384766	1073.992554
1397.851563	1028.117554
1401.318359	1029.96106
1404.785156	1025.388184
1408.248047	1050.05896
1411.710938	1023.367004
1415.171875	1041.630981
1418.630859	1054.195801
1422.089844	1018.183472
1425.546875	1052.192505
1429.001953	1056.194946
1432.457031	1093.823364
1435.908203	1123.609741
1439.361328	1114.757813
1442.810547	1155.319946
1446.257813	1194.481689
1449.705078	1187.797363
1453.152344	1143.099609
1456.595703	1152.888916
1460.039063	1159.815186
1463.480469	1140.180786
1466.919922	1116.938721
1470.359375	1107.330566
1473.796875	1068.959595
1477.232422	1113.979858
1480.666016	1120.905396
1484.099609	1106.963745
1487.53125	1078.609863
1490.962891	1036.546509
1494.390625	977.154236
1497.818359	1025.849609
1501.246094	990.204041
1504.669922	992.768311
1508.09375	973.680908
1511.515625	980.57251
1514.935547	983.135193
1518.355469	1013.160522
1521.773438	1008.508484
1525.189453	977.815918
1528.605469	1010.045288
1532.019531	995.975952
1535.431641	981.89502
1538.841797	1018.510681
1542.251953	1013.847961
1545.660156	1007.006287
1549.068359	1032.796387
1552.472656	1079.64856
1555.876953	1068.469116
1559.28125	1075.434326
1562.681641	1086.763428
1566.082031	1095.19458
1569.480469	1088.364502
1572.878906	1128.804565
1576.273438	1105.246826
1579.667969	1078.030396
1583.0625	1087.201782
1586.453125	1070.154419
1589.84375	1105.565674
1593.234375	1073.930054
1596.621094	1079.466553
1600.007813	1072.602905
1603.392578	1088.362183
1606.777344	1118.008423
1610.160156	1084.851807
1613.541016	1121.097412
1616.919922	1089.377075
1620.298828	1078.842163
1623.675781	1068.298584
1627.050781	1089.954468
1630.425781	1079.406372
1633.798828	1076.908081
1637.169922	1078.071899
1640.541016	1134.224609
1643.910156	1124.409668
1647.277344	1152.74231
1650.642578	1164.94812
1654.007813	1185.975464
1657.371094	1186.449463
1660.734375	1189.863159
1664.09375	1160.929199
1667.453125	1179.780884
1670.8125	1176.572754
1674.167969	1160.111816
1677.523438	1173.09375
1680.878906	1153.670898
1684.230469	1112.122437
1687.582031	1095.608276
1690.933594	1066.54187
1694.28125	1078.035156
1697.628906	1056.319702
1700.974609	1039.755859
1704.320313	1063.810303
1707.664063	1048.713867
1711.005859	1002.552673
1714.345703	993.336426
1717.685547	991.511963
1721.023438	1031.13855
1724.361328	975.268982
1727.695313	961.581299
1731.03125	971.598083
1734.363281	972.725708
1737.695313	978.304199
1741.025391	940.851135
1744.353516	987.246948
1747.681641	965.36145
1751.007813	1007.346069
1754.332031	976.532593
1757.65625	998.480774
1760.978516	994.414368
1764.298828	985.136108
1767.619141	987.759888
1770.9375	976.981812
1774.253906	972.15448
1777.570313	977.75647
1780.884766	990.818054
1784.197266	970.327271
1787.509766	999.064453
1790.818359	973.335266
1794.128906	980.44104
1797.435547	967.382874
1800.742188	976.733398
1804.048828	965.158142
1807.351563	984.985291
1810.654297	964.425293
1813.955078	971.54303
1817.255859	988.400391
1820.554688	988.790955
1823.851563	1003.4198
1827.148438	979.826538
1830.443359	1008.712402
1833.736328	989.603699
1837.027344	971.980774
1840.318359	983.627258
1843.609375	984.01532
1846.896484	985.906372
1850.183594	977.274231
1853.46875	990.444275
1856.753906	966.007446
1860.037109	958.861755
1863.318359	975.804077
1866.599609	1006.317749
1869.878906	974.312378
1873.15625	961.88092
1876.433594	996.949219
1879.708984	1020.728516
1882.982422	972.828369
1886.255859	961.130859
1889.527344	980.391602
1892.796875	1000.422852
1896.066406	994.013
1899.333984	971.717651
1902.599609	945.622009
1905.865234	992.15802
1909.128906	950.150513
1912.390625	970.215698
1915.652344	983.477295
1918.912109	992.959045
1922.169922	983.491028
1925.427734	994.496948
1928.683594	991.092651
1931.939453	974.020264
1935.191406	978.199463
1938.445313	1014.292053
1941.695313	989.6073
1944.945313	993.036438
1948.193359	1008.638611
1951.441406	1040.233032
1954.6875	972.888245
1957.931641	1000.685059
1961.173828	987.363281
1964.416016	998.419678
1967.658203	1022.446167
1970.896484	985.471313
1974.134766	1004.932739
1977.373047	987.00531
1980.607422	996.554688
1983.84375	999.235901
1987.076172	1030.195801
1990.308594	988.548462
1993.539063	1009.585022
1996.767578	965.601257
1999.996094	982.817627
2003.222656	1016.893311
2006.449219	1015.757935
2009.673828	989.332458
2012.896484	1013.483704
2016.119141	973.998474
2019.339844	1005.067139
2022.558594	977.82782
2025.777344	995.10083
2028.994141	1006.242126
2032.208984	1019.697083
2035.423828	999.338562
2038.636719	997.42041
2041.847656	1001.65509
2045.058594	982.804199
2048.267578	972.407593
2051.476563	1015.917908
2054.683594	1001.672974
2057.888672	987.416748
2061.09375	1006.30719
2064.296875	992.041199
2067.498047	990.111328
2070.699219	987.407715
2073.898438	1000.148071
2077.097656	995.12793
2080.292969	1019.474365
2083.490234	1011.364502
2086.683594	1000.154053
2089.876953	1012.922852
2093.068359	1007.12262
2096.259766	1009.061768
2099.449219	1005.579163
2102.636719	1003.643677
2105.824219	1020.314026
2109.009766	1029.240845
2112.195313	1028.087524
2115.378906	1003.646484
2118.560547	1000.152222
2121.742188	1029.281372
2124.921875	985.383789
2128.099609	1012.974426
2131.277344	991.589905
2134.453125	1005.199463
2137.626953	1039.055664
2140.800781	1006.755005
2143.972656	1011.038452
2147.144531	991.169067
2150.314453	1003.244568
2153.482422	1034.044922
2156.650391	1011.820313
2159.816406	990.358765
2162.980469	1018.066101
2166.144531	1002.838135
2169.306641	1010.256714
2172.46875	1029.405151
2175.628906	1029.80188
2178.787109	1020.811768
2181.945313	1027.46521
2185.101563	1005.158691
2188.255859	1033.738525
2191.410156	1023.951721
2194.564453	1001.61731
2197.714844	988.674011
2200.865234	1012.584473
2204.013672	1040.436401
2207.162109	1036.911621
2210.308594	995.692139
2213.455078	1029.853271
2216.599609	1027.891357
2219.742188	1016.493896
2222.884766	1007.446777
2226.025391	1003.113037
2229.164063	1038.12854
2232.302734	1033.802734
2235.439453	1028.685791
2238.576172	1028.292358
2241.710938	1018.439209
2244.84375	1036.178101
2247.976563	1036.575317
2251.107422	1040.12915
2254.236328	1006.580261
2257.365234	1040.136353
2260.492188	1032.633911
2263.619141	1034.609985
2266.744141	1047.656982
2269.867188	1028.283203
2272.990234	1063.493286
2276.111328	1028.278442
2279.232422	981.157898
2282.351563	1052.830811
2285.46875	1035.005615
2288.585938	1029.058716
2291.701172	1075.452026
2294.816406	1044.9198
2297.929688	1030.238281
2301.041016	1067.950317
2304.152344	1054.060181
2307.261719	1074.327881
2310.369141	1066.788574
2313.476563	1038.567261
2316.583984	1051.691772
2319.6875	1020.259277
2322.791016	1097.873413
2325.894531	1142.892456
2328.996094	1160.059448
2332.095703	1149.342651
2335.195313	1086.789551
2338.292969	1049.713501
2341.388672	1060.48645
2344.484375	1041.731689
2347.578125	1045.322266
2350.671875	1018.558289
2353.763672	1081.281006
2356.853516	1036.921387
2359.943359	1038.915039
2363.03125	1028.108643
2366.119141	1042.906128
2369.205078	1003.267639
2372.289063	1054.111328
2375.373047	1040.088013
2378.457031	1070.943726
2381.537109	1057.717651
2384.617188	1060.525513
2387.697266	1054.507568
2390.773438	1020.386108
2393.851563	1090.644775
2396.925781	1083.023804
2400	1109.153687
2403.074219	1064.547607
2406.146484	1044.842163
2409.216797	1089.493408
2412.286133	1076.22168
2415.355469	1046.029175
2418.421875	1073.008423
2421.488281	1101.619629
2424.553711	1098.811523
2427.617188	1075.839233
2430.679688	1074.632324
2433.741211	1083.916382
2436.801758	1043.956299
2439.861328	1059.696777
2442.918945	1064.136963
2445.976563	1086.363037
2449.032227	1049.576904
2452.086914	1072.622681
2455.140625	1117.534424
2458.192383	1107.432129
2461.243164	1102.180908
2464.293945	1056.418579
2467.342773	1060.869019
2470.390625	1089.644897
2473.436523	1088.433228
2476.482422	1104.259033
2479.526367	1097.369873
2482.569336	1060.432373
2485.611328	1098.196167
2488.652344	1084.79541
2491.692383	1099.022583
2494.730469	1116.512939
2497.768555	1139.710693
2500.804688	1072.593384
2503.839844	1103.11853
2506.873047	1066.884277
2509.90625	1112.094727
2512.938477	1092.951782
2515.96875	1092.546753
2518.998047	1115.7948
2522.026367	1131.716431
2525.053711	1107.653442
2528.079102	1095.004028
2531.104492	1081.527954
2534.12793	1135.866699
2537.150391	1119.942871
2540.171875	1096.646851
2543.192383	1101.148071
2546.211914	1110.562866
2549.230469	1095.423462
2552.24707	1124.498779
2555.262695	1117.545776
2558.277344	1105.669678
2561.291016	1129.861206
2564.303711	1086.811279
2567.31543	1088.858765
2570.325195	1106.50354
2573.333984	1131.551758
2576.341797	1127.045776
2579.348633	1092.952515
2582.354492	1113.090454
2585.359375	1099.525513
2588.363281	1127.084717
2591.365234	1126.682251
2594.366211	1117.223022
2597.366211	1112.697998
2600.365234	1064.501831
2603.363281	1116.824829
2606.360352	1091.680542
2609.355469	1128.380249
2612.350586	1115.598267
2615.34375	1118.490112
2618.335938	1134.596069
2621.327148	1114.366699
2624.317383	1115.607788
2627.306641	1143.303467
2630.293945	1105.687134
2633.280273	1096.998047
2636.266602	1111.47522
2639.250977	1105.265015
2642.234375	1137.97644
2645.216797	1119.343018
2648.197266	1137.164429
2651.177734	1116.858032
2654.157227	1097.365845
2657.134766	1128.474243
2660.111328	1099.840576
2663.086914	1143.428101
2666.061523	1127.238525
2669.035156	1157.572266
2672.007813	1144.700562
2674.978516	1142.629883
2677.949219	1156.363892
2680.917969	1130.161011
2683.885742	1137.239868
2686.852539	1139.326538
2689.818359	1102.256592
2692.783203	1131.001953
2695.74707	1128.919067
2698.708984	1145.184082
2701.670898	1136.429321
2704.630859	1147.700439
2707.589844	1163.154541
2710.547852	1123.489502
2713.504883	1151.47998
2716.460938	1181.162598
2719.416016	1205.849487
2722.369141	1173.669434
2725.322266	1161.549683
2728.273438	1178.721436
2731.223633	1168.269165
2734.173828	1198.859863
2737.12207	1174.997314
2740.069336	1161.177734
2743.014648	1175.02478
2745.959961	1149.448242
2748.904297	1147.353638
2751.84668	1146.936401
2754.788086	1168.357178
2757.729492	1224.24353
2760.668945	1152.405884
2763.607422	1183.941895
2766.544922	1159.141968
2769.481445	1149.470215
2772.416016	1137.265747
2775.350586	1153.683716
2778.28418	1145.68335
2781.21582	1152.003174
2784.146484	1144.838867
2787.077148	1159.595825
2790.005859	1144.835693
2792.933594	1173.106445
2795.860352	1191.266357
2798.785156	1167.210327
2801.709961	1151.585327
2804.633789	1141.86499
2807.555664	1164.266724
2810.477539	1193.45105
2813.397461	1153.273926
2816.316406	1185.86084
2819.234375	1152.424927
2822.151367	1184.187866
2825.067383	1194.789429
2827.982422	1217.266113
2830.896484	1220.255127
2833.80957	1219.004639
2836.720703	1280.549927
2839.631836	1282.715698
2842.541016	1324.796387
2845.450195	1394.092896
2848.357422	1499.983032
2851.263672	1531.98645
2854.168945	1624.396118
2857.073242	1602.0177
2859.976563	1604.304199
2862.878906	1630.431152
2865.779297	1752.820068
2868.679688	1738.122437
2871.579102	1824.841187
2874.476563	1944.875732
2877.374023	1912.318726
2880.269531	1950.558472
2883.164063	1975.168457
2886.057617	1969.056152
2888.950195	2015.044678
2891.841797	1964.507202
2894.732422	1990.865967
2897.62207	2037.766357
2900.510742	2084.700439
2903.398438	2043.526123
2906.28418	2077.654785
2909.169922	2165.758789
2912.053711	2193.95874
2914.9375	2253.887451
2917.819336	2343.864502
2920.700195	2380.734375
2923.581055	2463.958496
2926.459961	2506.047119
2929.337891	2512.106445
2932.214844	2567.983643
2935.09082	2556.885498
2937.96582	2608.520752
2940.838867	2498.552246
2943.711914	2489.135254
2946.583984	2351.509521
2949.454102	2207.758545
2952.324219	2159.477783
2955.193359	2137.002197
2958.060547	2092.968506
2960.926758	2076.485352
2963.792969	2038.432983
2966.657227	2056.421143
2969.520508	1988.994263
2972.382813	1943.961792
2975.244141	1899.759888
2978.104492	1840.840454
2980.963867	1835.455444
2983.822266	1725.466187
2986.679688	1752.89624
2989.536133	1661.828857
2992.390625	1666.754639
2995.245117	1566.067139
2998.098633	1517.267944
3000.950195	1461.502563
3003.801758	1454.228882
3006.651367	1461.687744
3009.500977	1390.230347
3012.348633	1361.232544
3015.195313	1292.290649
3018.041992	1258.895264
3020.886719	1236.766235
3023.730469	1226.784546
3026.573242	1240.262329
3029.415039	1252.010498
3032.255859	1235.064575
3035.095703	1204.185059
3037.93457	1249.006958
3040.772461	1231.170166
3043.609375	1266.452148
3046.445313	1232.053101
3049.280273	1245.569214
3052.114258	1226.83252
3054.946289	1256.056641
3057.77832	1239.054932
3060.609375	1293.617432
3063.438477	1250.42041
3066.267578	1293.6698
3069.094727	1270.539307
3071.921875	1254.385132
3074.74707	1265.326904
3077.572266	1237.786743
3080.395508	1192.72522
3083.21875	1199.278931
3086.040039	1211.091309
3088.860352	1244.812012
3091.679688	1183.913696
3094.499023	1178.199585
3097.316406	1141.787964
3100.132813	1170.267578
3102.948242	1226.849487
3105.762695	1150.910522
3108.576172	1153.077026
3111.388672	1185.992798
3114.201172	1200.476318
3117.011719	1173.650391
3119.821289	1193.416016
3122.629883	1202.638306
3125.436523	1193.385254
3128.243164	1155.07251
3131.048828	1127.300537
3133.853516	1161.179932
3136.657227	1158.067139
3139.459961	1180.519531
3142.261719	1184.466553
3145.0625	1184.887085
3147.861328	1148.239258
3150.660156	1166.304565
3153.458008	1164.951782
3156.254883	1139.742798
3159.049805	1121.586304
3161.844727	1167.959473
3164.638672	1140.070557
3167.430664	1170.556763
3170.222656	1129.372192
3173.013672	1145.709229
3175.802734	1154.08606
3178.591797	1133.229736
3181.379883	1195.674438
3184.166016	1138.464722
3186.952148	1186.76355
3189.737305	1097.567505
3192.520508	1132.571411
3195.303711	1131.195679
3198.084961	1149.359619
3200.866211	1156.465332
