399.363281	1037.929077
403.25	1029.477417
407.134766	1011.47583
411.017578	1028.46167
414.898438	1021.267395
418.777344	1012.792603
422.654297	991.565063
426.53125	1002.832825
430.404297	1006.456421
434.277344	1033.691772
438.148438	989.454407
442.017578	991.160095
445.884766	992.228027
449.751953	961.33728
453.615234	989.889587
457.478516	984.560059
461.339844	979.865662
465.199219	971.325195
469.056641	960.855286
472.912109	975.36908
476.765625	1009.128906
480.619141	958.894043
484.470703	970.858215
488.320313	969.993408
492.167969	1009.588135
496.013672	987.535889
499.857422	984.105103
503.699219	990.317017
507.541016	988.170593
511.380859	993.101807
515.21875	1001.90033
519.054688	1025.522095
522.888672	1004.69696
526.720703	1013.510986
530.552734	984.277039
534.380859	1003.413757
538.208984	1024.503418
542.035156	990.714661
545.859375	968.526672
549.683594	992.213135
553.503906	993.932922
557.324219	1013.768494
561.140625	1002.553894
564.957031	964.134216
568.773438	972.969299
572.585938	968.850525
576.396484	981.584778
580.207031	964.493225
584.015625	964.906921
587.820313	922.475281
591.626953	925.468567
595.429688	967.447937
599.230469	969.162476
603.03125	936.413086
606.828125	990.811035
610.625	920.293274
614.419922	944.127625
618.214844	993.38678
622.005859	956.666077
625.796875	966.854675
629.583984	979.660645
633.371094	991.172241
637.15625	981.151184
640.941406	989.407349
644.722656	980.683105
648.503906	971.297485
652.283203	984.136536
656.060547	978.668945
659.835938	989.558167
663.609375	969.028442
667.382813	1017.913879
671.152344	995.412231
674.921875	1012.226318
678.689453	1015.28125
682.455078	997.997986
686.220703	1004.987427
689.982422	1028.400146
693.744141	1009.785583
697.503906	978.666809
701.261719	1040.234985
705.017578	1030.152466
708.773438	1043.752686
712.525391	1022.470032
716.277344	1070.328613
720.027344	1093.187622
723.775391	1079.808594
727.523438	1061.141724
731.267578	1058.293579
735.011719	1063.363525
738.753906	1075.701172
742.494141	1042.465942
746.232422	1081.240845
749.970703	1109.46936
753.707031	1086.127197
757.439453	1134.895264
761.171875	1115.515625
764.904297	1138.506958
768.632813	1101.221802
772.361328	1114.282837
776.087891	1145.259766
779.8125	1187.540771
783.535156	1170.123291
787.255859	1144.7229
790.976563	1140.557373
794.695313	1121.103149
798.412109	1138.198242
802.126953	1141.339966
805.839844	1139.160767
809.552734	1155.61853
813.263672	1171.42395
816.972656	1145.269043
820.679688	1173.0802
824.384766	1180.910278
828.089844	1199.420044
831.791016	1152.543213
835.492188	1148.355835
839.193359	1108.096558
842.890625	1156.006836
846.587891	1141.787354
850.28125	1167.682129
853.974609	1180.88623
857.666016	1198.786499
861.357422	1175.185059
865.044922	1130.126465
868.732422	1169.473022
872.417969	1151.862671
876.101563	1150.335083
879.785156	1134.043213
883.464844	1179.498169
887.144531	1114.177734
890.822266	1145.55249
894.5	1142.673096
898.173828	1160.636719
901.847656	1149.687988
905.519531	1151.516846
909.189453	1121.702271
912.857422	1139.012451
916.523438	1154.989136
920.189453	1117.047852
923.853516	1117.516357
927.515625	1136.876709
931.177734	1137.353394
934.835938	1123.649414
938.494141	1130.200317
942.150391	1137.432251
945.804688	1151.43103
949.458984	1132.297485
953.109375	1146.981934
956.759766	1136.630615
960.408203	1126.947388
964.056641	1113.868164
967.701172	1151.614136
971.345703	1147.348999
974.988281	1141.0448
978.628906	1144.915039
982.267578	1113.482666
985.90625	1150.626587
989.542969	1136.157715
993.177734	1154.986938
996.810547	1192.873901
1000.443359	1238.956665
1004.074219	1257.170654
1007.703125	1188.920288
1011.330078	1160.123535
1014.955078	1142.888062
1018.580078	1129.046875
1022.203125	1119.286255
1025.824219	1102.011353
1029.443359	1142.063721
1033.0625	1160.978394
1036.679688	1129.35083
1040.294922	1138.022949
1043.908203	1148.069458
1047.519531	1114.343872
1051.130859	1152.446777
1054.740234	1139.233276
1058.347656	1135.597534
1061.953125	1161.422119
1065.558594	1155.735352
1069.162109	1171.988403
1072.763672	1141.602539
1076.363281	1159.921631
1079.962891	1178.255615
1083.560547	1208.968872
1087.15625	1179.233887
1090.75	1181.785645
1094.34375	1199.470093
1097.933594	1179.325806
1101.523438	1194.269897
1105.113281	1160.33374
1108.699219	1186.993164
1112.285156	1168.1875
1115.869141	1186.5979
1119.451172	1187.779053
1123.03125	1188.960938
1126.611328	1238.467041
1130.189453	1166.464111
1133.765625	1185.601318
1137.341797	1108.677734
1140.914063	1163.763306
1144.486328	1131.731323
1148.056641	1148.116455
1151.626953	1154.129639
1155.193359	1162.917969
1158.759766	1171.713257
1162.324219	1160.41272
1165.888672	1161.585327
1169.449219	1180.102783
1173.009766	1210.434204
1176.568359	1180.382568
1180.125	1207.959961
1183.681641	1165.373291
1187.236328	1188.100342
1190.789063	1170.507324
1194.339844	1180.730469
1197.890625	1220.196411
1201.439453	1242.982178
1204.986328	1236.52771
1208.53125	1237.036865
1212.076172	1288.442261
1215.619141	1273.627563
1219.160156	1265.778198
1222.699219	1313.06958
1226.238281	1297.547241
1229.775391	1335.108887
1233.310547	1342.646973
1236.84375	1362.776855
1240.376953	1381.523926
1243.908203	1384.190796
1247.4375	1364.456909
1250.964844	1331.399414
1254.492188	1346.659668
1258.017578	1338.801025
1261.541016	1363.893311
1265.064453	1313.241943
1268.583984	1329.220215
1272.103516	1314.319214
1275.623047	1360.512695
1279.138672	1358.259521
1282.654297	1327.182983
1286.167969	1334.759033
1289.679688	1367.668213
1293.191406	1386.527466
1296.701172	1446.240234
1300.208984	1441.901245
1303.714844	1434.035034
1307.220703	1417.702148
1310.722656	1446.492432
1314.226563	1429.445068
1317.726563	1466.027222
1321.226563	1471.569214
1324.724609	1496.188599
1328.220703	1465.704712
1331.714844	1487.513062
1335.208984	1492.364136
1338.701172	1470.331055
1342.191406	1504.908325
1345.681641	1435.415771
1349.169922	1404.121582
1352.65625	1414.616455
1356.140625	1446.389771
1359.625	1419.316528
1363.107422	1420.604614
1366.587891	1394.207886
1370.068359	1387.674072
1373.544922	1379.713745
1377.021484	1391.647461
1380.498047	1382.970459
1383.970703	1382.822021
1387.443359	1402.598389
1390.914063	1406.728394
1394.384766	1406.588379
1397.851563	1426.397339
1401.318359	1357.125244
1404.785156	1371.224976
1408.248047	1349.668091
1411.710938	1345.220947
1415.171875	1402.168091
1418.630859	1406.308594
1422.089844	1405.450439
1425.546875	1386.721069
1429.001953	1429.474365
1432.457031	1420.754272
1435.908203	1448.526123
1439.361328	1487.059692
1442.810547	1509.866455
1446.257813	1559.920044
1449.705078	1526.143921
1453.152344	1559.75
1456.595703	1540.294067
1460.039063	1510.774048
1463.480469	1508.513672
1466.919922	1467.463501
1470.359375	1452.967163
1473.796875	1452.11731
1477.232422	1482.190186
1480.666016	1485.667358
1484.099609	1472.592896
1487.53125	1438.626465
1490.962891	1381.581909
1494.390625	1377.816284
1497.818359	1383.419189
1501.246094	1363.784302
1504.669922	1354.234009
1508.09375	1368.494507
1511.515625	1369.768799
1514.935547	1376.822632
1518.355469	1370.874146
1521.773438	1395.28418
1525.189453	1351.729248
1528.605469	1356.615234
1532.019531	1370.914551
1535.431641	1381.604492
1538.841797	1347.389648
1542.251953	1368.223633
1545.660156	1398.499023
1549.068359	1445.479736
1552.472656	1475.084229
1555.876953	1477.129517
1559.28125	1503.865234
1562.681641	1449.986572
1566.082031	1496.354004
1569.480469	1491.139282
1572.878906	1515.740234
1576.273438	1541.088135
1579.667969	1522.781616
1583.0625	1519.023926
1586.453125	1440.228271
1589.84375	1481.618408
1593.234375	1482.213013
1596.621094	1460.926636
1600.007813	1480.483887
1603.392578	1509.545898
1606.777344	1512.341919
1610.160156	1473.499023
1613.541016	1523.05542
1616.919922	1527.321289
1620.298828	1462.836914
1623.675781	1461.227661
1627.050781	1462.5448
1630.425781	1452.145752
1633.798828	1495.949829
1637.169922	1515.603394
1640.541016	1510.34436
1643.910156	1519.750122
1647.277344	1570.987427
1650.642578	1584.828491
1654.007813	1592.071167
1657.371094	1569.93335
1660.734375	1577.909912
1664.09375	1530.015015
1667.453125	1596.087646
1670.8125	1621.742676
1674.167969	1556.875977
1677.523438	1559.706543
1680.878906	1516.126831
1684.230469	1490.199829
1687.582031	1512.91272
1690.933594	1473.686523
1694.28125	1443.283203
1697.628906	1444.596558
1700.974609	1430.402832
1704.320313	1377.043335
1707.664063	1398.285156
1711.005859	1359.656616
1714.345703	1427.505005
1717.685547	1377.75769
1721.023438	1370.16333
1724.361328	1391.442993
1727.695313	1351.992188
1731.03125	1357.717529
1734.363281	1353.067383
1737.695313	1360.280518
1741.025391	1349.69104
1744.353516	1327.958496
1747.681641	1327.000732
1751.007813	1329.013306
1754.332031	1367.442871
1757.65625	1323.377319
1760.978516	1321.671143
1764.298828	1364.606934
1767.619141	1347.283691
1770.9375	1366.434082
1774.253906	1378.150024
1777.570313	1329.510376
1780.884766	1319.599609
1784.197266	1359.651489
1787.509766	1359.443848
1790.818359	1383.121338
1794.128906	1341.852661
1797.435547	1352.094971
1800.742188	1387.75354
1804.048828	1348.679443
1807.351563	1332.759155
1810.654297	1379.674316
1813.955078	1368.992432
1817.255859	1350.065063
1820.554688	1340.111328
1823.851563	1327.901367
1827.148438	1353.165161
1830.443359	1406.197632
1833.736328	1403.001465
1837.027344	1331.501099
1840.318359	1327.521362
1843.609375	1371.612183
1846.896484	1335.332031
1850.183594	1372.694336
1853.46875	1316.832153
1856.753906	1373.024536
1860.037109	1326.9021
1863.318359	1353.024658
1866.599609	1356.570557
1869.878906	1336.005981
1873.15625	1314.671143
1876.433594	1392.863159
1879.708984	1399.446777
1882.982422	1360.752197
1886.255859	1396.018066
1889.527344	1378.439575
1892.796875	1372.936768
1896.066406	1346.263916
1899.333984	1381.578247
1902.599609	1368.50415
1905.865234	1343.310791
1909.128906	1355.951782
1912.390625	1347.39563
1915.652344	1403.993408
1918.912109	1403.786377
1922.169922	1340.641602
1925.427734	1345.718994
1928.683594	1353.835571
1931.939453	1383.974243
1935.191406	1394.389893
1938.445313	1384.299683
1941.695313	1365.840454
1944.945313	1367.135864
1948.193359	1401.901245
1951.441406	1388.75293
1954.6875	1374.832642
1957.931641	1354.047241
1961.173828	1317.246216
1964.416016	1347.485474
1967.658203	1365.54895
1970.896484	1356.929932
1974.134766	1378.062744
1977.373047	1370.967896
1980.607422	1378.376465
1983.84375	1353.704834
1987.076172	1370.282715
1990.308594	1376.934082
1993.539063	1366.763916
1996.767578	1370.358032
1999.996094	1367.065674
2003.222656	1325.483643
2006.449219	1355.109863
2009.673828	1379.394653
2012.896484	1369.199585
2016.119141	1349.793213
2019.339844	1369.499878
2022.558594	1368.498413
2025.777344	1371.334961
2028.994141	1348.825317
2032.208984	1377.782104
2035.423828	1369.09375
2038.636719	1387.314087
2041.847656	1356.311768
2045.058594	1353.760864
2048.267578	1379.694702
2051.476563	1357.124634
2054.683594	1352.258545
2057.888672	1362.033813
2061.09375	1344.056274
2064.296875	1394.720459
2067.498047	1350.502563
2070.699219	1388.08374
2073.898438	1376.265503
2077.097656	1352.075928
2080.292969	1375.787964
2083.490234	1326.835938
2086.683594	1386.137695
2089.876953	1365.008301
2093.068359	1362.44104
2096.259766	1404.013062
2099.449219	1388.288086
2102.636719	1397.351074
2105.824219	1384.711914
2109.009766	1369.735718
2112.195313	1408.285889
2115.378906	1356.048218
2118.560547	1408.599487
2121.742188	1392.831299
2124.921875	1366.947998
2128.099609	1360.479858
2131.277344	1364.894409
2134.453125	1380.9823
2137.626953	1352.71814
2140.800781	1380.49231
2143.972656	1362.331421
2147.144531	1349.610718
2150.314453	1417.170654
2153.482422	1412.258911
2156.650391	1373.797607
2159.816406	1343.110596
2162.980469	1356.901001
2166.144531	1380.85498
2169.306641	1335.289063
2172.46875	1367.850464
2175.628906	1361.34021
2178.787109	1391.589355
2181.945313	1363.171753
2185.101563	1372.307739
2188.255859	1375.968628
2191.410156	1342.026978
2194.564453	1362.920654
2197.714844	1365.797119
2200.865234	1411.029785
2204.013672	1389.602417
2207.162109	1365.018433
2210.308594	1374.180786
2213.455078	1367.638916
2216.599609	1348.518066
2219.742188	1360.042114
2222.884766	1395.954834
2226.025391	1357.152954
2229.164063	1330.91394
2232.302734	1383.390259
2235.439453	1402.037231
2238.576172	1363.176758
2241.710938	1375.52356
2244.84375	1371.319458
2247.976563	1351.334473
2251.107422	1331.33374
2254.236328	1375.264893
2257.365234	1390.00769
2260.492188	1362.097046
2263.619141	1383.168457
2266.744141	1373.418945
2269.867188	1388.182251
2272.990234	1338.070801
2276.111328	1358.372314
2279.232422	1367.602661
2282.351563	1383.969482
2285.46875	1374.988403
2288.585938	1363.621704
2291.701172	1396.660034
2294.816406	1423.375977
2297.929688	1361.216187
2301.041016	1398.26062
2304.152344	1382.113525
2307.261719	1390.587158
2310.369141	1347.396851
2313.476563	1390.057739
2316.583984	1351.606812
2319.6875	1379.18042
2322.791016	1408.367065
2325.894531	1458.282959
2328.996094	1422.985107
2332.095703	1457.800049
2335.195313	1389.782959
2338.292969	1378.347168
2341.388672	1376.477905
2344.484375	1384.984253
2347.578125	1395.093994
2350.671875	1351.686768
2353.763672	1365.786621
2356.853516	1387.891724
2359.943359	1350.829468
2363.03125	1377.745605
2366.119141	1351.856079
2369.205078	1376.390259
2372.289063	1389.728882
2375.373047	1326.953613
2378.457031	1370.743896
2381.537109	1388.104126
2384.617188	1395.04834
2387.697266	1374.711914
2390.773438	1353.557007
2393.851563	1403.863892
2396.925781	1366.634644
2400	1390.460815
2403.074219	1392.595581
2406.146484	1389.90564
2409.216797	1352.613403
2412.286133	1378.883789
2415.355469	1354.442749
2418.421875	1387.983154
2421.488281	1407.043091
2424.553711	1362.429565
2427.617188	1393.59082
2430.679688	1420.741333
2433.741211	1380.116821
2436.801758	1350.764771
2439.861328	1398.121338
2442.918945	1365.52124
2445.976563	1408.877075
2449.032227	1360.89209
2452.086914	1413.985229
2455.140625	1367.583862
2458.192383	1380.242554
2461.243164	1384.812134
2464.293945	1399.916626
2467.342773	1380.993652
2470.390625	1409.890259
2473.436523	1395.011353
2476.482422	1411.763916
2479.526367	1357.914063
2482.569336	1416.075073
2485.611328	1381.680176
2488.652344	1401.702026
2491.692383	1377.029785
2494.730469	1375.108032
2497.768555	1431.75647
2500.804688	1389.976929
2503.839844	1379.101685
2506.873047	1412.196533
2509.90625	1400.506104
2512.938477	1375.766235
2515.96875	1425.202759
2518.998047	1384.955811
2522.026367	1371.60437
2525.053711	1407.217896
2528.079102	1395.497314
2531.104492	1399.288086
2534.12793	1405.532837
2537.150391	1409.32959
2540.171875	1378.781982
2543.192383	1358.846191
2546.211914	1421.553223
2549.230469	1436.822144
2552.24707	1422.61792
2555.262695	1417.415161
2558.277344	1415.486694
2561.291016	1403.717285
2564.303711	1432.130249
2567.31543	1425.280762
2570.325195	1394.621338
2573.333984	1371.329102
2576.341797	1418.664795
2579.348633	1409.333496
2582.354492	1418.902588
2585.359375	1376.668457
2588.363281	1405.153687
2591.365234	1394.156128
2594.366211	1407.025879
2597.366211	1427.317261
2600.365234	1402.308105
2603.363281	1430.030273
2606.360352	1416.546265
2609.355469	1412.949829
2612.350586	1417.601929
2615.34375	1390.890015
2618.335938	1420.30957
2621.327148	1420.012207
2624.317383	1432.109863
2627.306641	1417.762451
2630.293945	1411.67395
2633.280273	1409.717041
2636.266602	1416.034302
2639.250977	1425.667725
2642.234375	1424.541138
2645.216797	1403.528564
2648.197266	1425.599609
2651.177734	1466.75708
2654.157227	1411.728394
2657.134766	1428.0177
2660.111328	1455.939941
2663.086914	1404.996704
2666.061523	1460.342896
2669.035156	1472.518311
2672.007813	1474.726685
2674.978516	1451.988281
2677.949219	1432.560181
2680.917969	1482.192139
2683.885742	1434.454102
2686.852539	1482.457153
2689.818359	1440.515137
2692.783203	1459.384277
2695.74707	1459.090454
2698.708984	1437.944214
2701.670898	1478.526245
2704.630859	1470.725952
2707.589844	1450.394531
2710.547852	1472.648438
2713.504883	1453.973145
2716.460938	1454.510132
2719.416016	1496.022705
2722.369141	1519.998047
2725.322266	1512.19043
2728.273438	1465.030273
2731.223633	1504.094116
2734.173828	1451.868774
2737.12207	1469.165771
2740.069336	1489.828735
2743.014648	1493.732544
2745.959961	1542.106567
2748.904297	1513.298218
2751.84668	1434.929932
2754.788086	1482.494873
2757.729492	1492.283203
2760.668945	1497.034912
2763.607422	1474.882202
2766.544922	1452.712769
2769.481445	1496.162598
2772.416016	1491.661743
2775.350586	1479.578247
2778.28418	1498.654907
2781.21582	1471.395386
2784.146484	1459.290161
2787.077148	1480.06604
2790.005859	1444.332153
2792.933594	1482.840332
2795.860352	1463.965942
2798.785156	1470.414795
2801.709961	1541.079712
2804.633789	1462.195801
2807.555664	1475.414185
2810.477539	1455.655029
2813.397461	1492.571655
2816.316406	1481.267944
2819.234375	1501.2854
2822.151367	1473.881836
2825.067383	1557.463135
2827.982422	1523.277954
2830.896484	1536.55481
2833.80957	1523.543701
2836.720703	1528.343628
2839.631836	1572.196899
2842.541016	1639.010986
2845.450195	1743.253296
2848.357422	1769.385132
2851.263672	1848.245605
2854.168945	1912.7052
2857.073242	1922.761597
2859.976563	1957.50647
2862.878906	1973.54541
2865.779297	2102.02124
2868.679688	2125.791992
2871.579102	2252.711426
2874.476563	2306.395752
2877.374023	2285.911865
2880.269531	2332.820313
2883.164063	2370.372803
2886.057617	2345.618896
2888.950195	2336.22168
2891.841797	2361.852051
2894.732422	2383.226318
2897.62207	2412.311768
2900.510742	2415.754639
2903.398438	2487.659424
2906.28418	2546.774902
2909.169922	2601.650879
2912.053711	2640.289307
2914.9375	2740.658447
2917.819336	2778.516846
2920.700195	2867.858887
2923.581055	2928.095459
2926.459961	2962.628174
2929.337891	3035.819824
2932.214844	3012.012939
2935.09082	3065.513184
2937.96582	3009.03833
2940.838867	2933.606445
2943.711914	2847.797852
2946.583984	2783.437012
2949.454102	2673.4104
2952.324219	2561.581543
2955.193359	2537.528809
2958.060547	2454.003418
2960.926758	2460.062012
2963.792969	2452.328125
2966.657227	2379.030762
2969.520508	2431.664063
2972.382813	2328.956055
2975.244141	2322.888184
2978.104492	2283.125977
2980.963867	2213.089111
2983.822266	2154.239258
2986.679688	2109.182861
2989.536133	2090.911133
2992.390625	2031.952271
2995.245117	1972.084595
2998.098633	1868.006226
3000.950195	1815.83252
3003.801758	1743.687988
3006.651367	1765.122314
3009.500977	1691.172241
3012.348633	1657.944824
3015.195313	1635.10791
3018.041992	1617.463379
3020.886719	1602.411255
3023.730469	1592.561035
3026.573242	1549.676025
3029.415039	1538.060059
3032.255859	1543.830811
3035.095703	1573.967407
3037.93457	1578.884033
3040.772461	1603.829834
3043.609375	1594.823853
3046.445313	1595.395508
3049.280273	1572.433105
3052.114258	1552.941528
3054.946289	1578.793335
3057.77832	1602.918213
3060.609375	1601.746216
3063.438477	1621.529907
3066.267578	1619.489502
3069.094727	1593.854004
3071.921875	1575.192993
3074.74707	1567.886108
3077.572266	1536.954956
3080.395508	1527.003296
3083.21875	1530.174805
3086.040039	1512.331665
3088.860352	1482.21106
3091.679688	1500.266602
3094.499023	1550.770142
3097.316406	1500.460205
3100.132813	1481.695557
3102.948242	1496.265015
3105.762695	1490.653076
3108.576172	1503.479004
3111.388672	1474.145142
3114.201172	1480.821777
3117.011719	1473.436768
3119.821289	1499.46521
3122.629883	1477.124878
3125.436523	1480.290527
3128.243164	1505.467896
3131.048828	1512.168091
3133.853516	1460.725464
3136.657227	1459.481934
3139.459961	1444.130737
3142.261719	1501.088745
3145.0625	1476.918091
3147.861328	1482.737793
3150.660156	1477.966553
3153.458008	1464.359497
3156.254883	1481.665649
3159.049805	1486.610107
3161.844727	1485.368652
3164.638672	1491.201782
3167.430664	1497.92334
3170.222656	1475.441528
3173.013672	1498.984253
3175.802734	1476.486206
3178.591797	1484.096802
3181.379883	1457.145142
3184.166016	1481.600098
3186.952148	1488.332642
3189.737305	1471.113037
3192.520508	1482.283936
3195.303711	1502.341553
3198.084961	1480.666504
3200.866211	1468.231323
