399.363281	1248.311523
403.25	1255.212036
407.134766	1252.57605
411.017578	1197.75061
414.898438	1235.835449
418.777344	1245.289063
422.654297	1205.044678
426.53125	1229.155518
430.404297	1230.963745
434.277344	1205.973755
438.148438	1189.898804
442.017578	1192.329834
445.884766	1197.957275
449.751953	1181.856812
453.615234	1182.368164
457.478516	1176.482178
461.339844	1194.271362
465.199219	1179.420532
469.056641	1208.755981
472.912109	1175.313354
476.765625	1171.974365
480.619141	1187.874023
484.470703	1167.853271
488.320313	1177.986694
492.167969	1190.055176
496.013672	1200.206299
499.857422	1218.721924
503.699219	1211.53064
507.541016	1201.759521
511.380859	1247.330688
515.21875	1203.439453
519.054688	1221.994629
522.888672	1206.409668
526.720703	1235.941772
530.552734	1254.533936
534.380859	1211.839966
538.208984	1227.854736
542.035156	1232.257813
545.859375	1190.144165
549.683594	1211.986816
553.503906	1232.554443
557.324219	1224.673706
561.140625	1192.838501
564.957031	1209.538452
568.773438	1196.454346
572.585938	1219.001953
576.396484	1232.491821
580.207031	1165.564453
584.015625	1186.180176
587.820313	1182.144653
591.626953	1198.238281
595.429688	1201.350708
599.230469	1209.015625
603.03125	1179.620361
606.828125	1158.65686
610.625	1187.790161
614.419922	1199.367676
618.214844	1179.6875
622.005859	1212.124634
625.796875	1210.035278
629.583984	1214.466064
633.371094	1206.502686
637.15625	1215.504639
640.941406	1245.412476
644.722656	1234.184082
648.503906	1204.644165
652.283203	1220.852417
656.060547	1245.578613
659.835938	1221.240479
663.609375	1233.546997
667.382813	1251.103882
671.152344	1258.190552
674.921875	1227.258911
678.689453	1255.984253
682.455078	1254.551025
686.220703	1245.89563
689.982422	1275.978027
693.744141	1279.149292
697.503906	1248.80249
701.261719	1242.101074
705.017578	1264.337769
708.773438	1303.703735
712.525391	1297.015991
716.277344	1313.375488
720.027344	1323.159058
723.775391	1337.565063
727.523438	1317.688721
731.267578	1341.340942
735.011719	1314.848022
738.753906	1331.254517
742.494141	1323.231445
746.232422	1340.315674
749.970703	1354.108032
753.707031	1347.40625
757.439453	1341.360229
761.171875	1365.761841
764.904297	1318.654663
768.632813	1402.699585
772.361328	1400.642334
776.087891	1389.298828
779.8125	1442.961548
783.535156	1446.227295
787.255859	1416.295776
790.976563	1382.352783
794.695313	1397.557739
798.412109	1364.907104
802.126953	1403.395874
805.839844	1384.027222
809.552734	1429.878296
813.263672	1409.171631
816.972656	1395.109619
820.679688	1421.693115
824.384766	1446.29834
828.089844	1432.900024
831.791016	1424.828979
835.492188	1382.700562
839.193359	1405.993408
842.890625	1406.586304
846.587891	1413.864258
850.28125	1443.886353
853.974609	1435.128052
857.666016	1445.772705
861.357422	1420.936035
865.044922	1426.893555
868.732422	1438.217285
872.417969	1437.481689
876.101563	1424.671509
879.785156	1423.928833
883.464844	1403.045654
887.144531	1409.008301
890.822266	1411.616333
894.5	1424.980591
898.173828	1454.494385
901.847656	1413.396362
905.519531	1401.875854
909.189453	1391.018555
912.857422	1399.685303
916.523438	1412.4021
920.189453	1392.096436
923.853516	1375.819824
927.515625	1406.08374
931.177734	1387.773682
934.835938	1405.912354
938.494141	1435.550293
942.150391	1390.194946
945.804688	1400.24292
949.458984	1390.683228
953.109375	1404.122437
956.759766	1406.064087
960.408203	1402.588989
964.056641	1391.657715
967.701172	1391.562012
971.345703	1416.555542
974.988281	1416.46936
978.628906	1438.778809
982.267578	1450.243286
985.90625	1405.340332
989.542969	1452.134644
993.177734	1443.903564
996.810547	1424.10376
1000.443359	1505.662354
1004.074219	1539.6427
1007.703125	1463.338867
1011.330078	1425.800659
1014.955078	1415.491089
1018.580078	1411.990356
1022.203125	1440.543945
1025.824219	1423.402832
1029.443359	1438.331299
1033.0625	1445.07666
1036.679688	1447.728027
1040.294922	1474.987061
1043.908203	1466.711792
1047.519531	1442.695679
1051.130859	1443.980225
1054.740234	1431.572632
1058.347656	1457.509888
1061.953125	1472.505127
1065.558594	1483.399414
1069.162109	1470.986084
1072.763672	1501.783691
1076.363281	1518.193237
1079.962891	1514.703857
1083.560547	1485.108398
1087.15625	1480.914307
1090.75	1543.402344
1094.34375	1509.654053
1097.933594	1564.636475
1101.523438	1486.126099
1105.113281	1486.742188
1108.699219	1495.625244
1112.285156	1470.744629
1115.869141	1486.522461
1119.451172	1518.177612
1123.03125	1539.50769
1126.611328	1555.332397
1130.189453	1502.107422
1133.765625	1484.074341
1137.341797	1483.305786
1140.914063	1485.993652
1144.486328	1465.85498
1148.056641	1479.609985
1151.626953	1487.837158
1155.193359	1481.525635
1158.759766	1530.641357
1162.324219	1484.829224
1165.888672	1564.49939
1169.449219	1513.112427
1173.009766	1552.604004
1176.568359	1556.021973
1180.125	1526.100098
1183.681641	1548.271851
1187.236328	1533.615723
1190.789063	1545.37561
1194.339844	1559.232178
1197.890625	1574.491943
1201.439453	1563.998901
1204.986328	1624.553589
1208.53125	1629.404053
1212.076172	1616.827759
1215.619141	1665.620239
1219.160156	1683.750122
1222.699219	1666.292847
1226.238281	1708.181152
1229.775391	1722.856323
1233.310547	1684.424438
1236.84375	1727.768921
1240.376953	1737.572388
1243.908203	1753.681519
1247.4375	1730.598999
1250.964844	1750.21936
1254.492188	1692.082764
1258.017578	1715.207397
1261.541016	1726.429565
1265.064453	1760.810547
1268.583984	1737.671265
1272.103516	1696.960205
1275.623047	1766.489136
1279.138672	1737.700928
1282.654297	1727.86853
1286.167969	1763.738525
1289.679688	1778.531494
1293.191406	1844.714966
1296.701172	1841.949585
1300.208984	1810.301025
1303.714844	1890.671143
1307.220703	1915.413696
1310.722656	1817.460327
1314.226563	1868.297485
1317.726563	1889.530518
1321.226563	1920.666138
1324.724609	1886.836548
1328.220703	1933.542969
1331.714844	1939.281616
1335.208984	1942.19519
1338.701172	1918.930664
1342.191406	1939.533813
1345.681641	1921.91333
1349.169922	1877.3573
1352.65625	1857.569946
1356.140625	1840.601929
1359.625	1783.189331
1363.107422	1902.418091
1366.587891	1842.143311
1370.068359	1844.314087
1373.544922	1896.928833
1377.021484	1813.121948
1380.498047	1838.0354
1383.970703	1860.834595
1387.443359	1847.359375
1390.914063	1835.296509
1394.384766	1821.086792
1397.851563	1833.227051
1401.318359	1856.068237
1404.785156	1806.908081
1408.248047	1820.482666
1411.710938	1844.058838
1415.171875	1852.661011
1418.630859	1856.984375
1422.089844	1904.181641
1425.546875	1877.077148
1429.001953	1871.402954
1432.457031	1911.508301
1435.908203	1953.077026
1439.361328	1998.258789
1442.810547	1986.892578
1446.257813	2062.218506
1449.705078	1993.521118
1453.152344	2020.862427
1456.595703	2001.59314
1460.039063	1998.097412
1463.480469	2013.266235
1466.919922	1963.800903
1470.359375	1919.325073
1473.796875	1937.354492
1477.232422	1946.048828
1480.666016	1946.116333
1484.099609	1944.743774
1487.53125	1939.769653
1490.962891	1866.360107
1494.390625	1890.173706
1497.818359	1891.658081
1501.246094	1869.34375
1504.669922	1838.352905
1508.09375	1833.320679
1511.515625	1888.937866
1514.935547	1850.692383
1518.355469	1849.270874
1521.773438	1844.956055
1525.189453	1894.880005
1528.605469	1886.237915
1532.019531	1932.598633
1535.431641	1891.378906
1538.841797	1931.258423
1542.251953	1893.627441
1545.660156	1937.16394
1549.068359	1969.855957
1552.472656	2023.615356
1555.876953	2054.915771
1559.28125	2028.14856
1562.681641	2021.699707
1566.082031	1998.530151
1569.480469	2046.590576
1572.878906	2076.505859
1576.273438	2114.448486
1579.667969	2082.542236
1583.0625	2032.404541
1586.453125	2095.87085
1589.84375	2063.916992
1593.234375	2015.897095
1596.621094	2037.857666
1600.007813	2078.076904
1603.392578	2041.682739
1606.777344	2030.817383
1610.160156	2028.709351
1613.541016	2052.178223
1616.919922	2019.368774
1620.298828	2015.057861
1623.675781	2041.474731
1627.050781	2010.083984
1630.425781	1996.242798
1633.798828	2003.635132
1637.169922	1996.375122
1640.541016	2068.291992
1643.910156	2024.377441
1647.277344	2097.095703
1650.642578	2084.721191
1654.007813	2069.398682
1657.371094	2081.245361
1660.734375	2065.908203
1664.09375	2064.527588
1667.453125	2074.913818
1670.8125	2077.949707
1674.167969	2010.320801
1677.523438	2040.579224
1680.878906	2045.813477
1684.230469	2009.042969
1687.582031	2007.632202
1690.933594	1961.965088
1694.28125	1967.912231
1697.628906	1958.362061
1700.974609	1965.050049
1704.320313	1908.948486
1707.664063	1913.404053
1711.005859	1924.516602
1714.345703	1909.01062
1717.685547	1872.773682
1721.023438	1880.921143
1724.361328	1879.447754
1727.695313	1880.936035
1731.03125	1887.612793
1734.363281	1874.276367
1737.695313	1866.12085
1741.025391	1907.672119
1744.353516	1875.026855
1747.681641	1884.682617
1751.007813	1899.545654
1754.332031	1859.425049
1757.65625	1867.597778
1760.978516	1857.926025
1764.298828	1829.644775
1767.619141	1867.588257
1770.9375	1877.264526
1774.253906	1886.94812
1777.570313	1895.148438
1780.884766	1873.533325
1784.197266	1863.088013
1787.509766	1883.22522
1790.818359	1909.349365
1794.128906	1866.795532
1797.435547	1913.102295
1800.742188	1915.354004
1804.048828	1841.351196
1807.351563	1910.13855
1810.654297	1868.246704
1813.955078	1863.74585
1817.255859	1904.168213
1820.554688	1882.448242
1823.851563	1957.380615
1827.148438	1887.684204
1830.443359	1882.42981
1833.736328	1885.423828
1837.027344	1924.446899
1840.318359	1859.88147
1843.609375	1857.610596
1846.896484	1895.916016
1850.183594	1883.132202
1853.46875	1916.964722
1856.753906	1919.977417
1860.037109	1933.528931
1863.318359	1855.232544
1866.599609	1873.287598
1869.878906	1898.138306
1873.15625	1899.639526
1876.433594	1897.370728
1879.708984	1942.628174
1882.982422	1910.185059
1886.255859	1939.626953
1889.527344	1945.677002
1892.796875	1898.838867
1896.066406	1931.333252
1899.333984	1941.166626
1902.599609	1841.315186
1905.865234	1960.855347
1909.128906	1895.758423
1912.390625	1951.034912
1915.652344	1932.100952
1918.912109	1919.973511
1922.169922	1920.726929
1925.427734	1910.101685
1928.683594	1936.65271
1931.939453	1948.040527
1935.191406	1912.349609
1938.445313	1900.942871
1941.695313	1945.011597
1944.945313	1954.137573
1948.193359	1950.338989
1951.441406	1910.010864
1954.6875	1945.015259
1957.931641	1900.08313
1961.173828	1929.015259
1964.416016	1958.731812
1967.658203	1938.149292
1970.896484	1952.636719
1974.134766	1966.371826
1977.373047	1941.950073
1980.607422	1948.818115
1983.84375	1934.300659
1987.076172	1982.439087
1990.308594	1925.872803
1993.539063	1908.268677
1996.767578	2011.541748
1999.996094	1930.425293
2003.222656	1965.636353
2006.449219	1926.569458
2009.673828	1977.89856
2012.896484	1971.003418
2016.119141	1970.237915
2019.339844	2016.272095
2022.558594	2016.290161
2025.777344	1947.203491
2028.994141	1954.875
2032.208984	1957.941406
2035.423828	1950.247559
2038.636719	1970.232056
2041.847656	1981.769165
2045.058594	1980.231201
2048.267578	1967.142822
2051.476563	1980.231201
2054.683594	1972.525269
2057.888672	1949.396484
2061.09375	1945.527222
2064.296875	1922.369141
2067.498047	1973.277222
2070.699219	1991.02771
2073.898438	2011.108521
2077.097656	2001.072388
2080.292969	1946.971924
2083.490234	1988.70752
2086.683594	1983.290771
2089.876953	1985.607422
2093.068359	1960.057251
2096.259766	1975.530762
2099.449219	1944.532959
2102.636719	1952.261353
2105.824219	1972.400391
2109.009766	1966.959106
2112.195313	2001.084961
2115.378906	1986.335083
2118.560547	1987.880249
2121.742188	1959.907104
2124.921875	1921.809204
2128.099609	1953.649048
2131.277344	1977.73584
2134.453125	1958.271729
2137.626953	2012.732422
2140.800781	1959.006592
2143.972656	1994.814697
2147.144531	1979.221313
2150.314453	1977.646851
2153.482422	1944.877686
2156.650391	1958.890259
2159.816406	1969.011108
2162.980469	2016.614136
2166.144531	2014.267578
2169.306641	1932.223389
2172.46875	2004.096313
2175.628906	1978.282959
2178.787109	1954.013672
2181.945313	1974.32959
2185.101563	1958.650391
2188.255859	1975.85022
2191.410156	1964.859131
2194.564453	1927.99585
2197.714844	1970.291626
2200.865234	1967.127686
2204.013672	1946.698853
2207.162109	1967.070801
2210.308594	1999.236694
2213.455078	1998.433838
2216.599609	1979.55542
2219.742188	1962.234253
2222.884766	1997.591675
2226.025391	2055.791748
2229.164063	1975.513794
2232.302734	2018.001953
2235.439453	1984.906616
2238.576172	1988.819824
2241.710938	1944.651367
2244.84375	1990.345215
2247.976563	2009.252075
2251.107422	2008.443604
2254.236328	2040.792114
2257.365234	2013.141724
2260.492188	1972.828491
2263.619141	1982.277954
2266.744141	2040.756592
2269.867188	2008.31604
2272.990234	1995.632446
2276.111328	2008.269653
2279.232422	1967.859009
2282.351563	2001.091431
2285.46875	2008.196289
2288.585938	2070.009521
2291.701172	2048.593262
2294.816406	2020.019653
2297.929688	2052.539551
2301.041016	2089.053711
2304.152344	2033.454468
2307.261719	2038.203491
2310.369141	2012.748535
2313.476563	1975.345337
2316.583984	2004.737671
2319.6875	1979.23938
2322.791016	2069.161133
2325.894531	2105.789307
2328.996094	2132.087402
2332.095703	2089.858887
2335.195313	2025.271851
2338.292969	1959.837402
2341.388672	2013.248535
2344.484375	2032.374634
2347.578125	2057.104736
2350.671875	1997.971924
2353.763672	1992.338257
2356.853516	1992.296143
2359.943359	2054.636475
2363.03125	2010.612427
2366.119141	2000.170776
2369.205078	2037.762207
2372.289063	2011.302124
2375.373047	2065.752686
2378.457031	2007.218018
2381.537109	2052.886475
2384.617188	2036.016479
2387.697266	2050.431396
2390.773438	2016.6875
2393.851563	1995.767578
2396.925781	2010.182251
2400	2035.055908
2403.074219	2064.772217
2406.146484	2052.68457
2409.216797	2007.596924
2412.286133	2055.043945
2415.355469	2046.158691
2418.421875	2080.766357
2421.488281	2051.736328
2424.553711	2032.358032
2427.617188	2052.481934
2430.679688	2026.633911
2433.741211	2063.718506
2436.801758	2072.572266
2439.861328	2032.162476
2442.918945	2074.946045
2445.976563	2023.189453
2449.032227	2076.512695
2452.086914	2067.589355
2455.140625	2057.040283
2458.192383	2081.29248
2461.243164	2039.965942
2464.293945	2039.924927
2467.342773	2074.732422
2470.390625	2035.787476
2473.436523	2001.679077
2476.482422	2055.171387
2479.526367	2003.187012
2482.569336	2041.291626
2485.611328	2055.868652
2488.652344	2038.765381
2491.692383	2032.216309
2494.730469	2019.969482
2497.768555	2061.404053
2500.804688	2062.992676
2503.839844	2045.043457
2506.873047	2037.667603
2509.90625	2063.689453
2512.938477	2076.689697
2515.96875	2071.762207
2518.998047	2052.964355
2522.026367	2063.526123
2525.053711	2047.15918
2528.079102	2057.725586
2531.104492	2046.244385
2534.12793	2091.955811
2537.150391	2062.493408
2540.171875	2089.435303
2543.192383	2109.852051
2546.211914	2095.092773
2549.230469	2034.474731
2552.24707	2071.272705
2555.262695	2126.122803
2558.277344	2129.377197
2561.291016	2099.016357
2564.303711	2104.7229
2567.31543	2080.893555
2570.325195	2053.762451
2573.333984	2105.44165
2576.341797	2132.515137
2579.348633	2139.064209
2582.354492	2065.876221
2585.359375	2129.970947
2588.363281	2106.085205
2591.365234	2138.968018
2594.366211	2070.608643
2597.366211	2138.916992
2600.365234	2099.342529
2603.363281	2139.687988
2606.360352	2117.398682
2609.355469	2122.311768
2612.350586	2156.108154
2615.34375	2151.133057
2618.335938	2177.532715
2621.327148	2127.953125
2624.317383	2137.835205
2627.306641	2136.150635
2630.293945	2159.273926
2633.280273	2146.840088
2636.266602	2120.327393
2639.250977	2158.371582
2642.234375	2137.639893
2645.216797	2163.290039
2648.197266	2102.759521
2651.177734	2106.856934
2654.157227	2139.158203
2657.134766	2124.186768
2660.111328	2186.400146
2663.086914	2146.522705
2666.061523	2116.583496
2669.035156	2176.368652
2672.007813	2120.646973
2674.978516	2138.065186
2677.949219	2150.50415
2680.917969	2202.898682
2683.885742	2162.087891
2686.852539	2197.034668
2689.818359	2165.355225
2692.783203	2181.992188
2695.74707	2172.794189
2698.708984	2178.602295
2701.670898	2174.401367
2704.630859	2199.411377
2707.589844	2179.349121
2710.547852	2177.648438
2713.504883	2214.384521
2716.460938	2247.803223
2719.416016	2236.089844
2722.369141	2214.328369
2725.322266	2232.719482
2728.273438	2207.591309
2731.223633	2279.590332
2734.173828	2197.490967
2737.12207	2179.025146
2740.069336	2204.141602
2743.014648	2235.147217
2745.959961	2216.67334
2748.904297	2262.812988
2751.84668	2178.003662
2754.788086	2193.924316
2757.729492	2204.814697
2760.668945	2188.814697
2763.607422	2219.050293
2766.544922	2171.919189
2769.481445	2166.827148
2772.416016	2209.713379
2775.350586	2170.946289
2778.28418	2225.658447
2781.21582	2230.689209
2784.146484	2212.118652
2787.077148	2170.763428
2790.005859	2169.029053
2792.933594	2223.838379
2795.860352	2217.899902
2798.785156	2270.232666
2801.709961	2231.35498
2804.633789	2190.758057
2807.555664	2227.917725
2810.477539	2284.557861
2813.397461	2248.164795
2816.316406	2255.759521
2819.234375	2284.527832
2822.151367	2251.481445
2825.067383	2203.157959
2827.982422	2254.824463
2830.896484	2345.535645
2833.80957	2250.5354
2836.720703	2292.939697
2839.631836	2383.762939
2842.541016	2461.91333
2845.450195	2492.546387
2848.357422	2631.981689
2851.263672	2642.294189
2854.168945	2705.342529
2857.073242	2728.449707
2859.976563	2771.999268
2862.878906	2828.351074
2865.779297	2877.077881
2868.679688	2985.480957
2871.579102	3021.51416
2874.476563	3119.815918
2877.374023	3155.923096
2880.269531	3145.126221
2883.164063	3089.935059
2886.057617	3136.315186
2888.950195	3160.519531
2891.841797	3173.631836
2894.732422	3221.800537
2897.62207	3240.929443
2900.510742	3286.589844
2903.398438	3289.495361
2906.28418	3342.053467
2909.169922	3362.107178
2912.053711	3510.676514
2914.9375	3570.226074
2917.819336	3566.377686
2920.700195	3658.578125
2923.581055	3719.959473
2926.459961	3773.660645
2929.337891	3795.633301
2932.214844	3872.588135
2935.09082	3913.512695
2937.96582	3930.400391
2940.838867	3844.124756
2943.711914	3690.697754
2946.583984	3631.804443
2949.454102	3484.212891
2952.324219	3404.535645
2955.193359	3317.90918
2958.060547	3308.768555
2960.926758	3315.998047
2963.792969	3249.075928
2966.657227	3265.776123
2969.520508	3207.415039
2972.382813	3126.567383
2975.244141	3071.566406
2978.104492	3032.937988
2980.963867	2977.862305
2983.822266	2943.493164
2986.679688	2865.859863
2989.536133	2848.726074
2992.390625	2816.867188
2995.245117	2763.342285
2998.098633	2655.218994
3000.950195	2651.843262
3003.801758	2584.332764
3006.651367	2575.726074
3009.500977	2473.447754
3012.348633	2429.223145
3015.195313	2420.549805
3018.041992	2407.528564
3020.886719	2365.836426
3023.730469	2362.342285
3026.573242	2389.264893
3029.415039	2313.611084
3032.255859	2314.441406
3035.095703	2314.4021
3037.93457	2327.417725
3040.772461	2291.683105
3043.609375	2363.927734
3046.445313	2344.734863
3049.280273	2365.622803
3052.114258	2341.183594
3054.946289	2403.952881
3057.77832	2355.949463
3060.609375	2433.606934
3063.438477	2350.650635
3066.267578	2365.468018
3069.094727	2338.351563
3071.921875	2324.327393
3074.74707	2355.76416
3077.572266	2331.238037
3080.395508	2348.697266
3083.21875	2286.508545
3086.040039	2296.95752
3088.860352	2303.909668
3091.679688	2288.081787
3094.499023	2326.593506
3097.316406	2259.021484
3100.132813	2272.98584
3102.948242	2242.203613
3105.762695	2232.468018
3108.576172	2281.564453
3111.388672	2240.208496
3114.201172	2248.036865
3117.011719	2268.178223
3119.821289	2209.182861
3122.629883	2244.279785
3125.436523	2210.754883
3128.243164	2272.288086
3131.048828	2228.180176
3133.853516	2269.498779
3136.657227	2224.476074
3139.459961	2289.625977
3142.261719	2236.639893
3145.0625	2209.201172
3147.861328	2234.697754
3150.660156	2242.553711
3153.458008	2251.298096
3156.254883	2250.329346
3159.049805	2191.026367
3161.844727	2291.71167
3164.638672	2204.077637
3167.430664	2209.282227
3170.222656	2266.709961
3173.013672	2213.503174
3175.802734	2240.85791
3178.591797	2251.396973
3181.379883	2210.5354
3184.166016	2281.362793
3186.952148	2163.31543
3189.737305	2275.877441
3192.520508	2203.898926
3195.303711	2214.444336
3198.084961	2250.755127
3200.866211	2277.401855
