399.363281	920.343689
403.25	923.922546
407.134766	886.790771
411.017578	891.630493
414.898438	863.365723
418.777344	841.445923
422.654297	862.840027
426.53125	878.514709
430.404297	859.76123
434.277344	844.181641
438.148438	833.695129
442.017578	845.551514
445.884766	811.416382
449.751953	814.96344
453.615234	836.418335
457.478516	819.507141
461.339844	814.741333
465.199219	845.187378
469.056641	830.819519
472.912109	819.002441
476.765625	839.231079
480.619141	794.054077
484.470703	838.030945
488.320313	822.985779
492.167969	801.505066
496.013672	851.966553
499.857422	849.120056
503.699219	841.126404
507.541016	833.12561
511.380859	846.356995
515.21875	867.970215
519.054688	862.54657
522.888672	856.473511
526.720703	866.513184
530.552734	828.830933
534.380859	840.15741
538.208984	853.430054
542.035156	869.297241
545.859375	847.057007
549.683594	835.786072
553.503906	839.378662
557.324219	833.916748
561.140625	833.627747
564.957031	810.028137
568.773438	809.080322
572.585938	806.187317
576.396484	801.994934
580.207031	816.608582
584.015625	783.865234
587.820313	806.922424
591.626953	815.711243
595.429688	792.670593
599.230469	772.859985
603.03125	805.055115
606.828125	806.050476
610.625	781.663513
614.419922	789.160461
618.214844	795.36084
622.005859	807.431396
625.796875	827.987488
629.583984	808.774414
633.371094	814.340332
637.15625	810.118835
640.941406	811.771179
644.722656	817.344788
648.503906	778.475952
652.283203	826.543884
656.060547	810.541992
659.835938	820.050537
663.609375	813.198181
667.382813	822.715454
671.152344	832.895935
674.921875	836.528992
678.689453	846.723572
682.455078	843.147522
686.220703	867.794495
689.982422	822.194824
693.744141	831.742737
697.503906	873.504456
701.261719	846.916931
705.017578	855.829041
708.773438	870.013306
712.525391	860.507568
716.277344	893.14801
720.027344	905.388672
723.775391	890.611328
727.523438	917.369934
731.267578	876.853027
735.011719	890.426697
738.753906	894.766785
742.494141	941.390381
746.232422	936.502625
749.970703	910.452515
753.707031	892.317688
757.439453	909.239746
761.171875	922.203735
764.904297	911.997681
768.632813	935.574768
772.361328	937.959717
776.087891	957.588318
779.8125	993.15564
783.535156	992.912354
787.255859	1007.94043
790.976563	959.875
794.695313	954.300049
798.412109	963.346497
802.126953	957.102661
805.839844	943.533875
809.552734	947.926758
813.263672	972.967773
816.972656	986.703613
820.679688	967.124634
824.384766	968.199768
828.089844	958.602112
831.791016	960.341431
835.492188	980.776062
839.193359	941.113892
842.890625	938.837952
846.587891	964.636475
850.28125	956.348999
853.974609	976.154663
857.666016	971.880554
861.357422	987.021545
865.044922	955.281799
868.732422	944.960999
872.417969	952.733887
876.101563	996.062683
879.785156	959.575012
883.464844	938.496521
887.144531	940.234375
890.822266	962.801575
894.5	944.385742
898.173828	943.437622
901.847656	959.306641
905.519531	911.925964
909.189453	904.902649
912.857422	934.919739
916.523438	934.638245
920.189453	912.783813
923.853516	911.81781
927.515625	893.308472
931.177734	942.957092
934.835938	927.821106
938.494141	920.77887
942.150391	942.791382
945.804688	922.90271
949.458984	911.790344
953.109375	914.202148
956.759766	896.306641
960.408203	906.163269
964.056641	907.21991
967.701172	944.201538
971.345703	926.965759
974.988281	946.348083
978.628906	932.491577
982.267578	922.696899
985.90625	934.629395
989.542969	927.545044
993.177734	936.090027
996.810547	962.324158
1000.443359	989.940674
1004.074219	1014.8573
1007.703125	962.167419
1011.330078	940.088318
1014.955078	923.442627
1018.580078	911.555359
1022.203125	894.883362
1025.824219	921.185913
1029.443359	947.510132
1033.0625	924.002258
1036.679688	905.257019
1040.294922	907.000854
1043.908203	893.702698
1047.519531	906.387756
1051.130859	912.92395
1054.740234	926.996338
1058.347656	916.423035
1061.953125	940.100952
1065.558594	914.443054
1069.162109	942.253967
1072.763672	952.936279
1076.363281	932.741699
1079.962891	959.220886
1083.560547	969.922791
1087.15625	907.790161
1090.75	954.228271
1094.34375	961.50177
1097.933594	966.716919
1101.523438	961.611023
1105.113281	962.009644
1108.699219	937.607483
1112.285156	933.860779
1115.869141	930.110718
1119.451172	963.604736
1123.03125	964.693787
1126.611328	957.49939
1130.189453	945.464355
1133.765625	958.291931
1137.341797	907.539856
1140.914063	896.159973
1144.486328	904.831665
1148.056641	907.28186
1151.626953	929.119324
1155.193359	926.732666
1158.759766	922.958008
1162.324219	940.669128
1165.888672	918.865967
1169.449219	944.221008
1173.009766	956.409607
1176.568359	967.913696
1180.125	978.732361
1183.681641	968.71228
1187.236328	944.779602
1190.789063	934.041199
1194.339844	950.428955
1197.890625	977.966919
1201.439453	962.35376
1204.986328	1012.211121
1208.53125	1000.780212
1212.076172	1006.072632
1215.619141	1021.134033
1219.160156	1018.065247
1222.699219	1061.066284
1226.238281	1055.217407
1229.775391	1068.925537
1233.310547	1076.354126
1236.84375	1087.984009
1240.376953	1072.342407
1243.908203	1104.973267
1247.4375	1147.431885
1250.964844	1103.779785
1254.492188	1093.022461
1258.017578	1115.901123
1261.541016	1100.230713
1265.064453	1083.845581
1268.583984	1062.534058
1272.103516	1112.116211
1275.623047	1058.488647
1279.138672	1087.731934
1282.654297	1092.395264
1286.167969	1094.249268
1289.679688	1105.953857
1293.191406	1130.33667
1296.701172	1133.615723
1300.208984	1155.211548
1303.714844	1179.643555
1307.220703	1200.570313
1310.722656	1183.429688
1314.226563	1197.31897
1317.726563	1197.102661
1321.226563	1195.473389
1324.724609	1171.237305
1328.220703	1178.782837
1331.714844	1215.320801
1335.208984	1205.207764
1338.701172	1211.360352
1342.191406	1210.438965
1345.681641	1154.281006
1349.169922	1128.539673
1352.65625	1115.53418
1356.140625	1103.226685
1359.625	1122.118408
1363.107422	1132.51001
1366.587891	1120.903442
1370.068359	1124.200684
1373.544922	1096.950562
1377.021484	1147.860474
1380.498047	1129.840698
1383.970703	1086.909424
1387.443359	1096.602783
1390.914063	1126.948975
1394.384766	1116.012085
1397.851563	1112.190918
1401.318359	1106.940918
1404.785156	1082.433472
1408.248047	1080.019897
1411.710938	1107.577148
1415.171875	1120.877808
1418.630859	1127.760864
1422.089844	1107.497803
1425.546875	1116.524902
1429.001953	1154.878052
1432.457031	1131.73877
1435.908203	1175.138306
1439.361328	1183.490479
1442.810547	1218.350464
1446.257813	1246.072998
1449.705078	1242.276855
1453.152344	1239.19458
1456.595703	1251.892456
1460.039063	1235.174438
1463.480469	1209.826538
1466.919922	1246.230713
1470.359375	1179.907104
1473.796875	1178.946655
1477.232422	1158.567871
1480.666016	1130.258301
1484.099609	1145.110107
1487.53125	1123.971924
1490.962891	1100.655396
1494.390625	1101.820679
1497.818359	1099.38208
1501.246094	1070.256958
1504.669922	1068.524536
1508.09375	1091.331055
1511.515625	1044.836792
1514.935547	1079.209351
1518.355469	1074.58606
1521.773438	1090.201294
1525.189453	1071.83667
1528.605469	1105.551025
1532.019531	1055.329224
1535.431641	1097.028687
1538.841797	1099.643799
1542.251953	1121.827515
1545.660156	1158.528442
1549.068359	1161.895874
1552.472656	1193.562988
1555.876953	1167.186401
1559.28125	1183.631226
1562.681641	1171.03125
1566.082031	1199.118164
1569.480469	1223.592163
1572.878906	1210.992065
1576.273438	1195.471069
1579.667969	1241.081543
1583.0625	1208.082886
1586.453125	1193.998047
1589.84375	1167.512329
1593.234375	1182.5625
1596.621094	1150.944702
1600.007813	1170.377563
1603.392578	1197.855347
1606.777344	1225.354736
1610.160156	1214.887939
1613.541016	1192.718994
1616.919922	1179.305542
1620.298828	1224.394531
1623.675781	1202.201782
1627.050781	1163.154907
1630.425781	1156.297607
1633.798828	1205.843994
1637.169922	1224.64856
1640.541016	1228.804443
1643.910156	1251.300049
1647.277344	1240.793945
1650.642578	1224.406616
1654.007813	1258.676147
1657.371094	1284.891602
1660.734375	1280.995361
1664.09375	1259.450073
1667.453125	1290.845093
1670.8125	1269.285889
1674.167969	1313.959229
1677.523438	1271.035645
1680.878906	1239.12793
1684.230469	1207.19458
1687.582031	1218.735229
1690.933594	1205.207153
1694.28125	1191.667847
1697.628906	1158.925171
1700.974609	1139.448486
1704.320313	1117.000854
1707.664063	1100.44751
1711.005859	1097.188843
1714.345703	1071.738281
1717.685547	1081.043945
1721.023438	1073.331543
1724.361328	1098.195801
1727.695313	1087.520264
1731.03125	1062.013794
1734.363281	1097.282104
1737.695313	1077.692261
1741.025391	1066.248535
1744.353516	1091.167603
1747.681641	1087.888062
1751.007813	1077.17688
1754.332031	1047.134277
1757.65625	1058.701904
1760.978516	1059.121948
1764.298828	1052.101563
1767.619141	1058.473633
1770.9375	1053.680786
1774.253906	1055.588379
1777.570313	1064.949707
1780.884766	1064.626099
1784.197266	1095.627075
1787.509766	1095.314819
1790.818359	1082.312988
1794.128906	1049.885864
1797.435547	1056.277466
1800.742188	1104.523315
1804.048828	1042.909058
1807.351563	1054.540039
1810.654297	1063.935425
1813.955078	1089.056274
1817.255859	1095.477051
1820.554688	1068.193848
1823.851563	1111.330566
1827.148438	1093.027588
1830.443359	1094.959229
1833.736328	1079.635864
1837.027344	1079.311523
1840.318359	1075.232178
1843.609375	1087.674927
1846.896484	1094.867065
1850.183594	1069.73938
1853.46875	1117.540039
1856.753906	1108.952393
1860.037109	1117.668457
1863.318359	1084.979736
1866.599609	1084.653931
1869.878906	1053.432861
1873.15625	1077.969971
1876.433594	1109.313354
1879.708984	1127.101563
1882.982422	1089.054565
1886.255859	1090.993042
1889.527344	1114.081299
1892.796875	1071.449829
1896.066406	1072.626953
1899.333984	1086.660156
1902.599609	1102.973511
1905.865234	1081.459839
1909.128906	1067.499756
1912.390625	1096.699707
1915.652344	1093.341797
1918.912109	1109.688599
1922.169922	1118.465088
1925.427734	1078.699219
1928.683594	1086.71106
1931.939453	1066.639526
1935.191406	1087.563354
1938.445313	1056.839111
1941.695313	1102.8573
1944.945313	1093.404541
1948.193359	1103.721436
1951.441406	1114.807129
1954.6875	1141.126343
1957.931641	1075.317627
1961.173828	1079.547607
1964.416016	1096.737305
1967.658203	1099.453735
1970.896484	1122.766113
1974.134766	1104.128906
1977.373047	1109.140503
1980.607422	1119.501343
1983.84375	1116.882935
1987.076172	1134.896729
1990.308594	1107.052002
1993.539063	1106.71936
1996.767578	1115.567871
1999.996094	1112.941406
2003.222656	1116.438599
2006.449219	1087.764893
2009.673828	1105.814697
2012.896484	1105.479248
2016.119141	1101.308594
2019.339844	1114.013306
2022.558594	1136.705688
2025.777344	1131.005859
2028.994141	1092.271973
2032.208984	1132.655273
2035.423828	1101.578613
2038.636719	1115.849609
2041.847656	1107.821289
2045.058594	1169.821777
2048.267578	1107.91333
2051.476563	1121.437744
2054.683594	1098.758179
2057.888672	1142.350952
2061.09375	1110.407959
2064.296875	1117.01062
2067.498047	1160.660522
2070.699219	1103.209961
2073.898438	1119.084595
2077.097656	1102.521362
2080.292969	1102.17627
2083.490234	1100.28418
2086.683594	1122.369263
2089.876953	1099.590088
2093.068359	1096.919922
2096.259766	1089.60083
2099.449219	1123.335815
2102.636719	1135.396118
2105.824219	1121.880249
2109.009766	1119.987793
2112.195313	1132.835938
2115.378906	1155.784668
2118.560547	1149.243286
2121.742188	1160.563232
2124.921875	1094.180176
2128.099609	1131.919189
2131.277344	1152.577515
2134.453125	1145.242798
2137.626953	1104.434448
2140.800781	1141.456177
2143.972656	1138.002441
2147.144531	1183.636719
2150.314453	1152.91272
2153.482422	1126.063965
2156.650391	1139.760498
2159.816406	1162.052124
2162.980469	1096.919434
2166.144531	1112.181885
2169.306641	1100.890747
2172.46875	1097.40686
2175.628906	1114.250244
2178.787109	1126.412964
2181.945313	1092.415405
2185.101563	1135.891968
2188.255859	1115.967773
2191.410156	1150.868408
2194.564453	1148.960083
2197.714844	1117.25647
2200.865234	1122.392212
2204.013672	1149.501709
2207.162109	1157.793091
2210.308594	1133.110229
2213.455078	1146.899902
2216.599609	1119.835815
2219.742188	1166.648804
2222.884766	1118.336792
2226.025391	1147.875977
2229.164063	1136.510742
2232.302734	1139.30896
2235.439453	1122.41748
2238.576172	1129.939575
2241.710938	1121.702026
2244.84375	1138.691895
2247.976563	1123.350952
2251.107422	1128.516479
2254.236328	1152.633057
2257.365234	1156.233643
2260.492188	1191.439941
2263.619141	1123.923096
2266.744141	1118.027832
2269.867188	1117.664673
2272.990234	1183.769287
2276.111328	1167.598633
2279.232422	1150.623413
2282.351563	1141.556885
2285.46875	1115.048218
2288.585938	1126.573486
2291.701172	1130.176392
2294.816406	1151.236694
2297.929688	1156.438477
2301.041016	1129.883423
2304.152344	1158.910156
2307.261719	1178.42334
2310.369141	1158.999756
2313.476563	1174.551147
2316.583984	1138.404541
2319.6875	1148.38855
2322.791016	1189.429199
2325.894531	1216.165039
2328.996094	1266.026489
2332.095703	1233.829712
2335.195313	1172.903442
2338.292969	1143.039063
2341.388672	1153.847534
2344.484375	1147.102295
2347.578125	1173.891357
2350.671875	1116.819214
2353.763672	1139.620728
2356.853516	1152.046021
2359.943359	1157.282593
2363.03125	1158.522339
2366.119141	1126.946899
2369.205078	1116.965942
2372.289063	1153.434937
2375.373047	1144.25708
2378.457031	1131.064087
2381.537109	1135.502808
2384.617188	1166.417603
2387.697266	1141.981934
2390.773438	1132.781128
2393.851563	1159.713623
2396.925781	1207.555542
2400	1176.667358
2403.074219	1122.438477
2406.146484	1171.124146
2409.216797	1155.474609
2412.286133	1168.79126
2415.355469	1151.517822
2418.421875	1151.147949
2421.488281	1187.847412
2424.553711	1162.499146
2427.617188	1158.90625
2430.679688	1161.764648
2433.741211	1163.817871
2436.801758	1203.819702
2439.861328	1146.927979
2442.918945	1165.945068
2445.976563	1181.743042
2449.032227	1169.251343
2452.086914	1194.768921
2455.140625	1159.614014
2458.192383	1139.003662
2461.243164	1158.059326
2464.293945	1171.458008
2467.342773	1184.866699
2470.390625	1169.908936
2473.436523	1157.372803
2476.482422	1138.33606
2479.526367	1163.114624
2482.569336	1155.432739
2485.611328	1159.929077
2488.652344	1127.049683
2491.692383	1171.369507
2494.730469	1166.117676
2497.768555	1198.282593
2500.804688	1174.318848
2503.839844	1168.247314
2506.873047	1154.026733
2509.90625	1189.493286
2512.938477	1185.049805
2515.96875	1219.73877
2518.998047	1170.442627
2522.026367	1137.428101
2525.053711	1158.261108
2528.079102	1154.612793
2531.104492	1150.144531
2534.12793	1171.822144
2537.150391	1203.325439
2540.171875	1187.420776
2543.192383	1165.777222
2546.211914	1169.487427
2549.230469	1167.469238
2552.24707	1179.372314
2555.262695	1176.536499
2558.277344	1184.353271
2561.291016	1201.194946
2564.303711	1205.745361
2567.31543	1188.144287
2570.325195	1200.901123
2573.333984	1239.944214
2576.341797	1221.513916
2579.348633	1180.059937
2582.354492	1205.984985
2585.359375	1185.053345
2588.363281	1200.304077
2591.365234	1207.335938
2594.366211	1192.966919
2597.366211	1225.532715
2600.365234	1207.863525
2603.363281	1210.786499
2606.360352	1174.133789
2609.355469	1173.74646
2612.350586	1222.042236
2615.34375	1198.559204
2618.335938	1189.922119
2621.327148	1211.842896
2624.317383	1221.384033
2627.306641	1198.691284
2630.293945	1207.407104
2633.280273	1198.755859
2636.266602	1179.338989
2639.250977	1200.47522
2642.234375	1242.332397
2645.216797	1196.39624
2648.197266	1198.498291
2651.177734	1259.470947
2654.157227	1238.372803
2657.134766	1232.194336
2660.111328	1242.612305
2663.086914	1220.653076
2666.061523	1196.185303
2669.035156	1207.431763
2672.007813	1210.373169
2674.978516	1235.77002
2677.949219	1281.983276
2680.917969	1249.169189
2683.885742	1243.804077
2686.852539	1228.440552
2689.818359	1215.564819
2692.783203	1201.012451
2695.74707	1221.467163
2698.708984	1214.412231
2701.670898	1247.402222
2704.630859	1251.202148
2707.589844	1270.869507
2710.547852	1203.679199
2713.504883	1264.288208
2716.460938	1268.934692
2719.416016	1243.47998
2722.369141	1276.564087
2725.322266	1308.835571
2728.273438	1258.251709
2731.223633	1333.250488
2734.173828	1256.666626
2737.12207	1285.624756
2740.069336	1290.290649
2743.014648	1229.540649
2745.959961	1269.427124
2748.904297	1262.34082
2751.84668	1278.758545
2754.788086	1285.94873
2757.729492	1284.741577
2760.668945	1272.605835
2763.607422	1250.370483
2766.544922	1253.35376
2769.481445	1267.27832
2772.416016	1277.003906
2775.350586	1269.052002
2778.28418	1316.693359
2781.21582	1304.536133
2784.146484	1262.020386
2787.077148	1289.470581
2790.005859	1263.790649
2792.933594	1258.346558
2795.860352	1238.545532
2798.785156	1266.87085
2801.709961	1296.061646
2804.633789	1263.573853
2807.555664	1286.865601
2810.477539	1267.883057
2813.397461	1261.578369
2816.316406	1263.733154
2819.234375	1284.5177
2822.151367	1282.446655
2825.067383	1265.121094
2827.982422	1304.577026
2830.896484	1303.358032
2833.80957	1319.103882
2836.720703	1345.044189
2839.631836	1407.506714
2842.541016	1446.236084
2845.450195	1539.364014
2848.357422	1607.064087
2851.263672	1664.611206
2854.168945	1694.985107
2857.073242	1673.483154
2859.976563	1742.180664
2862.878906	1804.96814
2865.779297	1889.945435
2868.679688	1949.423584
2871.579102	2018.320313
2874.476563	2069.361328
2877.374023	2088.026855
2880.269531	2112.678467
2883.164063	2117.715332
2886.057617	2141.540527
2888.950195	2103.026611
2891.841797	2130.28125
2894.732422	2123.362305
2897.62207	2178.862305
2900.510742	2267.76416
2903.398438	2259.174561
2906.28418	2320.775391
2909.169922	2346.452881
2912.053711	2402.13208
2914.9375	2535.837402
2917.819336	2602.769775
2920.700195	2625.154297
2923.581055	2641.548828
2926.459961	2718.889404
2929.337891	2788.558594
2932.214844	2833.370605
2935.09082	2880.791992
2937.96582	2826.828613
2940.838867	2749.611084
2943.711914	2711.041748
2946.583984	2527.894287
2949.454102	2504.708496
2952.324219	2391.95752
2955.193359	2329.082764
2958.060547	2314.414795
2960.926758	2282.496338
2963.792969	2257.452393
2966.657227	2259.99292
2969.520508	2225.429932
2972.382813	2139.911865
2975.244141	2162.272217
2978.104492	2070.621582
2980.963867	2039.394897
2983.822266	2003.822876
2986.679688	1901.637207
2989.536133	1898.862305
2992.390625	1825.987671
2995.245117	1770.37439
2998.098633	1719.050659
3000.950195	1636.501709
3003.801758	1594.625122
3006.651367	1511.104248
3009.500977	1493.435181
3012.348633	1549.497437
3015.195313	1421.606567
3018.041992	1402.148804
3020.886719	1429.57666
3023.730469	1385.780029
3026.573242	1361.941895
3029.415039	1359.82251
3032.255859	1392.491821
3035.095703	1363.408936
3037.93457	1382.17627
3040.772461	1379.189209
3043.609375	1376.199707
3046.445313	1423.744507
3049.280273	1417.281738
3052.114258	1402.966309
3054.946289	1419.169556
3057.77832	1437.12915
3060.609375	1442.880981
3063.438477	1439.904541
3066.267578	1436.052124
3069.094727	1431.322876
3071.921875	1397.743408
3074.74707	1388.624146
3077.572266	1381.247559
3080.395508	1328.361572
3083.21875	1342.842285
3086.040039	1315.299438
3088.860352	1332.413208
3091.679688	1317.991211
3094.499023	1293.03894
3097.316406	1297.008057
3100.132813	1345.719971
3102.948242	1298.810669
3105.762695	1330.877563
3108.576172	1334.864502
3111.388672	1344.125122
3114.201172	1385.029785
3117.011719	1294.092407
3119.821289	1322.695435
3122.629883	1357.476929
3125.436523	1357.079712
3128.243164	1311.781982
3131.048828	1284.065796
3133.853516	1320.643921
3136.657227	1274.40271
3139.459961	1331.280518
3142.261719	1314.996094
3145.0625	1311.051514
3147.861328	1321.22522
3150.660156	1308.450684
3153.458008	1300.965942
3156.254883	1274.921631
3159.049805	1318.681519
3161.844727	1296.161011
3164.638672	1324.922974
3167.430664	1289.116577
3170.222656	1322.321289
3173.013672	1279.404785
3175.802734	1274.543335
3178.591797	1281.196411
3181.379883	1300.262817
3184.166016	1310.47583
3186.952148	1279.895142
3189.737305	1327.373413
3192.520508	1325.179565
3195.303711	1292.795044
3198.084961	1335.88623
3200.866211	1293.251587
