399.363281	1182.209473
403.25	1122.950562
407.134766	1129.16333
411.017578	1153.83728
414.898438	1111.678833
418.777344	1131.907227
422.654297	1115.829346
426.53125	1092.086914
430.404297	1090.646606
434.277344	1075.167114
438.148438	1087.761475
442.017578	1068.434814
445.884766	1081.036621
449.751953	1088.535522
453.615234	1100.516846
457.478516	1105.470947
461.339844	1098.268799
465.199219	1079.53479
469.056641	1065.908813
472.912109	1088.799072
476.765625	1062.983276
480.619141	1060.235352
484.470703	1101.118774
488.320313	1102.236084
492.167969	1086.013672
496.013672	1107.04248
499.857422	1108.805542
503.699219	1073.272095
507.541016	1081.454956
511.380859	1105.091309
515.21875	1119.733154
519.054688	1116.994629
522.888672	1094.919922
526.720703	1099.904419
530.552734	1072.6427
534.380859	1113.75708
538.208984	1111.008423
542.035156	1092.756958
545.859375	1117.133179
549.683594	1138.297974
553.503906	1115.50708
557.324219	1101.75354
561.140625	1072.454346
564.957031	1076.152466
568.773438	1083.092407
572.585938	1082.90918
576.396484	1096.340698
580.207031	1081.244263
584.015625	1055.103394
587.820313	1092.558716
591.626953	1047.56543
595.429688	1068.805786
599.230469	1071.86377
603.03125	1058.666992
606.828125	1038.302246
610.625	1071.289063
614.419922	1061.329712
618.214844	1059.829712
622.005859	1070.710083
625.796875	1050.30542
629.583984	1070.973877
633.371094	1082.524536
637.15625	1084.292847
640.941406	1088.674561
644.722656	1078.686035
648.503906	1101.370239
652.283203	1089.41626
656.060547	1095.769043
659.835938	1102.126953
663.609375	1122.239624
667.382813	1102.412476
671.152344	1147.443604
674.921875	1121.709351
678.689453	1105.13501
682.455078	1103.637451
686.220703	1096.230591
689.982422	1138.069946
693.744141	1140.525513
697.503906	1140.353882
701.261719	1151.359985
705.017578	1172.900269
708.773438	1141.1521
712.525391	1159.413818
716.277344	1167.1521
720.027344	1209.161743
723.775391	1220.223267
727.523438	1203.594604
731.267578	1198.167847
735.011719	1179.53479
738.753906	1193.902832
742.494141	1191.767212
746.232422	1231.927246
749.970703	1225.17688
753.707031	1250.832275
757.439453	1244.083496
761.171875	1253.879272
764.904297	1229.905396
768.632813	1206.573364
772.361328	1232.936401
776.087891	1236.111206
779.8125	1300.987427
783.535156	1290.918823
787.255859	1275.529419
790.976563	1267.433472
794.695313	1292.558228
798.412109	1276.484009
802.126953	1267.046997
805.839844	1273.571167
809.552734	1320.04126
813.263672	1338.579834
816.972656	1285.846069
820.679688	1294.387329
824.384766	1334.275269
828.089844	1308.155029
831.791016	1274.671387
835.492188	1279.215088
839.193359	1263.056396
842.890625	1290.317505
846.587891	1290.86145
850.28125	1300.768433
853.974609	1278.568604
857.666016	1281.784546
861.357422	1274.958618
865.044922	1259.417847
868.732422	1274.692139
872.417969	1257.125977
876.101563	1270.39917
879.785156	1296.432861
883.464844	1253.342651
887.144531	1245.810547
890.822266	1258.427979
894.5	1250.218872
898.173828	1268.227661
901.847656	1281.542236
905.519531	1273.331299
909.189453	1285.31189
912.857422	1274.400635
916.523438	1267.523071
920.189453	1268.729004
923.853516	1305.005493
927.515625	1255.624756
931.177734	1268.975952
934.835938	1242.496948
938.494141	1247.746582
942.150391	1259.082764
945.804688	1258.93396
949.458984	1258.108398
953.109375	1276.90564
956.759766	1274.732178
960.408203	1256.302612
964.056641	1292.737549
967.701172	1255.320435
971.345703	1234.145996
974.988281	1294.359985
978.628906	1275.898193
982.267578	1290.010376
985.90625	1251.832886
989.542969	1304.678711
993.177734	1303.184082
996.810547	1277.204712
1000.443359	1400.204712
1004.074219	1431.418457
1007.703125	1300.59436
1011.330078	1284.787354
1014.955078	1268.2854
1018.580078	1259.950806
1022.203125	1233.192871
1025.824219	1229.612549
1029.443359	1280.640503
1033.0625	1298.24707
1036.679688	1286.489868
1040.294922	1306.16333
1043.908203	1308.758179
1047.519531	1283.308228
1051.130859	1287.948242
1054.740234	1289.168457
1058.347656	1293.12915
1061.953125	1316.963623
1065.558594	1299.002686
1069.162109	1326.973389
1072.763672	1343.990112
1076.363281	1330.13501
1079.962891	1351.972778
1083.560547	1366.272217
1087.15625	1297.432129
1090.75	1317.219971
1094.34375	1370.036865
1097.933594	1354.091797
1101.523438	1380.810059
1105.113281	1329.046997
1108.699219	1326.153198
1112.285156	1346.000122
1115.869141	1315.531006
1119.451172	1393.329712
1123.03125	1367.68457
1126.611328	1382.057495
1130.189453	1360.529419
1133.765625	1301.674072
1137.341797	1294.609375
1140.914063	1293.070313
1144.486328	1279.769531
1148.056641	1276.14624
1151.626953	1309.905884
1155.193359	1322.221802
1158.759766	1298.515991
1162.324219	1328.166504
1165.888672	1334.956299
1169.449219	1363.258057
1173.009766	1354.103882
1176.568359	1342.164429
1180.125	1354.526733
1183.681641	1387.746338
1187.236328	1334.092773
1190.789063	1355.507324
1194.339844	1358.848999
1197.890625	1367.761597
1201.439453	1401.053345
1204.986328	1474.776978
1208.53125	1467.718018
1212.076172	1467.625
1215.619141	1466.136475
1219.160156	1502.326538
1222.699219	1498.058105
1226.238281	1542.670532
1229.775391	1546.099365
1233.310547	1541.143433
1236.84375	1561.35498
1240.376953	1577.385498
1243.908203	1574.534546
1247.4375	1563.279785
1250.964844	1554.816772
1254.492188	1513.415649
1258.017578	1520.345215
1261.541016	1576.366211
1265.064453	1547.549072
1268.583984	1569.939697
1272.103516	1540.393311
1275.623047	1569.822266
1279.138672	1576.789673
1282.654297	1547.911499
1286.167969	1574.565552
1289.679688	1607.572998
1293.191406	1618.788452
1296.701172	1656.064697
1300.208984	1640.54126
1303.714844	1666.581177
1307.220703	1687.002197
1310.722656	1721.544678
1314.226563	1711.665283
1317.726563	1729.305054
1321.226563	1686.231934
1324.724609	1744.846924
1328.220703	1737.079224
1331.714844	1734.253662
1335.208984	1766.082153
1338.701172	1761.142456
1342.191406	1776.018433
1345.681641	1700.971191
1349.169922	1678.286621
1352.65625	1680.38855
1356.140625	1639.241821
1359.625	1620.049561
1363.107422	1684.57312
1366.587891	1658.283936
1370.068359	1639.78479
1373.544922	1636.189941
1377.021484	1612.690552
1380.498047	1645.343872
1383.970703	1614.003662
1387.443359	1639.567017
1390.914063	1635.962524
1394.384766	1634.491211
1397.851563	1657.955444
1401.318359	1657.203857
1404.785156	1567.317993
1408.248047	1602.195923
1411.710938	1594.283081
1415.171875	1590.646973
1418.630859	1621.290283
1422.089844	1648.385376
1425.546875	1646.910034
1429.001953	1624.69519
1432.457031	1646.100464
1435.908203	1685.414551
1439.361328	1718.316406
1442.810547	1772.732178
1446.257813	1799.962891
1449.705078	1787.789185
1453.152344	1807.875854
1456.595703	1809.325439
1460.039063	1797.857056
1463.480469	1743.299072
1466.919922	1712.399902
1470.359375	1743.273193
1473.796875	1705.878296
1477.232422	1726.704834
1480.666016	1696.466675
1484.099609	1720.903931
1487.53125	1661.116699
1490.962891	1621.449829
1494.390625	1627.869873
1497.818359	1605.458374
1501.246094	1567.883179
1504.669922	1552.643433
1508.09375	1603.794678
1511.515625	1570.504517
1514.935547	1575.47229
1518.355469	1582.611694
1521.773438	1551.440308
1525.189453	1553.512329
1528.605469	1565.714966
1532.019531	1638.004028
1535.431641	1607.527222
1538.841797	1566.883789
1542.251953	1633.461914
1545.660156	1650.069336
1549.068359	1639.129028
1552.472656	1700.736572
1555.876953	1736.988159
1559.28125	1730.425293
1562.681641	1764.53772
1566.082031	1754.346191
1569.480469	1803.762329
1572.878906	1816.851807
1576.273438	1837.227417
1579.667969	1842.332764
1583.0625	1797.196167
1586.453125	1805.931152
1589.84375	1747.624634
1593.234375	1724.995483
1596.621094	1714.747192
1600.007813	1780.374878
1603.392578	1769.409668
1606.777344	1762.086426
1610.160156	1778.134155
1613.541016	1760.57605
1616.919922	1772.979492
1620.298828	1751.747192
1623.675781	1732.692627
1627.050781	1699.714233
1630.425781	1697.465454
1633.798828	1777.264648
1637.169922	1755.256348
1640.541016	1788.951538
1643.910156	1784.532715
1647.277344	1838.077271
1650.642578	1823.396973
1654.007813	1875.530273
1657.371094	1842.486084
1660.734375	1858.655884
1664.09375	1852.78125
1667.453125	1860.876343
1670.8125	1835.865601
1674.167969	1833.653931
1677.523438	1801.247437
1680.878906	1801.966064
1684.230469	1732.670532
1687.582031	1695.022583
1690.933594	1713.400269
1694.28125	1706.70459
1697.628906	1683.763306
1700.974609	1648.24939
1704.320313	1660.726074
1707.664063	1628.869263
1711.005859	1599.20459
1714.345703	1618.332153
1717.685547	1573.84021
1721.023438	1558.181396
1724.361328	1549.914917
1727.695313	1579.423218
1731.03125	1551.147827
1734.363281	1570.299561
1737.695313	1557.57312
1741.025391	1525.544067
1744.353516	1525.407837
1747.681641	1568.341064
1751.007813	1551.134644
1754.332031	1574.788818
1757.65625	1594.744141
1760.978516	1610.995972
1764.298828	1567.735474
1767.619141	1543.793579
1770.9375	1587.595459
1774.253906	1556.192139
1777.570313	1567.24231
1780.884766	1587.247314
1784.197266	1555.059448
1787.509766	1575.820801
1790.818359	1571.966309
1794.128906	1569.601685
1797.435547	1563.499878
1800.742188	1585.043213
1804.048828	1579.689453
1807.351563	1565.356323
1810.654297	1551.011353
1813.955078	1591.294678
1817.255859	1577.696655
1820.554688	1576.072876
1823.851563	1558.710449
1827.148438	1601.307983
1830.443359	1583.940918
1833.736328	1541.801025
1837.027344	1567.178223
1840.318359	1551.277832
1843.609375	1557.899048
1846.896484	1575.796997
1850.183594	1596.715698
1853.46875	1589.072754
1856.753906	1542.301514
1860.037109	1592.583496
1863.318359	1590.199341
1866.599609	1575.761108
1869.878906	1584.67041
1873.15625	1576.248535
1876.433594	1589.689087
1879.708984	1563.910034
1882.982422	1596.978149
1886.255859	1624.031738
1889.527344	1614.096191
1892.796875	1597.351929
1896.066406	1616.12146
1899.333984	1588.020996
1902.599609	1617.391968
1905.865234	1594.56665
1909.128906	1654.246094
1912.390625	1594.304565
1915.652344	1574.4729
1918.912109	1582.670654
1922.169922	1606.040161
1925.427734	1638.530518
1928.683594	1627.031128
1931.939453	1604.893921
1935.191406	1622.990967
1938.445313	1615.269531
1941.695313	1624.263306
1944.945313	1603.609375
1948.193359	1636.945923
1951.441406	1639.108887
1954.6875	1623.00293
1957.931641	1603.076172
1961.173828	1589.990112
1964.416016	1572.320435
1967.658203	1616.395142
1970.896484	1588.805542
1974.134766	1593.241943
1977.373047	1602.261475
1980.607422	1624.269653
1983.84375	1619.556641
1987.076172	1614.8396
1990.308594	1627.702759
1993.539063	1602.333862
1996.767578	1594.542725
1999.996094	1664.054077
2003.222656	1650.154419
2006.449219	1632.41333
2009.673828	1651.441895
2012.896484	1644.419434
2016.119141	1586.773926
2019.339844	1636.494873
2022.558594	1635.597412
2025.777344	1626.252808
2028.994141	1627.654297
2032.208984	1642.888062
2035.423828	1598.172974
2038.636719	1659.547607
2041.847656	1607.879517
2045.058594	1616.201172
2048.267578	1648.396362
2051.476563	1625.930786
2054.683594	1621.939697
2057.888672	1600.216309
2061.09375	1620.887085
2064.296875	1596.831421
2067.498047	1627.548584
2070.699219	1605.02002
2073.898438	1626.495605
2077.097656	1649.532715
2080.292969	1618.483154
2083.490234	1644.627075
2086.683594	1606.589233
2089.876953	1655.962524
2093.068359	1632.606934
2096.259766	1608.458374
2099.449219	1640.844971
2102.636719	1614.355103
2105.824219	1661.499146
2109.009766	1648.957031
2112.195313	1668.993286
2115.378906	1661.877075
2118.560547	1678.827026
2121.742188	1630.536987
2124.921875	1655.258301
2128.099609	1653.56604
2131.277344	1615.319458
2134.453125	1632.282104
2137.626953	1678.833618
2140.800781	1668.581543
2143.972656	1680.130859
2147.144531	1644.15625
2150.314453	1647.129517
2153.482422	1638.407471
2156.650391	1646.060791
2159.816406	1634.98938
2162.980469	1631.716431
2166.144531	1661.24353
2169.306641	1677.510498
2172.46875	1682.065308
2175.628906	1657.69165
2178.787109	1657.548096
2181.945313	1626.885132
2185.101563	1667.436157
2188.255859	1650.065918
2191.410156	1655.401733
2194.564453	1623.905396
2197.714844	1684.901245
2200.865234	1660.450317
2204.013672	1691.689941
2207.162109	1678.211304
2210.308594	1642.734985
2213.455078	1645.7229
2216.599609	1658.928711
2219.742188	1659.565918
2222.884766	1641.328247
2226.025391	1647.465698
2229.164063	1624.486206
2232.302734	1631.408447
2235.439453	1678.506348
2238.576172	1698.061279
2241.710938	1647.47522
2244.84375	1652.838135
2247.976563	1675.560059
2251.107422	1653.31604
2254.236328	1620.791504
2257.365234	1677.48645
2260.492188	1697.880859
2263.619141	1673.238647
2266.744141	1652.530518
2269.867188	1708.531982
2272.990234	1668.038574
2276.111328	1690.841187
2279.232422	1617.841431
2282.351563	1676.290405
2285.46875	1712.593628
2288.585938	1655.373413
2291.701172	1661.557495
2294.816406	1710.590088
2297.929688	1681.082153
2301.041016	1697.604248
2304.152344	1686.337402
2307.261719	1655.990723
2310.369141	1692.394043
2313.476563	1675.544434
2316.583984	1673.001221
2319.6875	1699.901611
2322.791016	1738.764038
2325.894531	1751.373169
2328.996094	1774.349243
2332.095703	1759.084106
2335.195313	1714.30481
2338.292969	1693.420776
2341.388672	1689.277588
2344.484375	1681.937744
2347.578125	1695.354614
2350.671875	1661.647949
2353.763672	1695.045898
2356.853516	1675.703369
2359.943359	1705.932129
2363.03125	1696.179199
2366.119141	1701.625854
2369.205078	1699.869995
2372.289063	1693.306519
2375.373047	1721.193481
2378.457031	1684.9729
2381.537109	1697.640869
2384.617188	1691.867188
2387.697266	1670.03833
2390.773438	1701.981567
2393.851563	1692.186035
2396.925781	1729.785156
2400	1732.047974
2403.074219	1691.69812
2406.146484	1744.621094
2409.216797	1703.439941
2412.286133	1710.524292
2415.355469	1697.4823
2418.421875	1717.458008
2421.488281	1713.272461
2424.553711	1755.035034
2427.617188	1733.11731
2430.679688	1734.579102
2433.741211	1719.092896
2436.801758	1709.246338
2439.861328	1715.545776
2442.918945	1714.577637
2445.976563	1720.074707
2449.032227	1737.704834
2452.086914	1749.685425
2455.140625	1715.54895
2458.192383	1766.386597
2461.243164	1751.665894
2464.293945	1711.009277
2467.342773	1755.418091
2470.390625	1713.109863
2473.436523	1751.063721
2476.482422	1772.818481
2479.526367	1699.624634
2482.569336	1770.905762
2485.611328	1708.214844
2488.652344	1710.482666
2491.692383	1729.009644
2494.730469	1769.506348
2497.768555	1741.699219
2500.804688	1739.098755
2503.839844	1677.065796
2506.873047	1710.272583
2509.90625	1736.171387
2512.938477	1734.378296
2515.96875	1736.660156
2518.998047	1747.099731
2522.026367	1725.724731
2525.053711	1710.047241
2528.079102	1736.818481
2531.104492	1726.033691
2534.12793	1750.378662
2537.150391	1796.813477
2540.171875	1814.660156
2543.192383	1802.25061
2546.211914	1812.746338
2549.230469	1766.759155
2552.24707	1745.307251
2555.262695	1720.561768
2558.277344	1723.664429
2561.291016	1775.964722
2564.303711	1797.954956
2567.31543	1760.882324
2570.325195	1777.95752
2573.333984	1788.47583
2576.341797	1770.250488
2579.348633	1763.515747
2582.354492	1762.530151
2585.359375	1838.025024
2588.363281	1773.718628
2591.365234	1791.663452
2594.366211	1831.850464
2597.366211	1805.354614
2600.365234	1815.090942
2603.363281	1817.416016
2606.360352	1800.778198
2609.355469	1789.901489
2612.350586	1796.34436
2615.34375	1808.569702
2618.335938	1789.424805
2621.327148	1821.481567
2624.317383	1780.840698
2627.306641	1809.610474
2630.293945	1826.823486
2633.280273	1800.202026
2636.266602	1799.216064
2639.250977	1838.796753
2642.234375	1827.056763
2645.216797	1816.13623
2648.197266	1796.089844
2651.177734	1776.8573
2654.157227	1842.214233
2657.134766	1767.389771
2660.111328	1856.862915
2663.086914	1861.703613
2666.061523	1861.563354
2669.035156	1832.337891
2672.007813	1847.149292
2674.978516	1849.49707
2677.949219	1854.341797
2680.917969	1855.028687
2683.885742	1848.2229
2686.852539	1843.077271
2689.818359	1833.761719
2692.783203	1837.774048
2695.74707	1852.62793
2698.708984	1859.98584
2701.670898	1813.11377
2704.630859	1873.047119
2707.589844	1847.85437
2710.547852	1907.843994
2713.504883	1884.315796
2716.460938	1947.706177
2719.416016	1892.397583
2722.369141	1909.826904
2725.322266	1886.263062
2728.273438	1939.700073
2731.223633	1949.627563
2734.173828	1936.10437
2737.12207	1888.208984
2740.069336	1933.339966
2743.014648	1942.439331
2745.959961	1917.984497
2748.904297	1888.47522
2751.84668	1929.4729
2754.788086	1919.263916
2757.729492	1925.851929
2760.668945	1885.373047
2763.607422	1939.04126
2766.544922	1914.518921
2769.481445	1917.747192
2772.416016	1910.034058
2775.350586	1907.367554
2778.28418	1947.661621
2781.21582	1951.747803
2784.146484	1905.254639
2787.077148	1889.93042
2790.005859	1886.405762
2792.933594	1893.849487
2795.860352	1926.626465
2798.785156	1913.81958
2801.709961	1858.758423
2804.633789	1872.117676
2807.555664	1943.826538
2810.477539	1882.793701
2813.397461	1859.791626
2816.316406	1858.779663
2819.234375	1929.740234
2822.151367	1957.552246
2825.067383	1957.421021
2827.982422	1961.52771
2830.896484	1976.660767
2833.80957	1969.748657
2836.720703	2015.444824
2839.631836	2062.871582
2842.541016	2146.849609
2845.450195	2181.615234
2848.357422	2282.693848
2851.263672	2388.096436
2854.168945	2469.762451
2857.073242	2476.618896
2859.976563	2531.140869
2862.878906	2602.72998
2865.779297	2619.009521
2868.679688	2769.919678
2871.579102	2890.255127
2874.476563	2966.340332
2877.374023	3045.892334
2880.269531	2996.658691
2883.164063	3055.792236
2886.057617	3053.488525
2888.950195	3115.24707
2891.841797	3105.271484
2894.732422	3070.498291
2897.62207	3140.024414
2900.510742	3142.876221
2903.398438	3158.565918
2906.28418	3273.568848
2909.169922	3327.852295
2912.053711	3445.568848
2914.9375	3613.932617
2917.819336	3667.539307
2920.700195	3710.892578
2923.581055	3813.473389
2926.459961	3862.058838
2929.337891	3907.244385
2932.214844	3975.650879
2935.09082	3971.936035
2937.96582	4026.662354
2940.838867	3909.468994
2943.711914	3828.314209
2946.583984	3706.6604
2949.454102	3522.084717
2952.324219	3416.590088
2955.193359	3341.165527
2958.060547	3335.47998
2960.926758	3319.446045
2963.792969	3175.781982
2966.657227	3180.379395
2969.520508	3140.971436
2972.382813	3097.218018
2975.244141	3061.204102
2978.104492	2964.694824
2980.963867	2915.643311
2983.822266	2844.944336
2986.679688	2782.841553
2989.536133	2723.288574
2992.390625	2629.94165
2995.245117	2565.960693
2998.098633	2471.622559
3000.950195	2327.834961
3003.801758	2376.338135
3006.651367	2287.896729
3009.500977	2256.630859
3012.348633	2229.679932
3015.195313	2182.747559
3018.041992	2139.253662
3020.886719	2155.655762
3023.730469	2115.595215
3026.573242	2121.569824
3029.415039	2111.898193
3032.255859	2057.861084
3035.095703	2043.80835
3037.93457	2076.746094
3040.772461	2039.180054
3043.609375	2079.106689
3046.445313	2017.988037
3049.280273	2091.928711
3052.114258	2105.757324
3054.946289	2090.811035
3057.77832	2139.55127
3060.609375	2155.156006
3063.438477	2161.166504
3066.267578	2137.481445
3069.094727	2091.05957
3071.921875	2057.716064
3074.74707	2068.945068
3077.572266	2055.688232
3080.395508	1981.166382
3083.21875	2022.141846
3086.040039	2037.750854
3088.860352	1975.405518
3091.679688	2010.287109
3094.499023	1989.088501
3097.316406	1974.889893
3100.132813	2035.247925
3102.948242	1978.931152
3105.762695	1961.200806
3108.576172	2003.174927
3111.388672	2006.524048
3114.201172	1914.961914
3117.011719	1994.766113
3119.821289	1961.17749
3122.629883	1964.514526
3125.436523	1947.611816
3128.243164	1936.859253
3131.048828	1962.207642
3133.853516	1969.953125
3136.657227	1998.855591
3139.459961	1972.234741
3142.261719	1933.24707
3145.0625	1944.52063
3147.861328	1983.161743
3150.660156	1927.360107
3153.458008	1963.372192
3156.254883	1944.630981
3159.049805	1934.714355
3161.844727	1957.503662
3164.638672	1985.615601
3167.430664	1977.471191
3170.222656	1931.261719
3173.013672	1974.444702
3175.802734	1947.686401
3178.591797	1982.930542
3181.379883	1928.678833
3184.166016	1932.907471
3186.952148	1947.782227
3189.737305	1994.609253
3192.520508	1929.631958
3195.303711	1969.38147
3198.084961	1954.977173
3200.866211	1974.518066
