399.363281	1241.955444
403.25	1252.032715
407.134766	1209.317993
411.017578	1199.659912
414.898438	1198.90686
418.777344	1175.221558
422.654297	1187.20166
426.53125	1146.914307
430.404297	1167.821045
434.277344	1193.212158
438.148438	1200.112427
442.017578	1154.011841
445.884766	1152.594604
449.751953	1155.010986
453.615234	1122.258545
457.478516	1141.936157
461.339844	1153.950317
465.199219	1155.729736
469.056641	1135.090332
472.912109	1159.292236
476.765625	1146.329346
480.619141	1126.94104
484.470703	1144.111206
488.320313	1110.581421
492.167969	1166.934814
496.013672	1158.443237
499.857422	1157.657227
503.699219	1183.235962
507.541016	1166.375854
511.380859	1164.304077
515.21875	1164.805786
519.054688	1158.221558
522.888672	1205.120728
526.720703	1194.679321
530.552734	1197.77356
534.380859	1181.511597
538.208984	1186.53894
542.035156	1197.38269
545.859375	1201.128052
549.683594	1183.54541
553.503906	1175.000732
557.324219	1181.975098
561.140625	1121.643555
564.957031	1109.175171
568.773438	1125.845947
572.585938	1169.749268
576.396484	1199.426514
580.207031	1168.807495
584.015625	1155.033203
587.820313	1094.506226
591.626953	1113.160034
595.429688	1107.139893
599.230469	1132.314575
603.03125	1127.597412
606.828125	1068.878906
610.625	1097.322876
614.419922	1132.302002
618.214844	1132.135254
622.005859	1152.170044
625.796875	1137.015869
629.583984	1091.845459
633.371094	1137.988403
637.15625	1149.572388
640.941406	1169.002686
644.722656	1198.903076
648.503906	1148.431763
652.283203	1095.955322
656.060547	1177.542847
659.835938	1178.04541
663.609375	1196.226318
667.382813	1188.221191
671.152344	1195.281006
674.921875	1178.745361
678.689453	1185.150635
682.455078	1196.154053
686.220703	1156.621704
689.982422	1174.188721
693.744141	1208.194946
697.503906	1188.991455
701.261719	1188.182373
705.017578	1212.369629
708.773438	1239.867676
712.525391	1248.295654
716.277344	1263.317017
720.027344	1309.980103
723.775391	1330.313599
727.523438	1299.882202
731.267578	1309.671387
735.011719	1262.702881
738.753906	1236.825317
742.494141	1280.951538
746.232422	1341.637451
749.970703	1301.87439
753.707031	1332.854004
757.439453	1329.44873
761.171875	1312.137695
764.904297	1310.044556
768.632813	1298.01062
772.361328	1307.840698
776.087891	1394.604004
779.8125	1432.34668
783.535156	1450.873291
787.255859	1418.95166
790.976563	1394.309692
794.695313	1355.690918
798.412109	1340.973022
802.126953	1371.470215
805.839844	1423.285645
809.552734	1387.27478
813.263672	1390.52478
816.972656	1361.797485
820.679688	1386.367432
824.384766	1402.289307
828.089844	1365.524414
831.791016	1352.753296
835.492188	1343.976929
839.193359	1347.215576
842.890625	1353.129395
846.587891	1399.157471
850.28125	1414.460205
853.974609	1421.746826
857.666016	1394.233521
861.357422	1395.490479
865.044922	1369.281982
868.732422	1337.019287
872.417969	1336.241089
876.101563	1376.377563
879.785156	1409.166138
883.464844	1392.304565
887.144531	1374.756958
890.822266	1330.31897
894.5	1379.273682
898.173828	1361.697266
901.847656	1399.941895
905.519531	1358.130371
909.189453	1358.700562
912.857422	1341.757935
916.523438	1349.059692
920.189453	1358.389404
923.853516	1352.889526
927.515625	1348.733887
931.177734	1364.149048
934.835938	1354.591797
938.494141	1336.919556
942.150391	1339.507202
945.804688	1354.266724
949.458984	1354.833862
953.109375	1336.453979
956.759766	1353.26062
960.408203	1344.345337
964.056641	1357.780884
967.701172	1357.671021
971.345703	1401.637329
974.988281	1333.706299
978.628906	1355.981201
982.267578	1355.868896
985.90625	1376.812378
989.542969	1340.693359
993.177734	1396.317261
996.810547	1398.260376
1000.443359	1511.785645
1004.074219	1592.733765
1007.703125	1417.034912
1011.330078	1397.189209
1014.955078	1368.467041
1018.580078	1372.446411
1022.203125	1330.729736
1025.824219	1346.296143
1029.443359	1403.516479
1033.0625	1391.125366
1036.679688	1342.513306
1040.294922	1403.903442
1043.908203	1417.479492
1047.519531	1341.453857
1051.130859	1384.44165
1054.740234	1349.416382
1058.347656	1367.7854
1061.953125	1389.595337
1065.558594	1396.342163
1069.162109	1403.780151
1072.763672	1429.747437
1076.363281	1456.422363
1079.962891	1450.160767
1083.560547	1432.216064
1087.15625	1408.758423
1090.75	1445.779541
1094.34375	1470.451294
1097.933594	1435.282227
1101.523438	1459.280884
1105.113281	1471.592407
1108.699219	1443.267944
1112.285156	1403.892578
1115.869141	1428.605957
1119.451172	1436.095215
1123.03125	1456.701416
1126.611328	1448.329956
1130.189453	1452.382446
1133.765625	1361.092407
1137.341797	1386.538452
1140.914063	1333.867676
1144.486328	1332.343872
1148.056641	1383.414551
1151.626953	1385.37085
1155.193359	1410.185181
1158.759766	1437.098267
1162.324219	1398.179443
1165.888672	1401.530762
1169.449219	1394.477783
1173.009766	1453.353882
1176.568359	1457.425293
1180.125	1417.043335
1183.681641	1402.3396
1187.236328	1414.736206
1190.789063	1392.368164
1194.339844	1404.074341
1197.890625	1464.51416
1201.439453	1423.336548
1204.986328	1497.765991
1208.53125	1512.321045
1212.076172	1533.859863
1215.619141	1542.860962
1219.160156	1561.638184
1222.699219	1636.275879
1226.238281	1632.758667
1229.775391	1695.609253
1233.310547	1681.628662
1236.84375	1722.175171
1240.376953	1726.380249
1243.908203	1671.105957
1247.4375	1656.390381
1250.964844	1659.171631
1254.492188	1683.674927
1258.017578	1641.608276
1261.541016	1675.239746
1265.064453	1606.476563
1268.583984	1630.294922
1272.103516	1606.390137
1275.623047	1594.40564
1279.138672	1624.571167
1282.654297	1663.196411
1286.167969	1672.31665
1289.679688	1731.394775
1293.191406	1761.664063
1296.701172	1786.324951
1300.208984	1776.48999
1303.714844	1772.98877
1307.220703	1813.192505
1310.722656	1800.534058
1314.226563	1827.375488
1317.726563	1847.885986
1321.226563	1825.338989
1324.724609	1793.5896
1328.220703	1888.313965
1331.714844	1841.716553
1335.208984	1886.319946
1338.701172	1863.032593
1342.191406	1836.186401
1345.681641	1754.082275
1349.169922	1760.465332
1352.65625	1675.42749
1356.140625	1677.528564
1359.625	1723.607788
1363.107422	1708.699219
1366.587891	1684.549561
1370.068359	1655.408569
1373.544922	1639.031738
1377.021484	1624.062622
1380.498047	1677.340576
1383.970703	1658.105957
1387.443359	1625.334595
1390.914063	1615.317261
1394.384766	1636.627808
1397.851563	1657.955444
1401.318359	1654.352783
1404.785156	1650.746704
1408.248047	1599.342529
1411.710938	1641.383545
1415.171875	1649.189575
1418.630859	1607.719971
1422.089844	1640.525757
1425.546875	1615.458618
1429.001953	1684.763184
1432.457031	1675.431274
1435.908203	1714.041626
1439.361328	1843.610352
1442.810547	1895.928101
1446.257813	1915.32666
1449.705078	1931.156372
1453.152344	1893.213867
1456.595703	1858.109741
1460.039063	1852.402832
1463.480469	1842.382813
1466.919922	1775.609375
1470.359375	1795.729492
1473.796875	1823.054199
1477.232422	1794.305908
1480.666016	1772.009033
1484.099609	1733.139526
1487.53125	1713.679199
1490.962891	1618.568481
1494.390625	1630.031616
1497.818359	1592.482056
1501.246094	1554.18042
1504.669922	1554.086426
1508.09375	1554.713623
1511.515625	1549.564453
1514.935547	1584.863037
1518.355469	1519.018188
1521.773438	1560.838623
1525.189453	1526.029297
1528.605469	1524.473877
1532.019531	1577.927002
1535.431641	1606.803101
1538.841797	1559.639771
1542.251953	1555.194946
1545.660156	1586.995483
1549.068359	1623.898193
1552.472656	1665.183716
1555.876953	1666.579468
1559.28125	1673.785278
1562.681641	1712.960083
1566.082031	1745.625244
1569.480469	1788.494751
1572.878906	1838.671387
1576.273438	1830.678833
1579.667969	1789.923462
1583.0625	1760.786133
1586.453125	1776.062988
1589.84375	1728.67627
1593.234375	1649.900635
1596.621094	1683.384277
1600.007813	1745.351196
1603.392578	1793.498169
1606.777344	1736.527832
1610.160156	1708.002319
1613.541016	1747.421021
1616.919922	1732.036377
1620.298828	1711.519165
1623.675781	1730.497437
1627.050781	1744.366455
1630.425781	1716.505127
1633.798828	1709.133667
1637.169922	1748.6604
1640.541016	1756.691772
1643.910156	1810.204224
1647.277344	1836.609741
1650.642578	1857.897583
1654.007813	1888.014282
1657.371094	1910.073364
1660.734375	1930.67981
1664.09375	1898.365479
1667.453125	1960.907593
1670.8125	1895.466919
1674.167969	1911.681763
1677.523438	1863.841919
1680.878906	1831.434082
1684.230469	1804.158813
1687.582031	1793.081787
1690.933594	1700.123901
1694.28125	1697.850098
1697.628906	1657.189209
1700.974609	1620.92627
1704.320313	1577.246582
1707.664063	1556.442139
1711.005859	1525.27002
1714.345703	1544.368164
1717.685547	1512.425659
1721.023438	1534.494019
1724.361328	1524.737183
1727.695313	1571.27417
1731.03125	1510.386719
1734.363281	1482.072144
1737.695313	1473.019043
1741.025391	1474.346436
1744.353516	1503.13916
1747.681641	1461.408691
1751.007813	1444.15979
1754.332031	1426.153809
1757.65625	1466.123657
1760.978516	1489.762207
1764.298828	1476.216064
1767.619141	1456.703857
1770.9375	1474.408447
1774.253906	1460.094116
1777.570313	1488.246704
1780.884766	1461.251587
1784.197266	1456.609619
1787.509766	1495.239014
1790.818359	1462.242188
1794.128906	1458.340698
1797.435547	1454.435791
1800.742188	1469.95752
1804.048828	1472.781982
1807.351563	1441.952637
1810.654297	1464.96875
1813.955078	1455.069092
1817.255859	1451.900269
1820.554688	1468.953857
1823.851563	1507.003174
1827.148438	1470.864258
1830.443359	1481.194824
1833.736328	1478.028198
1837.027344	1500.378052
1840.318359	1491.959839
1843.609375	1483.534546
1846.896484	1439.784058
1850.183594	1485.456787
1853.46875	1469.497437
1856.753906	1443.744751
1860.037109	1492.482544
1863.318359	1465.964966
1866.599609	1498.178223
1869.878906	1491.23291
1873.15625	1522.726929
1876.433594	1496.932007
1879.708984	1495.257935
1882.982422	1479.242554
1886.255859	1494.169678
1889.527344	1494.001953
1892.796875	1470.410034
1896.066406	1517.098145
1899.333984	1476.103394
1902.599609	1470.631348
1905.865234	1513.5896
1909.128906	1480.11499
1912.390625	1498.873413
1915.652344	1496.431152
1918.912109	1509.904175
1922.169922	1500.639038
1925.427734	1492.124756
1928.683594	1482.085693
1931.939453	1483.426025
1935.191406	1509.07019
1938.445313	1482.309937
1941.695313	1496.572021
1944.945313	1513.886353
1948.193359	1487.856079
1951.441406	1520.399048
1954.6875	1519.471802
1957.931641	1542.151611
1961.173828	1508.47168
1964.416016	1494.580933
1967.658203	1499.740234
1970.896484	1504.903198
1974.134766	1495.571899
1977.373047	1475.546143
1980.607422	1544.850708
1983.84375	1479.755249
1987.076172	1523.89502
1990.308594	1469.443237
1993.539063	1500.610474
1996.767578	1500.43103
1999.996094	1523.214233
2003.222656	1483.990356
2006.449219	1515.210571
2009.673828	1469.055298
2012.896484	1514.859131
2016.119141	1506.24646
2019.339844	1506.066284
2022.558594	1495.140137
2025.777344	1504.168701
2028.994141	1494.000732
2032.208984	1529.161377
2035.423828	1489.014404
2038.636719	1528.813965
2041.847656	1450.168823
2045.058594	1553.861938
2048.267578	1539.067871
2051.476563	1521.951294
2054.683594	1531.018555
2057.888672	1506.94751
2061.09375	1516.786377
2064.296875	1498.861572
2067.498047	1529.540649
2070.699219	1542.486816
2073.898438	1546.947144
2077.097656	1523.596436
2080.292969	1538.873047
2083.490234	1513.953857
2086.683594	1533.105347
2089.876953	1498.878174
2093.068359	1502.555664
2096.259766	1496.942749
2099.449219	1522.313599
2102.636719	1505.078003
2105.824219	1527.369751
2109.009766	1534.94165
2112.195313	1459.496216
2115.378906	1491.885986
2118.560547	1503.334473
2121.742188	1507.800049
2124.921875	1506.828979
2128.099609	1531.511597
2131.277344	1525.881958
2134.453125	1472.010376
2137.626953	1489.702148
2140.800781	1518.307983
2143.972656	1527.462524
2147.144531	1507.013428
2150.314453	1529.421753
2153.482422	1494.140259
2156.650391	1489.255859
2159.816406	1475.782837
2162.980469	1527.099121
2166.144531	1508.943359
2169.306641	1552.498169
2172.46875	1524.957886
2175.628906	1543.529907
2178.787109	1523.004272
2181.945313	1491.50708
2185.101563	1521.829102
2188.255859	1480.908813
2191.410156	1508.115601
2194.564453	1504.777222
2197.714844	1569.647339
2200.865234	1529.465332
2204.013672	1497.883179
2207.162109	1509.448242
2210.308594	1533.585693
2213.455078	1509.82312
2216.599609	1520.619141
2219.742188	1574.661499
2222.884766	1509.990479
2226.025391	1537.319946
2229.164063	1505.640625
2232.302734	1529.839111
2235.439453	1532.001343
2238.576172	1532.588989
2241.710938	1528.447021
2244.84375	1528.244507
2247.976563	1498.064209
2251.107422	1537.307739
2254.236328	1579.738892
2257.365234	1506.104858
2260.492188	1546.975708
2263.619141	1523.06604
2266.744141	1537.881348
2269.867188	1508.412231
2272.990234	1516.902222
2276.111328	1543.60498
2279.232422	1507.768066
2282.351563	1540.032349
2285.46875	1533.488525
2288.585938	1534.86731
2291.701172	1518.005249
2294.816406	1544.767578
2297.929688	1501.703247
2301.041016	1514.186768
2304.152344	1532.239746
2307.261719	1507.396484
2310.369141	1529.43457
2313.476563	1554.669922
2316.583984	1505.144287
2319.6875	1559.834839
2322.791016	1542.914307
2325.894531	1650.22522
2328.996094	1677.943237
2332.095703	1647.497437
2335.195313	1558.024048
2338.292969	1519.532104
2341.388672	1534.473633
2344.484375	1567.786255
2347.578125	1542.030029
2350.671875	1553.800659
2353.763672	1540.006348
2356.853516	1481.430542
2359.943359	1533.979248
2363.03125	1539.362671
2366.119141	1556.755493
2369.205078	1539.731567
2372.289063	1507.475342
2375.373047	1573.75415
2378.457031	1545.493652
2381.537109	1589.383179
2384.617188	1529.017944
2387.697266	1528.795288
2390.773438	1512.515625
2393.851563	1536.379639
2396.925781	1513.662476
2400	1522.273315
2403.074219	1525.261963
2406.146484	1541.926514
2409.216797	1599.640259
2412.286133	1508.481201
2415.355469	1511.467896
2418.421875	1556.345581
2421.488281	1539.2052
2424.553711	1554.298462
2427.617188	1560.531372
2430.679688	1571.609375
2433.741211	1571.39624
2436.801758	1575.219482
2439.861328	1530.583496
2442.918945	1591.761475
2445.976563	1571.346436
2449.032227	1564.662109
2452.086914	1547.456299
2455.140625	1571.507568
2458.192383	1559.147827
2461.243164	1554.876831
2464.293945	1557.893433
2467.342773	1598.192261
2470.390625	1571.229004
2473.436523	1553.977783
2476.482422	1520.485962
2479.526367	1533.233521
2482.569336	1581.716797
2485.611328	1544.94751
2488.652344	1599.15918
2491.692383	1584.315796
2494.730469	1561.329102
2497.768555	1590.38855
2500.804688	1576.338013
2503.839844	1605.424194
2506.873047	1609.285034
2509.90625	1611.519043
2512.938477	1565.667603
2515.96875	1588.269409
2518.998047	1614.966064
2522.026367	1609.044556
2525.053711	1599.036987
2528.079102	1584.938721
2531.104492	1591.251099
2534.12793	1568.14978
2537.150391	1585.087036
2540.171875	1605.307739
2543.192383	1627.179443
2546.211914	1587.6875
2549.230469	1594.012939
2552.24707	1549.564209
2555.262695	1582.916748
2558.277344	1617.113525
2561.291016	1630.017456
2564.303711	1606.02002
2567.31543	1591.030151
2570.325195	1617.071289
2573.333984	1594.683228
2576.341797	1588.707397
2579.348633	1594.231445
2582.354492	1616.200684
2585.359375	1601.178833
2588.363281	1600.953857
2591.365234	1652.577026
2594.366211	1635.904297
2597.366211	1622.513062
2600.365234	1600.04834
2603.363281	1629.492798
2606.360352	1615.258545
2609.355469	1621.634277
2612.350586	1655.244263
2615.34375	1618.715332
2618.335938	1637.484741
2621.327148	1619.920776
2624.317383	1636.224854
2627.306641	1631.046875
2630.293945	1610.151733
2633.280273	1634.742188
2636.266602	1618.797852
2639.250977	1657.483643
2642.234375	1604.265137
2645.216797	1669.48645
2648.197266	1674.250732
2651.177734	1653.314697
2654.157227	1663.05249
2657.134766	1660.350708
2660.111328	1634.404541
2663.086914	1649.127319
2666.061523	1662.199219
2669.035156	1656.998535
2672.007813	1646.805908
2674.978516	1664.880005
2677.949219	1706.260742
2680.917969	1623.670288
2683.885742	1695.869385
2686.852539	1664.016479
2689.818359	1692.126343
2692.783203	1651.913086
2695.74707	1661.695557
2698.708984	1671.484985
2701.670898	1653.746582
2704.630859	1686.910889
2707.589844	1722.60437
2710.547852	1751.641357
2713.504883	1752.288452
2716.460938	1734.545166
2719.416016	1752.74646
2722.369141	1714.912476
2725.322266	1770.777588
2728.273438	1770.593628
2731.223633	1756.172241
2734.173828	1750.955444
2737.12207	1759.143677
2740.069336	1779.913574
2743.014648	1771.343628
2745.959961	1772.835205
2748.904297	1729.843262
2751.84668	1766.584351
2754.788086	1727.757446
2757.729492	1777.127686
2760.668945	1729.869751
2763.607422	1748.164185
2766.544922	1720.207031
2769.481445	1734.303223
2772.416016	1693.692627
2775.350586	1773.472778
2778.28418	1748.851929
2781.21582	1773.933105
2784.146484	1681.007813
2787.077148	1754.152344
2790.005859	1694.896729
2792.933594	1745.312256
2795.860352	1702.050293
2798.785156	1682.404541
2801.709961	1748.922729
2804.633789	1740.266602
2807.555664	1745.977295
2810.477539	1705.171631
2813.397461	1754.025513
2816.316406	1780.060913
2819.234375	1735.834717
2822.151367	1736.469971
2825.067383	1819.300049
2827.982422	1791.992065
2830.896484	1812.151001
2833.80957	1822.993042
2836.720703	1866.089722
2839.631836	1976.281982
2842.541016	2041.545288
2845.450195	2224.092041
2848.357422	2375.327393
2851.263672	2419.55249
2854.168945	2511.435547
2857.073242	2573.60791
2859.976563	2623.058594
2862.878906	2737.251221
2865.779297	2854.93335
2868.679688	2952.252197
2871.579102	3171.524414
2874.476563	3217.01709
2877.374023	3277.895264
2880.269531	3269.702637
2883.164063	3325.52124
2886.057617	3313.069336
2888.950195	3380.047363
2891.841797	3411.184326
2894.732422	3446.617188
2897.62207	3426.491699
2900.510742	3551.775391
2903.398438	3558.200195
2906.28418	3597.158936
2909.169922	3782.584717
2912.053711	3877.335938
2914.9375	3931.019531
2917.819336	4080.759033
2920.700195	4189.440918
2923.581055	4351.391602
2926.459961	4554.654785
2929.337891	4491.055664
2932.214844	4659.30127
2935.09082	4717.694336
2937.96582	4589.621582
2940.838867	4562.050293
2943.711914	4394.26123
2946.583984	4171.283691
2949.454102	3966.21875
2952.324219	3871.217041
2955.193359	3745.137451
2958.060547	3711.163086
2960.926758	3615.963623
2963.792969	3496.550781
2966.657227	3466.760254
2969.520508	3389.487793
2972.382813	3388.121582
2975.244141	3329.760986
2978.104492	3192.748291
2980.963867	3091.065918
2983.822266	3037.719482
2986.679688	2867.589355
2989.536133	2823.638428
2992.390625	2767.539795
2995.245117	2663.785889
2998.098633	2536.573975
3000.950195	2425.730469
3003.801758	2264.541016
3006.651367	2272.291504
3009.500977	2182.913086
3012.348633	2113.424316
3015.195313	2041.28125
3018.041992	2063.719971
3020.886719	1966.319336
3023.730469	1945.305054
3026.573242	1958.171631
3029.415039	1919.74939
3032.255859	1967.405762
3035.095703	1934.178833
3037.93457	1871.334351
3040.772461	1939.049438
3043.609375	1931.90564
3046.445313	1916.914307
3049.280273	1935.90564
3052.114258	1930.495605
3054.946289	2010.562866
3057.77832	2009.537598
3060.609375	2014.62146
3063.438477	2021.454834
3066.267578	1991.605225
3069.094727	1964.355225
3071.921875	1918.728394
3074.74707	1896.678711
3077.572266	1855.368042
3080.395508	1850.780518
3083.21875	1841.812256
3086.040039	1873.119507
3088.860352	1853.639893
3091.679688	1821.877441
3094.499023	1778.695679
3097.316406	1780.207153
3100.132813	1810.668823
3102.948242	1798.150757
3105.762695	1771.577026
3108.576172	1833.682373
3111.388672	1806.223022
3114.201172	1824.442749
3117.011719	1765.310913
3119.821289	1788.804932
3122.629883	1794.719971
3125.436523	1796.238403
3128.243164	1790.714478
3131.048828	1829.221313
3133.853516	1800.797974
3136.657227	1774.116577
3139.459961	1785.326416
3142.261719	1748.918335
3145.0625	1772.478149
3147.861328	1785.463379
3150.660156	1764.907471
3153.458008	1745.219727
3156.254883	1788.247559
3159.049805	1747.341309
3161.844727	1789.515625
3164.638672	1795.456421
3167.430664	1763.355713
3170.222656	1771.945923
3173.013672	1782.312622
3175.802734	1736.00061
3178.591797	1788.004395
3181.379883	1786.864136
3184.166016	1778.629517
3186.952148	1792.562744
3189.737305	1778.112549
3192.520508	1735.248535
3195.303711	1802.454712
3198.084961	1782.661987
3200.866211	1778.220947
