399.363281	1016.318726
403.25	1047.917725
407.134766	1028.015747
411.017578	1016.369629
414.898438	974.788269
418.777344	1006.422852
422.654297	991.565063
426.53125	991.994873
430.404297	973.928345
434.277344	971.797913
438.148438	964.558472
442.017578	969.446533
445.884766	985.838928
449.751953	972.20343
453.615234	936.814087
457.478516	992.236938
461.339844	984.345825
465.199219	990.533997
469.056641	962.777039
472.912109	992.671997
476.765625	962.967957
480.619141	981.984436
484.470703	992.03363
488.320313	1014.288269
492.167969	964.631897
496.013672	971.473145
499.857422	979.605591
503.699219	985.172546
507.541016	981.093872
511.380859	962.208191
515.21875	995.461426
519.054688	1010.062012
522.888672	985.363464
526.720703	1009.642639
530.552734	1017.172241
534.380859	1004.704346
538.208984	1003.19989
542.035156	986.839661
545.859375	1007.939697
549.683594	979.285278
553.503906	979.059509
557.324219	958.13092
561.140625	969.545349
564.957031	962.19165
568.773438	976.856018
572.585938	957.833496
576.396484	964.727966
580.207031	941.143005
584.015625	944.142273
587.820313	943.89801
591.626953	945.601563
595.429688	955.752808
599.230469	947.062195
603.03125	942.265625
606.828125	941.368042
610.625	953.486328
614.419922	961.056824
618.214844	951.045715
622.005859	985.991638
625.796875	975.330139
629.583984	979.008423
633.371094	952.673767
637.15625	1016.402161
640.941406	1005.734192
644.722656	1021.190979
648.503906	988.945557
652.283203	957.980103
656.060547	991.752747
659.835938	975.159851
663.609375	1021.408325
667.382813	997.608032
671.152344	1019.003296
674.921875	990.591919
678.689453	1013.31366
682.455078	1005.215576
686.220703	1021.398071
689.982422	1006.728943
693.744141	1007.157654
697.503906	1004.957336
701.261719	1009.330383
705.017578	1020.285034
708.773438	1033.881226
712.525391	1063.948242
716.277344	1065.717896
720.027344	1081.985596
723.775391	1072.557129
727.523438	1125.773193
731.267578	1082.705566
735.011719	1077.884888
738.753906	1088.908081
742.494141	1082.103394
746.232422	1134.113281
749.970703	1094.262085
753.707031	1132.42981
757.439453	1110.410645
761.171875	1124.784058
764.904297	1125.260742
768.632813	1127.725342
772.361328	1119.585815
776.087891	1145.922852
779.8125	1208.77063
783.535156	1174.105591
787.255859	1174.602539
790.976563	1169.121094
794.695313	1167.621948
798.412109	1194.044434
802.126953	1145.330688
805.839844	1195.719604
809.552734	1162.275391
813.263672	1170.757935
816.972656	1183.244873
820.679688	1195.741943
824.384766	1194.246338
828.089844	1163.397461
831.791016	1202.595703
835.492188	1199.097168
839.193359	1142.828857
842.890625	1151.997559
846.587891	1171.869507
850.28125	1213.158813
853.974609	1189.583984
857.666016	1184.730347
861.357422	1197.282593
865.044922	1151.563477
868.732422	1151.378052
872.417969	1165.942383
876.101563	1165.762329
879.785156	1184.370605
883.464844	1153.316895
887.144531	1171.934937
890.822266	1140.17749
894.5	1146.033936
898.173828	1166.016357
901.847656	1149.015259
905.519531	1167.669067
909.189453	1139.881104
912.857422	1142.380249
916.523438	1121.296265
920.189453	1162.889282
923.853516	1150.562988
927.515625	1138.226196
931.177734	1131.278564
934.835938	1174.969971
938.494141	1167.355713
942.150391	1177.306519
945.804688	1140.613159
949.458984	1129.591919
953.109375	1140.891846
956.759766	1157.616577
960.408203	1148.619507
964.056641	1154.520264
967.701172	1173.304321
971.345703	1198.206665
974.988281	1147.828613
978.628906	1161.203125
982.267578	1158.972534
985.90625	1182.550781
989.542969	1195.955566
993.177734	1181.499268
996.810547	1189.473389
1000.443359	1259.367798
1004.074219	1305.497192
1007.703125	1206.624634
1011.330078	1221.433594
1014.955078	1174.237427
1018.580078	1141.319092
1022.203125	1153.390015
1025.824219	1167.517822
1029.443359	1176.195923
1033.0625	1179.41748
1036.679688	1194.939331
1040.294922	1191.335693
1043.908203	1171.318115
1047.519531	1167.70105
1051.130859	1170.239868
1054.740234	1187.157837
1058.347656	1220.527588
1061.953125	1210.756836
1065.558594	1247.590942
1069.162109	1223.421509
1072.763672	1194.429077
1076.363281	1227.869751
1079.962891	1251.03833
1083.560547	1224.081055
1087.15625	1266.508179
1090.75	1244.34668
1094.34375	1227.668579
1097.933594	1216.480835
1101.523438	1243.14209
1105.113281	1252.609497
1108.699219	1220.749878
1112.285156	1238.485474
1115.869141	1223.829956
1119.451172	1198.12561
1123.03125	1249.685547
1126.611328	1234.325073
1130.189453	1272.129517
1133.765625	1228.437622
1137.341797	1192.312378
1140.914063	1196.954346
1144.486328	1222.352905
1148.056641	1199.328369
1151.626953	1199.131592
1155.193359	1207.245972
1158.759766	1242.390137
1162.324219	1222.800537
1165.888672	1225.385864
1169.449219	1225.891602
1173.009766	1256.241943
1176.568359	1241.484741
1180.125	1248.943115
1183.681641	1211.932739
1187.236328	1230.507568
1190.789063	1229.623779
1194.339844	1223.172852
1197.890625	1264.744385
1201.439453	1261.783569
1204.986328	1311.067749
1208.53125	1285.12439
1212.076172	1299.597656
1215.619141	1284.787476
1219.160156	1372.53894
1222.699219	1356.349854
1226.238281	1414.871216
1229.775391	1395.890991
1233.310547	1379.690308
1236.84375	1429.901855
1240.376953	1420.696289
1243.908203	1406.584106
1247.4375	1412.762451
1250.964844	1444.158691
1254.492188	1401.310791
1258.017578	1404.689575
1261.541016	1388.436401
1265.064453	1389.005981
1268.583984	1397.29541
1272.103516	1399.974609
1275.623047	1385.798462
1279.138672	1412.365112
1282.654297	1400.993408
1286.167969	1420.554932
1289.679688	1410.58374
1293.191406	1462.540161
1296.701172	1478.629272
1300.208984	1485.573853
1303.714844	1531.281616
1307.220703	1509.348755
1310.722656	1516.313354
1314.226563	1515.522217
1317.726563	1528.846802
1321.226563	1537.94519
1324.724609	1548.463379
1328.220703	1524.361206
1331.714844	1573.059204
1335.208984	1552.483032
1338.701172	1559.484985
1342.191406	1544.548462
1345.681641	1499.857178
1349.169922	1492.676147
1352.65625	1484.780273
1356.140625	1434.336548
1359.625	1488.828369
1363.107422	1458.922607
1366.587891	1473.004761
1370.068359	1440.93689
1373.544922	1472.784058
1377.021484	1433.581665
1380.498047	1446.963989
1383.970703	1452.532227
1387.443359	1438.890869
1390.914063	1451.578613
1394.384766	1428.666382
1397.851563	1451.334351
1401.318359	1439.807251
1404.785156	1471.767212
1408.248047	1430.990601
1411.710938	1448.699463
1415.171875	1467.850098
1418.630859	1490.587036
1422.089844	1458.324463
1425.546875	1449.623901
1429.001953	1465.229126
1432.457031	1507.315796
1435.908203	1537.985474
1439.361328	1578.703247
1442.810547	1594.384521
1446.257813	1612.227905
1449.705078	1564.853149
1453.152344	1646.522339
1456.595703	1608.44873
1460.039063	1596.181274
1463.480469	1614.059448
1466.919922	1554.376465
1470.359375	1590.934448
1473.796875	1502.43811
1477.232422	1508.799072
1480.666016	1531.71228
1484.099609	1522.974854
1487.53125	1511.349854
1490.962891	1468.741089
1494.390625	1464.290161
1497.818359	1419.464478
1501.246094	1413.546875
1504.669922	1383.815063
1508.09375	1382.930054
1511.515625	1430.422729
1514.935547	1419.442017
1518.355469	1417.124023
1521.773438	1435.769043
1525.189453	1419.713501
1528.605469	1423.179932
1532.019531	1486.001953
1535.431641	1450.39502
1538.841797	1508.207153
1542.251953	1474.753784
1545.660156	1465.922729
1549.068359	1504.952637
1552.472656	1532.404297
1555.876953	1554.796753
1559.28125	1541.625244
1562.681641	1560.406372
1566.082031	1553.039673
1569.480469	1577.655884
1572.878906	1627.02063
1576.273438	1624.763794
1579.667969	1598.484009
1583.0625	1598.397705
1586.453125	1567.714355
1589.84375	1602.596558
1593.234375	1558.036987
1596.621094	1536.781006
1600.007813	1549.072144
1603.392578	1592.030762
1606.777344	1576.603638
1610.160156	1550.205688
1613.541016	1523.786255
1616.919922	1560.953003
1620.298828	1549.144287
1623.675781	1563.667236
1627.050781	1553.313354
1630.425781	1558.328979
1633.798828	1575.802246
1637.169922	1558.843506
1640.541016	1562.399902
1643.910156	1637.838745
1647.277344	1635.558594
1650.642578	1596.573486
1654.007813	1670.646606
1657.371094	1654.417358
1660.734375	1691.09021
1664.09375	1637.358643
1667.453125	1672.582153
1670.8125	1651.175415
1674.167969	1665.820557
1677.523438	1649.547974
1680.878906	1624.421631
1684.230469	1574.217041
1687.582031	1554.93811
1690.933594	1549.657349
1694.28125	1517.070679
1697.628906	1468.218018
1700.974609	1490.218384
1704.320313	1473.081787
1707.664063	1467.755981
1711.005859	1486.824097
1714.345703	1451.173584
1717.685547	1469.509521
1721.023438	1436.783936
1724.361328	1444.020142
1727.695313	1446.07605
1731.03125	1452.579956
1734.363281	1416.087036
1737.695313	1400.332397
1741.025391	1431.310547
1744.353516	1440.786621
1747.681641	1435.418213
1751.007813	1441.188354
1754.332031	1461.083008
1757.65625	1411.850342
1760.978516	1402.741577
1764.298828	1439.75708
1767.619141	1427.674072
1770.9375	1449.835083
1774.253906	1405.713013
1777.570313	1429.372681
1780.884766	1391.916626
1784.197266	1449.897217
1787.509766	1443.010132
1790.818359	1451.045776
1794.128906	1457.593994
1797.435547	1432.772461
1800.742188	1433.339355
1804.048828	1450.35376
1807.351563	1430.734131
1810.654297	1447.012085
1813.955078	1422.883911
1817.255859	1412.963257
1820.554688	1420.263306
1823.851563	1411.831909
1827.148438	1459.619141
1830.443359	1455.695801
1833.736328	1430.011108
1837.027344	1465.101563
1840.318359	1399.604004
1843.609375	1439.967529
1846.896484	1468.339233
1850.183594	1467.414795
1853.46875	1467.993408
1856.753906	1466.315063
1860.037109	1488.71936
1863.318359	1438.859253
1866.599609	1478.594116
1869.878906	1458.077637
1873.15625	1463.174683
1876.433594	1447.160034
1879.708984	1458.291382
1882.982422	1454.336914
1886.255859	1445.093872
1889.527344	1427.53479
1892.796875	1436.407715
1896.066406	1445.287354
1899.333984	1457.95459
1902.599609	1485.761353
1905.865234	1467.425171
1909.128906	1479.357788
1912.390625	1424.649292
1915.652344	1443.393066
1918.912109	1424.251953
1922.169922	1495.331055
1925.427734	1473.160278
1928.683594	1450.971802
1931.939453	1422.692139
1935.191406	1439.958252
1938.445313	1442.042114
1941.695313	1428.926025
1944.945313	1440.891357
1948.193359	1452.10498
1951.441406	1467.131836
1954.6875	1474.557495
1957.931641	1430.202881
1961.173828	1477.235596
1964.416016	1488.483643
1967.658203	1435.694336
1970.896484	1500.32666
1974.134766	1463.523926
1977.373047	1466.385986
1980.607422	1436.41333
1983.84375	1482.811035
1987.076172	1446.706665
1990.308594	1467.149658
1993.539063	1459.309326
1996.767578	1453.757813
1999.996094	1452.028809
2003.222656	1468.675781
2006.449219	1479.207031
2009.673828	1475.952271
2012.896484	1467.328125
2016.119141	1434.922241
2019.339844	1433.946899
2022.558594	1462.136597
2025.777344	1484.2052
2028.994141	1470.188843
2032.208984	1481.519165
2035.423828	1455.959351
2038.636719	1489.593872
2041.847656	1465.555176
2045.058594	1478.439209
2048.267578	1506.731323
2051.476563	1478.819092
2054.683594	1450.884766
2057.888672	1476.114746
2061.09375	1461.265991
2064.296875	1461.062256
2067.498047	1499.443726
2070.699219	1482.269531
2073.898438	1474.349487
2077.097656	1457.924194
2080.292969	1446.896118
2083.490234	1456.736084
2086.683594	1485.921021
2089.876953	1443.937378
2093.068359	1446.819458
2096.259766	1530.242554
2099.449219	1449.490479
2102.636719	1464.777344
2105.824219	1504.110352
2109.009766	1480.648682
2112.195313	1470.359009
2115.378906	1516.724854
2118.560547	1461.402588
2121.742188	1501.585571
2124.921875	1508.383301
2128.099609	1514.408447
2131.277344	1521.215576
2134.453125	1470.454346
2137.626953	1500.598633
2140.800781	1473.148071
2143.972656	1454.244019
2147.144531	1508.571777
2150.314453	1463.941895
2153.482422	1484.002563
2156.650391	1471.31311
2159.816406	1470.319824
2162.980469	1470.106201
2166.144531	1497.228027
2169.306641	1471.23999
2172.46875	1477.278442
2175.628906	1514.598511
2178.787109	1482.328247
2181.945313	1475.073853
2185.101563	1457.636719
2188.255859	1496.571411
2191.410156	1487.746216
2194.564453	1503.99353
2197.714844	1460.665894
2200.865234	1496.523071
2204.013672	1445.312012
2207.162109	1478.835327
2210.308594	1483.329956
2213.455078	1493.326538
2216.599609	1492.328613
2219.742188	1468.531006
2222.884766	1501.3396
2226.025391	1454.710571
2229.164063	1513.51123
2232.302734	1473.149292
2235.439453	1479.228027
2238.576172	1443.549072
2241.710938	1490.610352
2244.84375	1484.873169
2247.976563	1479.920288
2251.107422	1525.470215
2254.236328	1440.79126
2257.365234	1506.894653
2260.492188	1540.655029
2263.619141	1490.6604
2266.744141	1444.580566
2269.867188	1472.026855
2272.990234	1535.893188
2276.111328	1488.985107
2279.232422	1516.478882
2282.351563	1458.436035
2285.46875	1535.073486
2288.585938	1546.759277
2291.701172	1525.143188
2294.816406	1492.402588
2297.929688	1532.658081
2301.041016	1511.804688
2304.152344	1448.836304
2307.261719	1470.049316
2310.369141	1472.994873
2313.476563	1522.065552
2316.583984	1505.144287
2319.6875	1487.413818
2322.791016	1577.148193
2325.894531	1615.978271
2328.996094	1620.577637
2332.095703	1638.729858
2335.195313	1518.953857
2338.292969	1511.555542
2341.388672	1517.716553
2344.484375	1492.749634
2347.578125	1499.706055
2350.671875	1481.902466
2353.763672	1538.407959
2356.853516	1523.802734
2359.943359	1485.192627
2363.03125	1511.359619
2366.119141	1471.114014
2369.205078	1493.291382
2372.289063	1466.624512
2375.373047	1508.047607
2378.457031	1472.547729
2381.537109	1507.588501
2384.617188	1535.435547
2387.697266	1506.324829
2390.773438	1511.712891
2393.851563	1524.332764
2396.925781	1556.244263
2400	1486.105225
2403.074219	1559.031616
2406.146484	1521.817871
2409.216797	1495.036011
2412.286133	1528.60498
2415.355469	1506.636353
2418.421875	1507.206299
2421.488281	1529.53479
2424.553711	1561.553955
2427.617188	1509.723389
2430.679688	1509.487305
2433.741211	1531.04187
2436.801758	1500.13208
2439.861328	1474.0448
2442.918945	1520.657471
2445.976563	1526.081421
2449.032227	1525.040161
2452.086914	1526.424561
2455.140625	1519.717407
2458.192383	1508.147705
2461.243164	1518.434326
2464.293945	1531.158813
2467.342773	1507.422729
2470.390625	1546.906616
2473.436523	1523.157715
2476.482422	1516.429199
2479.526367	1529.986816
2482.569336	1518.383179
2485.611328	1540.886108
2488.652344	1515.463257
2491.692383	1511.156006
2494.730469	1526.361816
2497.768555	1522.05481
2500.804688	1483.564331
2503.839844	1522.38501
2506.873047	1505.039917
2509.90625	1563.450439
2512.938477	1520.841064
2515.96875	1535.272827
2518.998047	1552.161865
2522.026367	1537.241333
2525.053711	1558.224365
2528.079102	1495.93396
2531.104492	1503.84668
2534.12793	1515.85083
2537.150391	1517.23645
2540.171875	1547.245239
2543.192383	1536.371582
2546.211914	1512.395142
2549.230469	1548.984375
2552.24707	1556.935303
2555.262695	1523.106812
2558.277344	1524.496338
2561.291016	1527.526367
2564.303711	1543.682129
2567.31543	1531.130615
2570.325195	1528.419678
2573.333984	1538.844727
2576.341797	1550.098633
2579.348633	1551.49939
2582.354492	1549.612549
2585.359375	1548.546387
2588.363281	1555.705933
2591.365234	1520.074585
2594.366211	1577.449707
2597.366211	1553.329712
2600.365234	1556.380737
2603.363281	1581.687744
2606.360352	1570.733765
2609.355469	1553.997437
2612.350586	1569.428955
2615.34375	1552.678955
2618.335938	1569.772339
2621.327148	1600.921265
2624.317383	1580.03125
2627.306641	1586.405884
2630.293945	1554.743408
2633.280273	1558.630737
2636.266602	1543.485718
2639.250977	1552.338623
2642.234375	1604.265137
2645.216797	1579.176758
2648.197266	1553.240601
2651.177734	1596.932861
2654.157227	1588.401733
2657.134766	1548.333008
2660.111328	1614.48291
2663.086914	1577.714966
2666.061523	1565.009155
2669.035156	1649.519653
2672.007813	1547.881104
2674.978516	1597.519653
2677.949219	1613.08606
2680.917969	1567.911255
2683.885742	1576.817139
2686.852539	1573.236816
2689.818359	1594.647827
2692.783203	1603.57251
2695.74707	1564.14502
2698.708984	1619.772339
2701.670898	1589.499146
2704.630859	1606.78064
2707.589844	1608.209473
2710.547852	1633.027588
2713.504883	1585.165039
2716.460938	1635.906006
2719.416016	1664.105713
2722.369141	1661.373779
2725.322266	1678.723877
2728.273438	1639.159546
2731.223633	1650.651245
2734.173828	1642.88208
2737.12207	1642.649658
2740.069336	1644.093506
2743.014648	1658.957275
2745.959961	1662.085449
2748.904297	1629.963989
2751.84668	1670.026733
2754.788086	1625.284668
2757.729492	1623.362061
2760.668945	1629.002686
2763.607422	1690.144287
2766.544922	1587.301025
2769.481445	1689.704468
2772.416016	1602.778687
2775.350586	1623.578125
2778.28418	1638.495605
2781.21582	1631.512817
2784.146484	1610.192993
2787.077148	1612.470825
2790.005859	1625.717285
2792.933594	1625.469727
2795.860352	1625.22168
2798.785156	1618.216431
2801.709961	1633.172729
2804.633789	1630.390503
2807.555664	1582.793945
2810.477539	1626.510498
2813.397461	1583.953613
2816.316406	1611.619507
2819.234375	1692.650635
2822.151367	1647.528809
2825.067383	1676.094727
2827.982422	1728.416138
2830.896484	1694.28064
2833.80957	1712.714233
2836.720703	1750.678955
2839.631836	1778.484009
2842.541016	1847.071899
2845.450195	1927.603149
2848.357422	2011.592041
2851.263672	2065.036133
2854.168945	2098.107422
2857.073242	2139.710205
2859.976563	2202.620361
2862.878906	2272.386719
2865.779297	2254.477539
2868.679688	2331.128906
2871.579102	2374.594727
2874.476563	2506.766602
2877.374023	2560.5625
2880.269531	2590.505615
2883.164063	2583.766113
2886.057617	2561.651367
2888.950195	2572.83374
2891.841797	2549.843262
2894.732422	2639.671143
2897.62207	2687.662598
2900.510742	2622.770508
2903.398438	2669.933594
2906.28418	2714.5625
2909.169922	2824.307129
2912.053711	2867.30957
2914.9375	2929.196533
2917.819336	3033.135498
2920.700195	3104.560059
2923.581055	3148.582031
2926.459961	3232.972412
2929.337891	3235.002686
2932.214844	3328.07251
2935.09082	3312.094727
2937.96582	3358.846436
2940.838867	3286.980469
2943.711914	3154.854248
2946.583984	3104.371094
2949.454102	2974.664063
2952.324219	2873.276611
2955.193359	2718.411621
2958.060547	2730.595703
2960.926758	2706.585449
2963.792969	2686.006348
2966.657227	2624.869629
2969.520508	2574.043213
2972.382813	2592.236816
2975.244141	2478.323242
2978.104492	2456.757568
2980.963867	2458.507813
2983.822266	2349.607666
2986.679688	2296.838867
2989.536133	2299.396729
2992.390625	2211.089355
2995.245117	2160.809082
2998.098633	2094.903564
3000.950195	2026.351196
3003.801758	2005.414429
3006.651367	1970.590942
3009.500977	1875.033081
3012.348633	1854.017944
3015.195313	1833.855103
3018.041992	1790.23584
3020.886719	1796.95874
3023.730469	1759.375977
3026.573242	1753.054688
3029.415039	1729.339478
3032.255859	1723.871826
3035.095703	1729.710938
3037.93457	1690.293701
3040.772461	1732.693481
3043.609375	1791.672607
3046.445313	1743.520752
3049.280273	1736.300781
3052.114258	1771.800781
3054.946289	1785.519409
3057.77832	1787.903931
3060.609375	1812.111816
3063.438477	1856.420288
3066.267578	1808.167847
3069.094727	1802.697876
3071.921875	1761.383911
3074.74707	1720.914551
3077.572266	1691.78772
3080.395508	1704.643188
3083.21875	1709.629028
3086.040039	1685.719971
3088.860352	1707.346069
3091.679688	1725.481812
3094.499023	1682.265625
3097.316406	1660.942017
3100.132813	1662.411499
3102.948242	1717.413818
3105.762695	1656.573853
3108.576172	1675.606201
3111.388672	1684.109741
3114.201172	1653.950562
3117.011719	1682.671753
3119.821289	1651.610474
3122.629883	1635.482544
3125.436523	1634.304199
3128.243164	1677.144043
3131.048828	1698.877197
3133.853516	1680.098633
3136.657227	1660.425049
3139.459961	1653.96167
3142.261719	1663.368652
3145.0625	1653.371948
3147.861328	1605.416748
3150.660156	1608.63501
3153.458008	1587.125366
3156.254883	1622.145508
3159.049805	1647.468018
3161.844727	1668.387329
3164.638672	1615.910767
3167.430664	1650.104614
3170.222656	1670.160889
3173.013672	1637.106812
3175.802734	1620.857666
3178.591797	1630.291504
3181.379883	1661.003662
3184.166016	1695.283936
3186.952148	1674.596069
3189.737305	1668.976929
3192.520508	1636.725464
3195.303711	1652.398071
3198.084961	1609.458618
3200.866211	1676.075317
