399.363281	1189.836548
403.25	1184.630249
407.134766	1187.052734
411.017578	1164.020142
414.898438	1191.266357
418.777344	1145.920654
422.654297	1143.231201
426.53125	1167.315308
430.404297	1148.049072
434.277344	1132.59436
438.148438	1129.254761
442.017578	1109.307373
445.884766	1118.093384
449.751953	1135.196167
453.615234	1130.571533
457.478516	1102.911987
461.339844	1116.189209
465.199219	1128.837402
469.056641	1105.624146
472.912109	1111.869507
476.765625	1112.349854
480.619141	1105.133423
484.470703	1126.785889
488.320313	1111.223389
492.167969	1086.013672
496.013672	1116.037598
499.857422	1140.302002
503.699219	1135.649292
507.541016	1177.312622
511.380859	1137.915771
515.21875	1130.0354
519.054688	1145.338135
522.888672	1158.075928
526.720703	1135.36438
530.552734	1135.853149
534.380859	1137.632446
538.208984	1140.704102
542.035156	1136.67395
545.859375	1159.776733
549.683594	1157.043335
553.503906	1143.313843
557.324219	1133.453979
561.140625	1131.351929
564.957031	1128.600342
568.773438	1112.890381
572.585938	1106.887451
576.396484	1082.725586
580.207031	1107.188965
584.015625	1104.419434
587.820313	1126.964844
591.626953	1128.746948
595.429688	1072.054443
599.230469	1083.563965
603.03125	1100.2854
606.828125	1068.878906
610.625	1083.655151
614.419922	1083.467896
618.214844	1070.252075
622.005859	1079.833618
625.796875	1106.373779
629.583984	1093.802246
633.371094	1097.532471
637.15625	1129.988525
640.941406	1116.756836
644.722656	1124.420776
648.503906	1128.169189
652.283203	1118.842285
656.060547	1157.262939
659.835938	1132.232544
663.609375	1156.941406
667.382813	1157.434937
671.152344	1144.822388
674.921875	1136.787842
678.689453	1207.450073
682.455078	1130.539429
686.220703	1136.928955
689.982422	1128.21936
693.744141	1143.810425
697.503906	1152.841919
701.261719	1162.538208
705.017578	1193.292725
708.773438	1154.97229
712.525391	1224.593872
716.277344	1223.797241
720.027344	1226.953247
723.775391	1257.139771
727.523438	1232.612793
731.267578	1249.630981
735.011719	1179.53479
738.753906	1209.751099
742.494141	1221.495239
746.232422	1276.868774
749.970703	1274.765747
753.707031	1279.936768
757.439453	1246.730469
761.171875	1281.022461
764.904297	1268.319214
768.632813	1315.237915
772.361328	1300.549072
776.087891	1349.509888
779.8125	1379.272217
783.535156	1375.873901
787.255859	1344.584595
790.976563	1326.553833
794.695313	1297.210083
798.412109	1303.077393
802.126953	1293.651611
805.839844	1321.479736
809.552734	1342.008667
813.263672	1339.911865
816.972656	1330.484131
820.679688	1311.716919
824.384766	1342.943726
828.089844	1348.180176
831.791016	1328.060791
835.492188	1275.876831
839.193359	1294.449097
842.890625	1321.055176
846.587891	1345.677979
850.28125	1344.907593
853.974609	1378.927124
857.666016	1360.09729
861.357422	1350.625854
865.044922	1267.456665
868.732422	1332.328003
872.417969	1285.956055
876.101563	1311.314941
879.785156	1336.023682
883.464844	1344.641357
887.144531	1331.103149
890.822266	1350.475342
894.5	1322.812134
898.173828	1322.695557
901.847656	1319.214844
905.519531	1324.479858
909.189453	1364.760132
912.857422	1308.079346
916.523438	1267.523071
920.189453	1326.704956
923.853516	1323.889404
927.515625	1290.034668
931.177734	1353.349243
934.835938	1312.725098
938.494141	1317.328491
942.150391	1303.012085
945.804688	1310.995117
949.458984	1310.867798
953.109375	1295.852783
956.759766	1317.381226
960.408203	1319.286987
964.056641	1321.871582
967.701172	1316.324097
971.345703	1344.676758
974.988281	1312.676392
978.628906	1282.006226
982.267578	1315.810669
985.90625	1340.812866
989.542969	1357.001831
993.177734	1317.459961
996.810547	1366.976318
1000.443359	1491.374512
1004.074219	1526.710205
1007.703125	1393.883057
1011.330078	1356.99707
1014.955078	1327.576538
1018.580078	1339.720459
1022.203125	1273.435425
1025.824219	1316.954712
1029.443359	1323.647095
1033.0625	1357.661865
1036.679688	1347.295776
1040.294922	1332.136108
1043.908203	1301.92041
1047.519531	1326.404419
1051.130859	1322.165771
1054.740234	1327.508057
1058.347656	1351.34729
1061.953125	1351.909058
1065.558594	1395.656738
1069.162109	1359.204834
1072.763672	1368.688232
1076.363281	1376.119995
1079.962891	1424.755493
1083.560547	1390.314209
1087.15625	1397.07605
1090.75	1394.905762
1094.34375	1419.556274
1097.933594	1444.226929
1101.523438	1428.305542
1105.113281	1456.442627
1108.699219	1395.044189
1112.285156	1384.595093
1115.869141	1355.520874
1119.451172	1400.917114
1123.03125	1500.174683
1126.611328	1423.477783
1130.189453	1421.304321
1133.765625	1372.146973
1137.341797	1330.551514
1140.914063	1308.974365
1144.486328	1335.110962
1148.056641	1341.199219
1151.626953	1366.677734
1155.193359	1340.22998
1158.759766	1360.185181
1162.324219	1393.327148
1165.888672	1371.017456
1169.449219	1374.358398
1173.009766	1401.299683
1176.568359	1412.987305
1180.125	1353.137451
1183.681641	1378.712402
1187.236328	1379.280884
1190.789063	1366.635132
1194.339844	1345.629272
1197.890625	1422.054443
1201.439453	1419.158447
1204.986328	1548.620361
1208.53125	1449.598022
1212.076172	1485.055176
1215.619141	1503.10376
1219.160156	1567.918213
1222.699219	1562.280518
1226.238281	1631.361938
1229.775391	1657.183838
1233.310547	1664.155396
1236.84375	1666.237671
1240.376953	1631.247437
1243.908203	1662.008667
1247.4375	1635.388062
1250.964844	1657.070435
1254.492188	1619.915283
1258.017578	1617.075317
1261.541016	1620.543701
1265.064453	1618.402344
1268.583984	1612.749756
1272.103516	1619.729858
1275.623047	1634.441406
1279.138672	1628.084473
1282.654297	1623.12793
1286.167969	1601.992188
1289.679688	1686.368652
1293.191406	1711.692871
1296.701172	1673.66748
1300.208984	1801.143921
1303.714844	1763.827759
1307.220703	1752.564697
1310.722656	1815.344482
1314.226563	1786.453613
1317.726563	1820.358276
1321.226563	1759.669067
1324.724609	1783.699829
1328.220703	1811.989868
1331.714844	1846.665527
1335.208984	1833.981201
1338.701172	1818.455688
1342.191406	1791.591309
1345.681641	1753.374146
1349.169922	1678.995117
1352.65625	1678.262329
1356.140625	1729.995605
1359.625	1670.410034
1363.107422	1656.189331
1366.587891	1646.215942
1370.068359	1636.234009
1373.544922	1629.795776
1377.021484	1611.979858
1380.498047	1574.23999
1383.970703	1588.395874
1387.443359	1603.986084
1390.914063	1649.48877
1394.384766	1625.944946
1397.851563	1591.694214
1401.318359	1614.437256
1404.785156	1604.397461
1408.248047	1602.195923
1411.710938	1565.02356
1415.171875	1597.072388
1418.630859	1592.006958
1422.089844	1577.648438
1425.546875	1630.469482
1429.001953	1639.71228
1432.457031	1713.34668
1435.908203	1709.03186
1439.361328	1755.546631
1442.810547	1797.084839
1446.257813	1879.49939
1449.705078	1862.340088
1453.152344	1840.863647
1456.595703	1833.717651
1460.039063	1824.412231
1463.480469	1815.098877
1466.919922	1772.017944
1470.359375	1720.278687
1473.796875	1705.878296
1477.232422	1732.45813
1480.666016	1714.452881
1484.099609	1697.152466
1487.53125	1671.197144
1490.962891	1616.407593
1494.390625	1565.17627
1497.818359	1511.740479
1501.246094	1485.666626
1504.669922	1521.619385
1508.09375	1432.73291
1511.515625	1473.024902
1514.935547	1524.18457
1518.355469	1490.112061
1521.773438	1519.630737
1525.189453	1534.70813
1528.605469	1500.597412
1532.019531	1555.488647
1535.431641	1527.150879
1538.841797	1495.892212
1542.251953	1518.235474
1545.660156	1542.771362
1549.068359	1605.766235
1552.472656	1594.803345
1555.876953	1649.884644
1559.28125	1652.00061
1562.681641	1677.364258
1566.082031	1668.591064
1569.480469	1711.429565
1572.878906	1807.396606
1576.273438	1754.279297
1579.667969	1762.263062
1583.0625	1722.9198
1586.453125	1693.743408
1589.84375	1711.185425
1593.234375	1682.709106
1596.621094	1681.196167
1600.007813	1660.710327
1603.392578	1722.692627
1606.777344	1685.410522
1610.160156	1680.972412
1613.541016	1711.610229
1616.919922	1720.338379
1620.298828	1694.696533
1623.675781	1694.643555
1627.050781	1690.19812
1630.425781	1705.520752
1633.798828	1720.122559
1637.169922	1675.37207
1640.541016	1684.1073
1643.910156	1764.729126
1647.277344	1820.467041
1650.642578	1844.68457
1654.007813	1855.702881
1657.371094	1883.626221
1660.734375	1860.125732
1664.09375	1891.013184
1667.453125	1885.884155
1670.8125	1854.261108
1674.167969	1827.028931
1677.523438	1785.782959
1680.878906	1802.702759
1684.230469	1759.202271
1687.582031	1673.641235
1690.933594	1660.294556
1694.28125	1703.015137
1697.628906	1590.015869
1700.974609	1555.203125
1704.320313	1557.300049
1707.664063	1498.057129
1711.005859	1518.615967
1714.345703	1498.510498
1717.685547	1488.007813
1721.023438	1490.820557
1724.361328	1475.12207
1727.695313	1481.635254
1731.03125	1472.589966
1734.363281	1458.347168
1737.695313	1453.734863
1741.025391	1477.314331
1744.353516	1407.383545
1747.681641	1455.468018
1751.007813	1403.301392
1754.332031	1411.290283
1757.65625	1423.002441
1760.978516	1415.38562
1764.298828	1427.108032
1767.619141	1397.155518
1770.9375	1437.175903
1774.253906	1449.664795
1777.570313	1412.977295
1780.884766	1413.537231
1784.197266	1436.472168
1787.509766	1430.32605
1790.818359	1443.581543
1794.128906	1435.939209
1797.435547	1445.47168
1800.742188	1444.549072
1804.048828	1439.139771
1807.351563	1425.498779
1810.654297	1452.24939
1813.955078	1417.644409
1817.255859	1431.682983
1820.554688	1446.481323
1823.851563	1460.541626
1827.148438	1452.87207
1830.443359	1441.446289
1833.736328	1430.761353
1837.027344	1418.566528
1840.318359	1450.662476
1843.609375	1454.990601
1846.896484	1433.772461
1850.183594	1434.337891
1853.46875	1452.200439
1856.753906	1437.725952
1860.037109	1435.282104
1863.318359	1451.65918
1866.599609	1449.971313
1869.878906	1426.429443
1873.15625	1477.497437
1876.433594	1415.486816
1879.708984	1467.34436
1882.982422	1478.487793
1886.255859	1456.419067
1889.527344	1449.438721
1892.796875	1447.741821
1896.066406	1442.263672
1899.333984	1418.63208
1902.599609	1470.631348
1905.865234	1484.831421
1909.128906	1480.11499
1912.390625	1459.489258
1915.652344	1425.208618
1918.912109	1435.621704
1922.169922	1450.592407
1925.427734	1426.886963
1928.683594	1436.553101
1931.939453	1431.043091
1935.191406	1465.780273
1938.445313	1442.042114
1941.695313	1417.525024
1944.945313	1440.891357
1948.193359	1460.47229
1951.441406	1467.892822
1954.6875	1479.125122
1957.931641	1453.049561
1961.173828	1433.048096
1964.416016	1487.721558
1967.658203	1487.541016
1970.896484	1470.579468
1974.134766	1506.254639
1977.373047	1480.889648
1980.607422	1515.832275
1983.84375	1475.171631
1987.076172	1460.463013
1990.308594	1480.146851
1993.539063	1502.140137
1996.767578	1508.082397
1999.996094	1498.720337
2003.222656	1481.693237
2006.449219	1493.761597
2009.673828	1511.203369
2012.896484	1464.261597
2016.119141	1484.005615
2019.339844	1433.946899
2022.558594	1462.136597
2025.777344	1467.31311
2028.994141	1469.420776
2032.208984	1502.266602
2035.423828	1482.095947
2038.636719	1455.756958
2041.847656	1479.402954
2045.058594	1481.5177
2048.267578	1495.182495
2051.476563	1485.750977
2054.683594	1504.821045
2057.888672	1486.90625
2061.09375	1514.473022
2064.296875	1507.347168
2067.498047	1475.520508
2070.699219	1467.601318
2073.898438	1484.389648
2077.097656	1463.33252
2080.292969	1461.581543
2083.490234	1470.653931
2086.683594	1485.147461
2089.876953	1499.651978
2093.068359	1457.657104
2096.259766	1480.680054
2099.449219	1471.957153
2102.636719	1490.352783
2105.824219	1514.189453
2109.009766	1494.609741
2112.195313	1479.670044
2115.378906	1494.2146
2118.560547	1519.641235
2121.742188	1537.319092
2124.921875	1516.931519
2128.099609	1505.856812
2131.277344	1513.438477
2134.453125	1479.790527
2137.626953	1480.362427
2140.800781	1482.491455
2143.972656	1485.400879
2147.144531	1478.182251
2150.314453	1493.563721
2153.482422	1459.048218
2156.650391	1502.518066
2159.816406	1499.975952
2162.980469	1522.414795
2166.144531	1527.687988
2169.306641	1500.930542
2172.46875	1473.370361
2175.628906	1474.719971
2178.787109	1486.23938
2181.945313	1500.114868
2185.101563	1548.445435
2188.255859	1484.824463
2191.410156	1496.364014
2194.564453	1507.912231
2197.714844	1486.539185
2200.865234	1523.190674
2204.013672	1526.130249
2207.162109	1533.781494
2210.308594	1510.02832
2213.455078	1509.037476
2216.599609	1515.904053
2219.742188	1469.317139
2222.884766	1500.553101
2226.025391	1518.437744
2229.164063	1492.26062
2232.302734	1507.793091
2235.439453	1513.885132
2238.576172	1507.374146
2241.710938	1500.069458
2244.84375	1532.187256
2247.976563	1512.263916
2251.107422	1499.42749
2254.236328	1518.15979
2257.365234	1486.360474
2260.492188	1491.670044
2263.619141	1531.760254
2266.744141	1507.044678
2269.867188	1483.891724
2272.990234	1515.319702
2276.111328	1498.484253
2279.232422	1528.3573
2282.351563	1491.708374
2285.46875	1516.845947
2288.585938	1519.01123
2291.701172	1541.005371
2294.816406	1553.495117
2297.929688	1513.609009
2301.041016	1518.950928
2304.152344	1531.445435
2307.261719	1523.28894
2310.369141	1518.305542
2313.476563	1489.461182
2316.583984	1517.872803
2319.6875	1497.759766
2322.791016	1582.721069
2325.894531	1613.588989
2328.996094	1600.659058
2332.095703	1636.338745
2335.195313	1551.645264
2338.292969	1533.889893
2341.388672	1512.928833
2344.484375	1474.389648
2347.578125	1528.454346
2350.671875	1501.874146
2353.763672	1503.244385
2356.853516	1534.995483
2359.943359	1501.188232
2363.03125	1530.561646
2366.119141	1533.544312
2369.205078	1461.263672
2372.289063	1525.09729
2375.373047	1517.663208
2378.457031	1523.048828
2381.537109	1516.409424
2384.617188	1529.820068
2387.697266	1554.47583
2390.773438	1567.910278
2393.851563	1509.073364
2396.925781	1557.047607
2400	1505.394897
2403.074219	1520.437744
2406.146484	1532.274414
2409.216797	1551.36145
2412.286133	1561.608154
2415.355469	1549.314941
2418.421875	1512.845215
2421.488281	1550.487427
2424.553711	1529.307129
2427.617188	1516.981689
2430.679688	1533.690674
2433.741211	1500.372681
2436.801758	1554.227295
2439.861328	1565.314331
2442.918945	1524.697388
2445.976563	1555.988647
2449.032227	1529.891846
2452.086914	1549.883057
2455.140625	1544.803223
2458.192383	1566.433594
2461.243164	1553.257202
2464.293945	1547.361572
2467.342773	1556.859619
2470.390625	1605.280396
2473.436523	1606.696167
2476.482422	1594.31958
2479.526367	1565.700073
2482.569336	1570.349243
2485.611328	1569.315796
2488.652344	1487.835571
2491.692383	1537.168457
2494.730469	1548.317993
2497.768555	1558.662109
2500.804688	1561.689453
2503.839844	1532.154297
2506.873047	1573.450806
2509.90625	1552.044312
2512.938477	1538.771729
2515.96875	1569.516846
2518.998047	1574.184082
2522.026367	1569.063232
2525.053711	1569.651855
2528.079102	1575.140015
2531.104492	1579.815063
2534.12793	1579.590088
2537.150391	1531.95105
2540.171875	1582.409912
2543.192383	1533.917358
2546.211914	1588.505981
2549.230469	1542.434692
2552.24707	1614.265869
2555.262695	1555.879395
2558.277344	1590.06604
2561.291016	1624.277954
2564.303711	1589.615356
2567.31543	1580.363159
2570.325195	1622.817139
2573.333984	1544.592773
2576.341797	1593.636108
2579.348633	1624.636841
2582.354492	1626.065674
2585.359375	1612.692261
2588.363281	1596.840454
2591.365234	1665.744995
2594.366211	1615.321655
2597.366211	1628.27832
2600.365234	1618.174561
2603.363281	1592.402588
2606.360352	1604.539551
2609.355469	1601.013306
2612.350586	1612.336548
2615.34375	1611.286133
2618.335938	1620.969482
2621.327148	1619.094727
2624.317383	1600.690674
2627.306641	1593.019409
2630.293945	1629.172607
2633.280273	1652.942749
2636.266602	1637.005249
2639.250977	1617.743774
2642.234375	1653.958496
2645.216797	1641.316528
2648.197266	1618.71875
2651.177734	1648.339844
2654.157227	1636.51001
2657.134766	1652.053101
2660.111328	1630.254272
2663.086914	1651.618408
2666.061523	1623.987671
2669.035156	1668.632446
2672.007813	1643.480713
2674.978516	1634.110474
2677.949219	1657.177612
2680.917969	1678.597168
2683.885742	1680.05127
2686.852539	1659.019409
2689.818359	1682.96167
2692.783203	1639.411133
2695.74707	1682.539673
2698.708984	1679.825684
2701.670898	1685.453125
2704.630859	1686.910889
2707.589844	1701.72937
2710.547852	1673.957642
2713.504883	1733.904785
2716.460938	1719.498535
2719.416016	1736.858032
2722.369141	1766.778198
2725.322266	1732.282349
2728.273438	1763.059204
2731.223633	1744.447754
2734.173828	1773.575439
2737.12207	1749.08667
2740.069336	1768.176025
2743.014648	1764.634033
2745.959961	1761.088989
2748.904297	1743.272461
2751.84668	1773.301392
2754.788086	1726.91748
2757.729492	1766.204468
2760.668945	1753.405396
2763.607422	1705.279907
2766.544922	1726.936401
2769.481445	1731.778687
2772.416016	1761.878052
2775.350586	1748.209717
2778.28418	1710.943237
2781.21582	1751.179565
2784.146484	1704.612671
2787.077148	1712.828491
2790.005859	1764.076172
2792.933594	1671.043701
2795.860352	1684.320679
2798.785156	1718.721558
2801.709961	1742.163574
2804.633789	1686.173706
2807.555664	1722.302979
2810.477539	1720.396484
2813.397461	1693.950317
2816.316406	1710.652954
2819.234375	1802.727905
2822.151367	1760.187622
2825.067383	1759.984253
2827.982422	1782.667603
2830.896484	1808.759033
2833.80957	1828.931152
2836.720703	1910.217407
2839.631836	1963.548218
2842.541016	2060.228271
2845.450195	2204.552734
2848.357422	2327.73584
2851.263672	2426.35376
2854.168945	2461.257813
2857.073242	2532.770508
2859.976563	2629.867188
2862.878906	2692.126953
2865.779297	2823.420166
2868.679688	2961.624268
2871.579102	3025.775879
2874.476563	3230.659424
2877.374023	3227.571045
2880.269531	3280.795166
2883.164063	3252.967529
2886.057617	3292.575928
2888.950195	3315.98291
2891.841797	3377.00415
2894.732422	3356.006592
2897.62207	3443.594238
2900.510742	3509.858887
2903.398438	3586.439697
2906.28418	3595.447021
2909.169922	3735.484375
2912.053711	3813.084961
2914.9375	3935.304443
2917.819336	4055.040039
2920.700195	4229.748535
2923.581055	4251.014648
2926.459961	4412.1875
2929.337891	4480.753418
2932.214844	4588.875
2935.09082	4624.904297
2937.96582	4565.556152
2940.838867	4507.023438
2943.711914	4229.981934
2946.583984	4136.867188
2949.454102	3934.371826
2952.324219	3804.056396
2955.193359	3661.58667
2958.060547	3708.578125
2960.926758	3593.55249
2963.792969	3521.556885
2966.657227	3479.699219
2969.520508	3400.705566
2972.382813	3391.574463
2975.244141	3248.589355
2978.104492	3190.156738
2980.963867	3127.360352
2983.822266	3020.430176
2986.679688	2899.585938
2989.536133	2832.289307
2992.390625	2742.443115
2995.245117	2598.857666
2998.098633	2474.220703
3000.950195	2412.735352
3003.801758	2320.873047
3006.651367	2281.828125
3009.500977	2188.984131
3012.348633	2143.789551
3015.195313	2084.675781
3018.041992	2035.9375
3020.886719	2021.904297
3023.730469	1984.402222
3026.573242	1907.761597
3029.415039	1951.919067
3032.255859	1898.694458
3035.095703	1908.076538
3037.93457	1876.556763
3040.772461	1933.825317
3043.609375	1942.357788
3046.445313	1929.112915
3049.280273	1941.135498
3052.114258	1927.007813
3054.946289	1985.267212
3057.77832	2038.33252
3060.609375	2059.138672
3063.438477	2016.215576
3066.267578	2011.695923
3069.094727	1992.317505
3071.921875	1990.407593
3074.74707	1929.033325
3077.572266	1898.231323
3080.395508	1868.281982
3083.21875	1826.055298
3086.040039	1796.933716
3088.860352	1810.715332
3091.679688	1804.350952
3094.499023	1818.144287
3097.316406	1789.853516
3100.132813	1790.491821
3102.948242	1824.477905
3105.762695	1769.821289
3108.576172	1801.188843
3111.388672	1806.223022
3114.201172	1788.410889
3117.011719	1826.850586
3119.821289	1763.300781
3122.629883	1760.40918
3125.436523	1834.081787
3128.243164	1793.355591
3131.048828	1778.140503
3133.853516	1773.48645
3136.657227	1787.336548
3139.459961	1794.142944
3142.261719	1791.252197
3145.0625	1810.415771
3147.861328	1782.815674
3150.660156	1820.529785
3153.458008	1814.109985
3156.254883	1799.733398
3159.049805	1752.644409
3161.844727	1774.485107
3164.638672	1805.185425
3167.430664	1796.977173
3170.222656	1773.716187
3173.013672	1762.833862
3175.802734	1765.229126
3178.591797	1795.092651
3181.379883	1836.499268
3184.166016	1750.256592
3186.952148	1827.154541
3189.737305	1787.872681
3192.520508	1830.221313
3195.303711	1793.575562
3198.084961	1785.32666
3200.866211	1773.779785
