399.363281	1255.938599
403.25	1234.228271
407.134766	1253.848389
411.017578	1232.117554
414.898438	1161.978149
418.777344	1194.967896
422.654297	1210.1427
426.53125	1210.667236
430.404297	1176.112549
434.277344	1160.03186
438.148438	1177.77002
442.017578	1181.473022
445.884766	1174.317505
449.751953	1165.237915
453.615234	1195.796875
457.478516	1184.798706
461.339844	1156.510376
465.199219	1146.125244
469.056641	1169.040649
472.912109	1188.130249
476.765625	1182.2323
480.619141	1191.722534
484.470703	1198.653809
488.320313	1192.109741
492.167969	1139.318848
496.013672	1175.790894
499.857422	1198.152832
503.699219	1190.952637
507.541016	1191.466064
511.380859	1163.016846
515.21875	1201.50769
519.054688	1236.810669
522.888672	1205.120728
526.720703	1201.126587
530.552734	1214.543701
534.380859	1236.360596
538.208984	1202.032349
542.035156	1199.965942
545.859375	1226.326538
549.683594	1180.313477
553.503906	1183.407471
557.324219	1192.326294
561.140625	1192.191284
564.957031	1181.048218
568.773438	1150.46167
572.585938	1193.727539
576.396484	1200.074951
580.207031	1203.832886
584.015625	1175.797852
587.820313	1197.724731
591.626953	1181.352539
595.429688	1151.321533
599.230469	1158.314941
603.03125	1138.001953
606.828125	1146.296143
610.625	1175.424072
614.419922	1168.764893
618.214844	1132.786621
622.005859	1169.113647
625.796875	1167.005981
629.583984	1169.461792
633.371094	1149.081177
637.15625	1167.850586
640.941406	1226.473267
644.722656	1215.890259
648.503906	1192.878784
652.283203	1179.002075
656.060547	1192.589233
659.835938	1202.260742
663.609375	1212.594971
667.382813	1224.247803
671.152344	1222.803955
674.921875	1232.50354
678.689453	1206.794312
682.455078	1230.273682
686.220703	1244.582764
689.982422	1224.098267
693.744141	1214.107788
697.503906	1237.629028
701.261719	1251.306641
705.017578	1243.94519
708.773438	1217.492188
712.525391	1260.146606
716.277344	1310.740845
720.027344	1286.258179
723.775391	1348.112671
727.523438	1346.706909
731.267578	1304.393066
735.011719	1288.445435
738.753906	1325.311401
742.494141	1305.394653
746.232422	1313.218506
749.970703	1338.900757
753.707031	1359.974121
757.439453	1315.552124
761.171875	1324.716187
764.904297	1335.874634
768.632813	1368.907471
772.361328	1374.790405
776.087891	1361.446533
779.8125	1364.676758
783.535156	1422.33374
787.255859	1384.424072
790.976563	1371.724487
794.695313	1344.393433
798.412109	1374.879639
802.126953	1405.391235
805.839844	1427.943359
809.552734	1409.907837
813.263672	1427.818604
816.972656	1399.773315
820.679688	1413.694946
824.384766	1392.953979
828.089844	1382.201538
831.791016	1412.816406
835.492188	1379.362305
839.193359	1413.340698
842.890625	1382.530762
846.587891	1421.217773
850.28125	1425.160645
853.974609	1453.192505
857.666016	1408.958984
861.357422	1385.446167
865.044922	1389.379028
868.732422	1332.328003
872.417969	1406.640137
876.101563	1362.962524
879.785156	1380.311768
883.464844	1413.115356
887.144531	1406.321899
890.822266	1400.866211
894.5	1369.863403
898.173828	1405.406006
901.847656	1388.505493
905.519531	1381.685547
909.189453	1406.50415
912.857422	1384.193115
916.523438	1377.361572
920.189453	1367.827393
923.853516	1383.912842
927.515625	1368.974976
931.177734	1373.598877
934.835938	1378.901611
938.494141	1403.799316
942.150391	1365.864868
945.804688	1401.595093
949.458984	1371.067505
953.109375	1391.265503
956.759766	1414.864746
960.408203	1391.75293
964.056641	1378.784546
967.701172	1372.583008
971.345703	1386.718994
974.988281	1394.760986
978.628906	1389.914673
982.267578	1393.211304
985.90625	1399.227173
989.542969	1369.91272
993.177734	1417.391235
996.810547	1447.906738
1000.443359	1513.146362
1004.074219	1526.710205
1007.703125	1421.120605
1011.330078	1426.481812
1014.955078	1393.001343
1018.580078	1358.810669
1022.203125	1416.671265
1025.824219	1402.249634
1029.443359	1423.995728
1033.0625	1428.686401
1036.679688	1410.834595
1040.294922	1424.408325
1043.908203	1450.301025
1047.519531	1420.12146
1051.130859	1417.290527
1054.740234	1401.44873
1058.347656	1425.318726
1061.953125	1424.540771
1065.558594	1452.552368
1069.162109	1475.786499
1072.763672	1461.306152
1076.363281	1507.211792
1079.962891	1518.823608
1083.560547	1473.430908
1087.15625	1481.601563
1090.75	1447.842041
1094.34375	1455.320313
1097.933594	1504.775757
1101.523438	1524.673218
1105.113281	1501.891846
1108.699219	1495.625244
1112.285156	1439.730835
1115.869141	1471.353882
1119.451172	1485.068726
1123.03125	1462.221802
1126.611328	1511.150757
1130.189453	1492.438599
1133.765625	1486.147095
1137.341797	1463.952271
1140.914063	1437.589966
1144.486328	1427.807861
1148.056641	1452.619873
1151.626953	1500.299194
1155.193359	1453.820557
1158.759766	1476.594238
1162.324219	1479.283569
1165.888672	1472.265991
1169.449219	1522.825195
1173.009766	1526.229858
1176.568359	1506.723633
1180.125	1488.590088
1183.681641	1505.881958
1187.236328	1527.358887
1190.789063	1529.379395
1194.339844	1512.615356
1197.890625	1530.640015
1201.439453	1573.747803
1204.986328	1626.643555
1208.53125	1618.253296
1212.076172	1589.636597
1215.619141	1606.33313
1219.160156	1632.114258
1222.699219	1671.179443
1226.238281	1725.640137
1229.775391	1698.403809
1233.310547	1681.628662
1236.84375	1686.515015
1240.376953	1726.380249
1243.908203	1773.975586
1247.4375	1754.401733
1250.964844	1708.897705
1254.492188	1700.490601
1258.017578	1739.740356
1261.541016	1727.832031
1265.064453	1734.152832
1268.583984	1717.318848
1272.103516	1717.320801
1275.623047	1775.620117
1279.138672	1748.240967
1282.654297	1780.590332
1286.167969	1787.648804
1289.679688	1784.863281
1293.191406	1764.47937
1296.701172	1824.346802
1300.208984	1857.495728
1303.714844	1803.994873
1307.220703	1852.671021
1310.722656	1859.776001
1314.226563	1869.003052
1317.726563	1912.11731
1321.226563	1913.604858
1324.724609	1898.13916
1328.220703	1927.889404
1331.714844	1912.415894
1335.208984	1951.389893
1338.701172	1935.912354
1342.191406	1920.421631
1345.681641	1869.510376
1349.169922	1851.145142
1352.65625	1830.638306
1356.140625	1842.02002
1359.625	1854.828979
1363.107422	1836.425903
1366.587891	1845.692749
1370.068359	1809.515747
1373.544922	1845.775635
1377.021484	1802.460693
1380.498047	1793.239868
1383.970703	1793.969727
1387.443359	1786.871826
1390.914063	1847.398926
1394.384766	1823.935547
1397.851563	1830.377075
1401.318359	1813.301758
1404.785156	1833.291504
1408.248047	1810.495605
1411.710938	1794.103638
1415.171875	1809.110962
1418.630859	1787.70459
1422.089844	1830.58667
1425.546875	1839.192505
1429.001953	1830.642578
1432.457031	1854.99292
1435.908203	1877.931152
1439.361328	1887.28418
1442.810547	1986.892578
1446.257813	2029.973999
1449.705078	2016.459839
1453.152344	2058.870117
1456.595703	1986.527466
1460.039063	1997.379761
1463.480469	1927.106567
1466.919922	1944.407104
1470.359375	1923.636597
1473.796875	1949.575195
1477.232422	1903.618286
1480.666016	1909.424316
1484.099609	1913.075195
1487.53125	1843.285156
1490.962891	1875.003906
1494.390625	1828.921509
1497.818359	1834.706543
1501.246094	1828.956665
1504.669922	1799.392456
1508.09375	1797.231689
1511.515625	1798.678955
1514.935547	1793.625732
1518.355469	1799.407837
1521.773438	1749.527344
1525.189453	1861.611084
1528.605469	1828.355591
1532.019531	1855.873779
1535.431641	1825.484741
1538.841797	1812.456421
1542.251953	1825.506104
1545.660156	1874.815186
1549.068359	1922.712891
1552.472656	1947.430542
1555.876953	1960.553711
1559.28125	1976.591553
1562.681641	1969.395508
1566.082031	1990.536011
1569.480469	2021.87146
1572.878906	2051.049561
1576.273438	2051.873779
1579.667969	2009.751465
1583.0625	2014.927734
1586.453125	2015.736816
1589.84375	2002.699097
1593.234375	1971.423462
1596.621094	1948.145264
1600.007813	1981.031982
1603.392578	2002.995117
1606.777344	1976.048828
1610.160156	1987.799072
1613.541016	2011.251587
1616.919922	2003.284058
1620.298828	1956.544312
1623.675781	1950.010864
1627.050781	1939.811646
1630.425781	1939.123535
1633.798828	1934.03894
1637.169922	2000.039551
1640.541016	2004.505493
1643.910156	1988.4375
1647.277344	2006.842896
1650.642578	2066.369873
1654.007813	2107.584961
1657.371094	2082.7146
1660.734375	2160.715088
1664.09375	2071.879883
1667.453125	2072.707275
1670.8125	2120.627197
1674.167969	1981.612427
1677.523438	2000.813354
1680.878906	2011.188721
1684.230469	1983.248169
1687.582031	1942.750977
1690.933594	1936.14978
1694.28125	1929.542725
1697.628906	1927.359009
1700.974609	1869.78833
1704.320313	1846.892944
1707.664063	1849.106567
1711.005859	1835.055786
1714.345703	1797.325073
1717.685547	1809.879272
1721.023438	1821.702759
1724.361328	1820.205933
1727.695313	1832.782837
1731.03125	1820.91272
1734.363281	1837.206055
1737.695313	1829.035767
1741.025391	1806.018677
1744.353516	1807.478394
1747.681641	1805.225952
1751.007813	1785.884888
1754.332031	1796.998291
1757.65625	1785.81604
1760.978516	1804.375
1764.298828	1805.834839
1767.619141	1765.61145
1770.9375	1764.822266
1774.253906	1758.817383
1777.570313	1781.126465
1780.884766	1767.667114
1784.197266	1795.963135
1787.509766	1827.265747
1790.818359	1819.778564
1794.128906	1806.311401
1797.435547	1803.29126
1800.742188	1818.203735
1804.048828	1758.367065
1807.351563	1809.9198
1810.654297	1779.959473
1813.955078	1799.375488
1817.255859	1806.077026
1820.554688	1809.037964
1823.851563	1839.727905
1827.148438	1825.46106
1830.443359	1786.433472
1833.736328	1824.6521
1837.027344	1817.116211
1840.318359	1856.878052
1843.609375	1850.099121
1846.896484	1806.493164
1850.183594	1809.460815
1853.46875	1824.463013
1856.753906	1837.972046
1860.037109	1828.159424
1863.318359	1867.279419
1866.599609	1845.418091
1869.878906	1811.482544
1873.15625	1807.672852
1876.433594	1797.07251
1879.708984	1840.781738
1882.982422	1855.845581
1886.255859	1835.435303
1889.527344	1845.976196
1892.796875	1844.435181
1896.066406	1832.309814
1899.333984	1844.373047
1902.599609	1820.133301
1905.865234	1810.253174
1909.128906	1820.806396
1912.390625	1869.994263
1915.652344	1804.05188
1918.912109	1797.180176
1922.169922	1850.964966
1925.427734	1855.484009
1928.683594	1850.899658
1931.939453	1880.473999
1935.191406	1856.908203
1938.445313	1851.557861
1941.695313	1838.602173
1944.945313	1852.248657
1948.193359	1875.794067
1951.441406	1920.664307
1954.6875	1886.398315
1957.931641	1874.951782
1961.173828	1888.636963
1964.416016	1855.078979
1967.658203	1860.379272
1970.896484	1898.481445
1974.134766	1873.280151
1977.373047	1919.81311
1980.607422	1886.963013
1983.84375	1910.618408
1987.076172	1883.852051
1990.308594	1866.238892
1993.539063	1892.971924
1996.767578	1858.514526
1999.996094	1894.449829
2003.222656	1880.640015
2006.449219	1892.098022
2009.673828	1859.883789
2012.896484	1879.774658
2016.119141	1909.650635
2019.339844	1883.54187
2022.558594	1871.995361
2025.777344	1860.439331
2028.994141	1896.497559
2032.208984	1868.035889
2035.423828	1904.892944
2038.636719	1932.550049
2041.847656	1889.450684
2045.058594	1880.180664
2048.267578	1926.337036
2051.476563	1890.115601
2054.683594	1897.785034
2057.888672	1895.439331
2061.09375	1910.055908
2064.296875	1876.084106
2067.498047	1893.018799
2070.699219	1908.422119
2073.898438	1832.703735
2077.097656	1878.999268
2080.292969	1905.234497
2083.490234	1863.446777
2086.683594	1895.110107
2089.876953	1871.082886
2093.068359	1884.194092
2096.259766	1922.096191
2099.449219	1930.588135
2102.636719	1887.935181
2105.824219	1894.868896
2109.009766	1909.563721
2112.195313	1912.630615
2115.378906	1936.657349
2118.560547	1894.698364
2121.742188	1843.384644
2124.921875	1830.109497
2128.099609	1895.342773
2131.277344	1932.628174
2134.453125	1903.032471
2137.626953	1952.02356
2140.800781	1935.648071
2143.972656	1907.575562
2147.144531	1912.208252
2150.314453	1925.418823
2153.482422	1946.437378
2156.650391	1920.664307
2159.816406	1913.600952
2162.980469	1911.996826
2166.144531	1949.442383
2169.306641	1879.09314
2172.46875	1885.288696
2175.628906	1911.81897
2178.787109	1876.572754
2181.945313	1868.687744
2185.101563	1972.741333
2188.255859	1897.536743
2191.410156	1907.668335
2194.564453	1897.430054
2197.714844	1904.432251
2200.865234	1909.086548
2204.013672	1951.406616
2207.162109	1916.049438
2210.308594	1923.853027
2213.455078	1946.587646
2216.599609	1885.253418
2219.742188	1843.525269
2222.884766	1889.847534
2226.025391	1903.161133
2229.164063	1885.002197
2232.302734	1928.24292
2235.439453	1896.688599
2238.576172	1919.479004
2241.710938	1906.814575
2244.84375	1890.197144
2247.976563	1952.453369
2251.107422	1968.195923
2254.236328	1975.265625
2257.365234	1930.21521
2260.492188	1906.461792
2263.619141	1907.982056
2266.744141	1916.619141
2269.867188	1898.368896
2272.990234	1962.398315
2276.111328	1902.196289
2279.232422	1975.777954
2282.351563	1935.338989
2285.46875	1888.528687
2288.585938	1881.322266
2291.701172	1961.351685
2294.816406	1919.256714
2297.929688	1947.769409
2301.041016	1943.748901
2304.152344	1927.810181
2307.261719	1944.438232
2310.369141	1953.924194
2313.476563	1953.874146
2316.583984	1942.686157
2319.6875	1940.243408
2322.791016	1924.264038
2325.894531	2021.366577
2328.996094	2038.868286
2332.095703	2062.759277
2335.195313	1955.104858
2338.292969	1934.3125
2341.388672	1878.393677
2344.484375	1932.591919
2347.578125	1961.276855
2350.671875	1953.235229
2353.763672	1943.588745
2356.853516	1926.739014
2359.943359	1914.674805
2363.03125	1917.802612
2366.119141	1907.325684
2369.205078	1879.225098
2372.289063	1964.043335
2375.373047	1963.186279
2378.457031	1966.336182
2381.537109	1930.194458
2384.617188	1921.300049
2387.697266	1951.721802
2390.773438	1945.23645
2393.851563	1962.036255
2396.925781	1914.574097
2400	1968.345947
2403.074219	1963.463257
2406.146484	1981.902466
2409.216797	2009.206177
2412.286133	1997.087524
2415.355469	1960.801392
2418.421875	1985.710083
2421.488281	1960.673462
2424.553711	1966.251953
2427.617188	1957.317627
2430.679688	1937.887939
2433.741211	1966.061157
2436.801758	1951.463501
2439.861328	1982.085327
2442.918945	1943.241821
2445.976563	1966.608032
2449.032227	1966.541748
2452.086914	1964.048096
2455.140625	2011.723877
2458.192383	1950.958618
2461.243164	2045.634766
2464.293945	2005.088989
2467.342773	2021.243164
2470.390625	2013.086548
2473.436523	1993.568604
2476.482422	1924.542603
2479.526367	1970.720459
2482.569336	1973.086182
2485.611328	1988.449707
2488.652344	1997.32373
2491.692383	1980.19165
2494.730469	1993.947388
2497.768555	2011.780518
2500.804688	1940.108276
2503.839844	1975.030029
2506.873047	2014.864014
2509.90625	1981.402466
2512.938477	2025.343018
2515.96875	2005.720093
2518.998047	1946.931396
2522.026367	1950.925781
2525.053711	2037.364136
2528.079102	2004.649414
2531.104492	1982.528931
2534.12793	1953.036865
2537.150391	1972.570923
2540.171875	1988.030151
2543.192383	1983.04834
2546.211914	2031.258057
2549.230469	1982.896484
2552.24707	1967.258667
2555.262695	2044.191162
2558.277344	2029.383301
2561.291016	2030.142456
2564.303711	2075.194336
2567.31543	2015.250244
2570.325195	2030.778809
2573.333984	1997.870361
2576.341797	2077.477295
2579.348633	2015.798828
2582.354492	2045.324219
2585.359375	2026.350708
2588.363281	2027.107056
2591.365234	2014.695557
2594.366211	1997.334473
2597.366211	1994.785034
2600.365234	2012.007202
2603.363281	2049.847412
2606.360352	2037.418945
2609.355469	2029.92981
2612.350586	2040.587769
2615.34375	2057.856689
2618.335938	2083.395752
2621.327148	2074.258545
2624.317383	2020.489746
2627.306641	2041.081909
2630.293945	2061.688965
2633.280273	2053.355469
2636.266602	2080.602295
2639.250977	2034.184448
2642.234375	2087.118408
2645.216797	2028.239624
2648.197266	2067.119629
2651.177734	2093.590576
2654.157227	2065.336914
2657.134766	2024.615479
2660.111328	2046.948608
2663.086914	2051.029297
2666.061523	2075.049316
2669.035156	2103.241455
2672.007813	2051.64917
2674.978516	2062.388672
2677.949219	2075.631592
2680.917969	2081.393799
2683.885742	2078.834473
2686.852539	2089.598145
2689.818359	2118.69873
2692.783203	2068.641846
2695.74707	2087.75
2698.708984	2071.006592
2701.670898	2065.097412
2704.630859	2161.015625
2707.589844	2103.364258
2710.547852	2063.211426
2713.504883	2108.26123
2716.460938	2130.773682
2719.416016	2129.887939
2722.369141	2139.876221
2725.322266	2145.687012
2728.273438	2148.98999
2731.223633	2157.319824
2734.173828	2145.548828
2737.12207	2153.044434
2740.069336	2192.404053
2743.014648	2167.212158
2745.959961	2178.917725
2748.904297	2138.593262
2751.84668	2146.9375
2754.788086	2107.4104
2757.729492	2168.684082
2760.668945	2182.930908
2763.607422	2146.735596
2766.544922	2104.625
2769.481445	2128.960205
2772.416016	2087.653076
2775.350586	2149.051514
2778.28418	2138.889648
2781.21582	2180.125977
2784.146484	2157.321533
2787.077148	2090.645996
2790.005859	2088.88208
2792.933594	2131.002686
2795.860352	2141.915527
2798.785156	2097.938232
2801.709961	2109.690918
2804.633789	2187.377197
2807.555664	2140.830322
2810.477539	2114.54834
2813.397461	2188.0896
2816.316406	2153.340332
2819.234375	2180.37793
2822.151367	2146.446289
2825.067383	2198.07373
2827.982422	2196.334717
2830.896484	2199.681641
2833.80957	2258.170166
2836.720703	2289.545166
2839.631836	2303.115479
2842.541016	2338.775146
2845.450195	2490.847168
2848.357422	2511.303223
2851.263672	2544.525879
2854.168945	2625.398438
2857.073242	2679.104492
2859.976563	2713.27417
2862.878906	2763.644531
2865.779297	2852.378174
2868.679688	2931.803711
2871.579102	3111.861328
2874.476563	3151.36377
2877.374023	3211.36499
2880.269531	3234.71875
2883.164063	3258.089111
2886.057617	3228.534668
2888.950195	3257.897705
2891.841797	3312.91626
2894.732422	3287.621338
2897.62207	3295.657471
2900.510742	3317.385498
2903.398438	3377.637207
2906.28418	3495.288086
2909.169922	3519.679199
2912.053711	3627.185059
2914.9375	3691.061768
2917.819336	3867.290771
2920.700195	3953.597168
2923.581055	3941.303955
2926.459961	4074.901123
2929.337891	4090.973145
2932.214844	4191.224121
2935.09082	4221.954102
2937.96582	4180.509277
2940.838867	4125.276367
2943.711914	4002.054688
2946.583984	3830.559814
2949.454102	3764.809082
2952.324219	3600.851807
2955.193359	3572.86792
2958.060547	3518.151611
2960.926758	3495.287842
2963.792969	3392.2146
2966.657227	3396.027588
2969.520508	3380.858643
2972.382813	3270.724365
2975.244141	3165.690918
2978.104492	3102.045166
2980.963867	3114.397949
2983.822266	3053.279785
2986.679688	2972.227051
2989.536133	2924.853516
2992.390625	2870.521973
2995.245117	2823.941895
2998.098633	2714.108398
3000.950195	2595.531494
3003.801758	2592.999268
3006.651367	2507.236572
3009.500977	2435.288086
3012.348633	2409.269043
3015.195313	2391.041504
3018.041992	2378.009766
3020.886719	2371.916016
3023.730469	2315.425537
3026.573242	2302.35083
3029.415039	2240.577148
3032.255859	2267.474365
3035.095703	2289.169678
3037.93457	2301.306152
3040.772461	2270.786377
3043.609375	2296.859863
3046.445313	2256.730957
3049.280273	2267.999268
3052.114258	2278.40332
3054.946289	2266.135498
3057.77832	2319.30127
3060.609375	2400.437256
3063.438477	2381.212646
3066.267578	2372.456055
3069.094727	2322.622803
3071.921875	2323.453369
3074.74707	2317.28833
3077.572266	2312.86792
3080.395508	2299.693115
3083.21875	2252.368408
3086.040039	2232.156006
3088.860352	2168.12793
3091.679688	2253.905273
3094.499023	2224.0271
3097.316406	2224.820313
3100.132813	2197.54126
3102.948242	2237.815674
3105.762695	2221.05542
3108.576172	2200.77002
3111.388672	2172.562988
3114.201172	2193.549805
3117.011719	2206.638672
3119.821289	2233.807373
3122.629883	2188.854492
3125.436523	2171.151611
3128.243164	2174.564697
3131.048828	2161.246582
3133.853516	2226.328857
3136.657227	2202.442871
3139.459961	2210.27832
3142.261719	2145.79834
3145.0625	2166.852295
3147.861328	2157.913086
3150.660156	2103.056396
3153.458008	2162.977295
3156.254883	2156.676025
3159.049805	2236.102051
3161.844727	2251.040771
3164.638672	2152.778809
3167.430664	2199.549561
3170.222656	2148.993408
3173.013672	2199.33667
3175.802734	2224.915039
3178.591797	2208.867676
3181.379883	2168.877197
3184.166016	2180.28418
3186.952148	2157.106689
3189.737305	2202.233154
3192.520508	2171.057861
3195.303711	2155.842285
3198.084961	2156.603516
3200.866211	2213.449707
