399.363281	885.385864
403.25	855.884216
407.134766	873.431641
411.017578	867.44635
414.898438	814.976501
418.777344	811.508057
422.654297	827.153931
426.53125	809.024048
430.404297	831.059998
434.277344	804.620605
438.148438	778.796387
442.017578	793.183533
445.884766	795.443604
449.751953	809.210754
453.615234	771.193054
457.478516	776.644531
461.339844	750.09967
465.199219	799.726563
469.056641	769.965393
472.912109	773.502319
476.765625	778.32428
480.619141	792.77124
484.470703	776.429932
488.320313	777.407043
492.167969	774.531372
496.013672	794.783264
499.857422	814.409668
503.699219	802.542603
507.541016	786.805115
511.380859	778.133545
515.21875	788.771179
519.054688	768.497437
522.888672	802.339783
526.720703	792.369568
530.552734	804.32074
534.380859	811.11969
538.208984	792.101868
542.035156	788.567505
545.859375	772.753723
549.683594	746.583862
553.503906	782.471619
557.324219	780.867004
561.140625	772.788452
564.957031	780.890442
568.773438	769.565613
572.585938	742.677429
576.396484	768.929688
580.207031	740.071838
584.015625	731.304749
587.820313	760.831116
591.626953	755.312256
595.429688	757.585144
599.230469	747.509644
603.03125	742.627563
606.828125	744.897339
610.625	713.975769
614.419922	731.210571
618.214844	747.157166
622.005859	772.240662
625.796875	785.610168
629.583984	727.244751
633.371094	775.841858
637.15625	740.922546
640.941406	755.606812
644.722656	778.796997
648.503906	766.056946
652.283203	767.691895
656.060547	794.187256
659.835938	772.274231
663.609375	783.079712
667.382813	772.93335
671.152344	775.228882
674.921875	788.671143
678.689453	815.897888
682.455078	774.252197
686.220703	766.048584
689.982422	798.553406
693.744141	759.474365
697.503906	761.769531
701.261719	770.641846
705.017578	788.731018
708.773438	810.783997
712.525391	822.32135
716.277344	823.988342
720.027344	807.206055
723.775391	831.94043
727.523438	870.545166
731.267578	822.750732
735.011719	853.463074
738.753906	835.996155
742.494141	854.187866
746.232422	867.107544
749.970703	841.689209
753.707031	866.520508
757.439453	891.372559
761.171875	877.8479
764.904297	875.57074
768.632813	906.420837
772.361328	896.861816
776.087891	916.473022
779.8125	950.696045
783.535156	915.258118
787.255859	957.47699
790.976563	902.083191
794.695313	905.787598
798.412109	894.203613
802.126953	900.567749
805.839844	928.895142
809.552734	935.944519
813.263672	911.699463
816.972656	929.40686
820.679688	920.468018
824.384766	919.52301
828.089844	926.582031
831.791016	912.958313
835.492188	907.334656
839.193359	908.385315
842.890625	898.076965
846.587891	914.499451
850.28125	946.317383
853.974609	925.306335
857.666016	894.906494
861.357422	925.416382
865.044922	903.69928
868.732422	910.781555
872.417969	878.312012
876.101563	913.560547
879.785156	883.748474
883.464844	914.329224
887.144531	896.580627
890.822266	910.395081
894.5	923.548767
898.173828	900.401306
901.847656	896.743164
905.519531	872.218506
909.189453	866.525085
912.857422	886.422424
916.523438	868.600342
920.189453	882.447571
923.853516	857.189697
927.515625	888.585571
931.177734	884.908203
934.835938	829.906982
938.494141	874.841248
942.150391	883.993652
945.804688	867.460938
949.458984	852.266968
953.109375	863.450745
956.759766	913.907837
960.408203	904.13147
964.056641	872.665588
967.701172	880.486572
971.345703	842.202942
974.988281	874.439209
978.628906	897.879456
982.267578	850.727905
985.90625	852.441772
989.542969	886.094299
993.177734	903.459412
996.810547	882.753845
1000.443359	994.703247
1004.074219	1022.344543
1007.703125	896.797241
1011.330078	878.096985
1014.955078	838.93573
1018.580078	855.648438
1022.203125	857.369202
1025.824219	872.738342
1029.443359	864.227539
1033.0625	870.733826
1036.679688	867.680298
1040.294922	864.624023
1043.908203	867.718994
1047.519531	868.764099
1051.130859	886.91864
1054.740234	833.201294
1058.347656	854.095337
1061.953125	881.858582
1065.558594	869.200745
1069.162109	867.504578
1072.763672	902.167908
1076.363281	872.343445
1079.962891	872.018982
1083.560547	898.483704
1087.15625	932.529358
1090.75	919.166565
1094.34375	903.729126
1097.933594	924.745605
1101.523438	924.440674
1105.113281	874.554199
1108.699219	867.338623
1112.285156	895.955017
1115.869141	883.226013
1119.451172	920.149414
1123.03125	879.817261
1126.611328	920.221069
1130.189453	908.861328
1133.765625	870.546387
1137.341797	843.258667
1140.914063	838.0755
1144.486328	832.196106
1148.056641	838.076538
1151.626953	846.038574
1155.193359	858.162781
1158.759766	854.359802
1162.324219	847.78064
1165.888672	875.176514
1169.449219	897.738403
1173.009766	898.802917
1176.568359	904.03418
1180.125	888.430603
1183.681641	883.237671
1187.236328	878.040161
1190.789063	879.793091
1194.339844	882.938721
1197.890625	874.253723
1201.439453	908.734863
1204.986328	926.525024
1208.53125	928.997253
1212.076172	949.598694
1215.619141	945.106995
1219.160156	966.429321
1222.699219	1022.672424
1226.238281	1008.42749
1229.775391	1043.075684
1233.310547	986.192017
1236.84375	1031.34729
1240.376953	1059.051758
1243.908203	1059.486816
1247.4375	1043.119873
1250.964844	1050.55188
1254.492188	1046.779175
1258.017578	1057.7229
1261.541016	1011.174377
1265.064453	1015.096741
1268.583984	1061.130371
1272.103516	1067.884277
1275.623047	1023.369629
1279.138672	1011.140991
1282.654297	1006.634521
1286.167969	1047.835083
1289.679688	1062.334839
1293.191406	1065.585083
1296.701172	1066.725342
1300.208984	1098.155396
1303.714844	1127.496826
1307.220703	1132.187866
1310.722656	1149.577148
1314.226563	1147.224976
1317.726563	1132.871338
1321.226563	1142.513916
1324.724609	1147.219238
1328.220703	1178.782837
1331.714844	1189.162109
1335.208984	1170.551025
1338.701172	1168.198608
1342.191406	1164.428101
1345.681641	1108.251465
1349.169922	1105.869751
1352.65625	1060.25354
1356.140625	1067.776001
1359.625	1045.51355
1363.107422	1074.323364
1366.587891	1059.143677
1370.068359	1085.85144
1373.544922	1101.923828
1377.021484	1038.405029
1380.498047	1015.363403
1383.970703	1078.373535
1387.443359	1065.291626
1390.914063	1047.927246
1394.384766	1056.89978
1397.851563	1029.542603
1401.318359	1036.376099
1404.785156	1039.649536
1408.248047	1056.479126
1411.710938	994.107544
1415.171875	1005.934265
1418.630859	1061.338013
1422.089844	1056.767212
1425.546875	1032.892822
1429.001953	1079.078003
1432.457031	1084.523438
1435.908203	1107.864868
1439.361328	1149.840088
1442.810547	1163.198853
1446.257813	1201.647217
1449.705078	1214.320313
1453.152344	1193.298462
1456.595703	1212.43457
1460.039063	1169.145386
1463.480469	1161.720703
1466.919922	1114.783813
1470.359375	1128.887939
1473.796875	1126.469238
1477.232422	1126.205688
1480.666016	1115.869263
1484.099609	1106.963745
1487.53125	1082.930054
1490.962891	1044.470093
1494.390625	999.493347
1497.818359	1053.964966
1501.246094	982.270874
1504.669922	963.908752
1508.09375	991.003662
1511.515625	969.741455
1514.935547	962.186707
1518.355469	956.070923
1521.773438	980.31366
1525.189453	978.539185
1528.605469	959.398315
1532.019531	988.013916
1535.431641	978.274414
1538.841797	1013.439819
1542.251953	1052.981445
1545.660156	1031.655884
1549.068359	1056.005249
1552.472656	1092.70874
1555.876953	1114.198364
1559.28125	1081.969727
1562.681641	1080.225464
1566.082031	1111.182739
1569.480469	1140.710693
1572.878906	1116.440186
1576.273438	1145.265747
1579.667969	1128.983887
1583.0625	1139.63208
1586.453125	1110.221558
1589.84375	1077.143066
1593.234375	1049.141357
1596.621094	1091.865845
1600.007813	1110.545288
1603.392578	1102.231323
1606.777344	1104.864014
1610.160156	1104.576416
1613.541016	1100.634033
1616.919922	1106.924072
1620.298828	1110.293213
1623.675781	1082.932861
1627.050781	1062.138306
1630.425781	1106.501465
1633.798828	1127.456787
1637.169922	1105.188599
1640.541016	1141.556396
1643.910156	1161.81665
1647.277344	1183.560425
1650.642578	1168.618408
1654.007813	1174.22583
1657.371094	1227.589478
1660.734375	1237.634033
1664.09375	1233.717041
1667.453125	1212.879517
1670.8125	1209.68457
1674.167969	1232.250854
1677.523438	1188.558228
1680.878906	1138.200195
1684.230469	1135.706177
1687.582031	1132.472656
1690.933594	1098.257935
1694.28125	1061.80188
1697.628906	1036.38916
1700.974609	1022.032837
1704.320313	1025.394897
1707.664063	968.896362
1711.005859	984.069031
1714.345703	979.283264
1717.685547	939.716553
1721.023438	943.051331
1724.361328	943.426453
1727.695313	953.432312
1731.03125	968.633667
1734.363281	955.67334
1737.695313	954.569763
1741.025391	949.013123
1744.353516	939.740295
1747.681641	944.569031
1751.007813	961.287476
1754.332031	930.455688
1757.65625	927.851135
1760.978516	917.80658
1764.298828	927.843445
1767.619141	925.978394
1770.9375	936.77063
1774.253906	958.745483
1777.570313	926.334839
1780.884766	966.215332
1784.197266	916.62738
1787.509766	954.296814
1790.818359	938.999817
1794.128906	964.013245
1797.435547	944.972473
1800.742188	963.281799
1804.048828	964.410522
1807.351563	921.413696
1810.654297	933.001038
1813.955078	936.363892
1817.255859	924.004578
1820.554688	946.09314
1823.851563	942.720032
1827.148438	920.602112
1830.443359	949.4646
1833.736328	972.347534
1837.027344	949.463867
1840.318359	940.828186
1843.609375	915.660095
1846.896484	949.085205
1850.183594	960.735718
1853.46875	929.528564
1856.753906	958.484009
1860.037109	942.303711
1863.318359	928.369202
1866.599609	947.565674
1869.878906	943.417664
1873.15625	952.835022
1876.433594	924.553467
1879.708984	949.813171
1882.982422	935.09259
1886.255859	944.520569
1889.527344	938.849548
1892.796875	975.487854
1896.066406	960.753235
1899.333984	977.767212
1902.599609	973.612427
1905.865234	961.129395
1909.128906	941.06543
1912.390625	959.612244
1915.652344	970.596619
1918.912109	946.722046
1922.169922	947.851807
1925.427734	945.189331
1928.683594	950.872192
1931.939453	970.224426
1935.191406	974.4021
1938.445313	960.348389
1941.695313	950.843872
1944.945313	942.09198
1948.193359	953.870911
1951.441406	951.200623
1954.6875	930.257751
1957.931641	938.237427
1961.173828	958.412781
1964.416016	962.598511
1967.658203	938.576599
1970.896484	939.706421
1974.134766	952.282532
1977.373047	962.578247
1980.607422	959.899841
1983.84375	964.094543
1987.076172	943.83667
1990.308594	952.615173
1993.539063	969.813477
1996.767578	892.91333
1999.996094	962.916321
2003.222656	951.040283
2006.449219	982.05249
2009.673828	966.342529
2012.896484	961.352905
2016.119141	931.817444
2019.339844	961.335205
2022.558594	945.591736
2025.777344	954.406128
2028.994141	982.430298
2032.208984	964.370667
2035.423828	955.521362
2038.636719	977.425842
2041.847656	993.961853
2045.058594	961.254883
2048.267578	981.646606
2051.476563	979.717651
2054.683594	990.115173
2057.888672	978.937744
2061.09375	990.113708
2064.296875	941.127747
2067.498047	982.394165
2070.699219	969.651367
2073.898438	943.769043
2077.097656	960.360229
2080.292969	938.318359
2083.490234	951.826965
2086.683594	968.439941
2089.876953	995.125122
2093.068359	985.447388
2096.259766	962.596924
2099.449219	995.507874
2102.636719	967.993042
2105.824219	952.861633
2109.009766	965.640442
2112.195313	950.495972
2115.378906	993.555664
2118.560547	955.890869
2121.742188	944.608398
2124.921875	969.841492
2128.099609	956.222961
2131.277344	950.370911
2134.453125	979.524902
2137.626953	994.691467
2140.800781	970.159912
2143.972656	950.282654
2147.144531	942.078186
2150.314453	953.355164
2153.482422	972.438843
2156.650391	982.175598
2159.816406	995.04126
2162.980469	964.196045
2166.144531	966.91095
2169.306641	990.723511
2172.46875	994.231873
2175.628906	992.269226
2178.787109	998.909302
2181.945313	997.729004
2185.101563	956.622986
2188.255859	978.919067
2191.410156	950.308655
2194.564453	971.835266
2197.714844	955.744324
2200.865234	954.543274
2204.013672	984.726746
2207.162109	981.965515
2210.308594	973.705261
2213.455078	1002.359131
2216.599609	965.023438
2219.742188	974.827881
2222.884766	985.426086
2226.025391	962.201782
2229.164063	962.571045
2232.302734	962.94043
2235.439453	957.008545
2238.576172	954.223755
2241.710938	991.638184
2244.84375	986.498352
2247.976563	981.35437
2251.107422	975.417053
2254.236328	992.36969
2257.365234	1002.227112
2260.492188	1000.240662
2263.619141	990.348633
2266.744141	1001.797241
2269.867188	974.496033
2272.990234	969.329834
2276.111328	979.199646
2279.232422	951.065857
2282.351563	1003.714539
2285.46875	985.078125
2288.585938	956.913635
2291.701172	945.382629
2294.816406	965.578918
2297.929688	1011.189209
2301.041016	993.312866
2304.152344	988.131775
2307.261719	975.794861
2310.369141	969.807739
2313.476563	973.358521
2316.583984	967.365479
2319.6875	959.775879
2322.791016	1015.871338
2325.894531	1099.088257
2328.996094	1100.303711
2332.095703	1088.76709
2335.195313	1027.785522
2338.292969	979.519897
2341.388672	993.458008
2344.484375	980.265564
2347.578125	1017.372498
2350.671875	996.98877
2353.763672	994.970398
2356.853516	1020.931885
2359.943359	986.129517
2363.03125	965.702026
2366.119141	969.270447
2369.205078	976.044067
2372.289063	982.021667
2375.373047	1005.632141
2378.457031	997.196167
2381.537109	979.130615
2384.617188	970.677673
2387.697266	991.108704
2390.773438	1004.329651
2393.851563	975.797852
2396.925781	993.039673
2400	984.574829
2403.074219	984.143738
2406.146484	973.255676
2409.216797	993.740356
2412.286133	1017.460144
2415.355469	1001.73999
2418.421875	994.063416
2421.488281	1008.945007
2424.553711	993.203125
2427.617188	1007.288757
2430.679688	998.794861
2433.741211	995.94397
2436.801758	985.016785
2439.861328	982.965759
2442.918945	1004.344971
2445.976563	1005.53241
2449.032227	968.715881
2452.086914	996.584534
2455.140625	1005.861938
2458.192383	994.09845
2461.243164	1022.817383
2464.293945	1018.342163
2467.342773	1000.89624
2470.390625	1015.056091
2473.436523	999.217468
2476.482422	1023.123169
2479.526367	970.750244
2482.569336	1004.406433
2485.611328	992.600342
2488.652344	999.474426
2491.692383	1022.611267
2494.730469	1005.918823
2497.768555	1004.670044
2500.804688	1003.420105
2503.839844	1002.983093
2506.873047	1013.947327
2509.90625	1050.175903
2512.938477	1031.009644
2515.96875	1042.811401
2518.998047	996.711365
2522.026367	1006.87677
2525.053711	1010.519531
2528.079102	1013.348267
2531.104492	995.757263
2534.12793	1017.376953
2537.150391	1023.480652
2540.171875	1020.593018
2543.192383	1018.521118
2546.211914	1025.449707
2549.230469	1038.932983
2552.24707	995.914429
2555.262695	1009.39624
2558.277344	1034.362549
2561.291016	1051.968018
2564.303711	1026.113892
2567.31543	1010.907288
2570.325195	1032.627197
2573.333984	1025.622681
2576.341797	1037.506348
2579.348633	1002.557922
2582.354492	1032.526978
2585.359375	1000.017212
2588.363281	1018.489685
2591.365234	1022.161743
2594.366211	1064.531494
2597.366211	1041.867554
2600.365234	1023.305908
2603.363281	1031.929688
2606.360352	1043.857666
2609.355469	1029.399536
2612.350586	1050.411743
2615.34375	1021.086609
2618.335938	1083.398926
2621.327148	1066.454712
2624.317383	1037.928467
2627.306641	1033.354614
2630.293945	1063.51062
2633.280273	1050.669312
2636.266602	1013.817688
2639.250977	1048.139038
2642.234375	1070.062256
2645.216797	1033.176025
2648.197266	1018.640686
2651.177734	1050.526489
2654.157227	1069.164429
2657.134766	1067.901733
2660.111328	1046.716187
2663.086914	1031.327393
2666.061523	1070.751953
2669.035156	1076.965942
2672.007813	1061.570435
2674.978516	1047.826538
2677.949219	1073.172241
2680.917969	1093.543213
2683.885742	1104.771118
2686.852539	1044.38269
2689.818359	1038.104004
2692.783203	1074.326904
2695.74707	1063.051636
2698.708984	1075.955933
2701.670898	1083.863159
2704.630859	1071.74353
2707.589844	1071.304565
2710.547852	1115.971802
2713.504883	1071.260742
2716.460938	1128.499268
2719.416016	1097.97522
2722.369141	1109.255615
2725.322266	1164.060303
2728.273438	1146.072266
2731.223633	1132.257935
2734.173828	1119.270996
2737.12207	1144.826294
2740.069336	1110.035522
2743.014648	1152.379761
2745.959961	1081.488159
2748.904297	1104.548218
2751.84668	1084.803711
2754.788086	1130.559814
2757.729492	1109.129395
2760.668945	1127.189209
2763.607422	1098.17334
2766.544922	1132.224243
2769.481445	1130.95752
2772.416016	1116.220947
2775.350586	1111.578369
2778.28418	1086.714355
2781.21582	1099.754272
2784.146484	1082.454346
2787.077148	1087.068359
2790.005859	1127.962646
2792.933594	1086.178345
2795.860352	1089.109619
2798.785156	1098.799316
2801.709961	1098.3573
2804.633789	1086.927002
2807.555664	1104.235474
2810.477539	1140.164429
2813.397461	1106.736816
2816.316406	1095.29187
2819.234375	1143.957397
2822.151367	1119.811401
2825.067383	1164.28418
2827.982422	1131.650635
2830.896484	1171.071899
2833.80957	1159.623779
2836.720703	1208.418213
2839.631836	1269.981934
2842.541016	1317.153442
2845.450195	1406.835938
2848.357422	1474.487671
2851.263672	1499.68042
2854.168945	1514.685669
2857.073242	1617.331787
2859.976563	1635.794434
2862.878906	1673.001099
2865.779297	1746.858032
2868.679688	1846.329102
2871.579102	1978.260742
2874.476563	2038.66626
2877.374023	2043.673462
2880.269531	2020.526001
2883.164063	2102.35083
2886.057617	2121.047363
2888.950195	2062.879639
2891.841797	2114.045654
2894.732422	2137.039307
2897.62207	2167.745605
2900.510742	2217.293213
2903.398438	2258.318848
2906.28418	2309.646484
2909.169922	2408.111328
2912.053711	2418.408936
2914.9375	2511.841797
2917.819336	2594.196777
2920.700195	2630.299805
2923.581055	2756.510742
2926.459961	2827.885254
2929.337891	2857.242188
2932.214844	2905.514648
2935.09082	2932.342285
2937.96582	2923.949707
2940.838867	2778.843994
2943.711914	2763.507813
2946.583984	2605.331299
2949.454102	2581.312988
2952.324219	2428.982178
2955.193359	2392.82251
2958.060547	2336.817871
2960.926758	2310.079346
2963.792969	2225.548096
2966.657227	2214.275635
2969.520508	2171.066895
2972.382813	2133.869141
2975.244141	2078.51001
2978.104492	1953.139526
2980.963867	1993.594971
2983.822266	1901.816406
2986.679688	1869.640625
2989.536133	1772.559814
2992.390625	1732.52478
2995.245117	1669.086426
2998.098633	1609.932129
3000.950195	1516.947876
3003.801758	1467.228516
3006.651367	1440.880859
3009.500977	1397.168457
3012.348633	1310.04541
3015.195313	1314.855835
3018.041992	1266.709106
3020.886719	1283.666016
3023.730469	1250.24292
3026.573242	1202.020142
3029.415039	1226.796387
3032.255859	1258.548218
3035.095703	1241.598389
3037.93457	1233.339966
3040.772461	1214.626831
3043.609375	1240.321777
3046.445313	1255.578857
3049.280273	1240.339355
3052.114258	1259.094727
3054.946289	1272.629639
3057.77832	1298.389893
3060.609375	1277.905396
3063.438477	1317.656738
3066.267578	1279.693726
3069.094727	1295.006348
3071.921875	1261.378174
3074.74707	1236.470093
3077.572266	1228.164429
3080.395508	1218.977417
3083.21875	1158.135742
3086.040039	1179.566162
3088.860352	1178.235229
3091.679688	1151.489624
3094.499023	1140.504272
3097.316406	1152.311401
3100.132813	1191.321777
3102.948242	1162.786621
3105.762695	1142.131714
3108.576172	1163.615479
3111.388672	1150.852295
3114.201172	1133.685547
3117.011719	1189.474854
3119.821289	1138.01062
3122.629883	1150.732178
3125.436523	1180.184082
3128.243164	1165.637207
3131.048828	1154.602417
3133.853516	1168.228027
3136.657227	1194.20166
3139.459961	1154.951904
3142.261719	1165.945557
3145.0625	1139.009155
3147.861328	1141.178589
3150.660156	1153.94397
3153.458008	1168.484619
3156.254883	1119.421753
3159.049805	1156.055908
3161.844727	1148.508301
3164.638672	1121.496948
3167.430664	1170.556763
3170.222656	1143.533569
3173.013672	1130.657349
3175.802734	1201.028931
3178.591797	1119.053345
3181.379883	1124.767212
3184.166016	1144.671387
3186.952148	1150.397827
3189.737305	1122.411377
3192.520508	1133.459106
3195.303711	1132.971436
3198.084961	1144.030273
3200.866211	1138.700928
