399.363281	1527.338257
403.25	1525.457764
407.134766	1511.488403
411.017578	1517.235596
414.898438	1506.433105
418.777344	1478.422363
422.654297	1503.278931
426.53125	1482.254517
430.404297	1474.605347
434.277344	1473.967896
438.148438	1488.011841
442.017578	1503.344604
445.884766	1439.465454
449.751953	1449.676147
453.615234	1486.113281
457.478516	1491.874023
461.339844	1468.198486
465.199219	1480.998779
469.056641	1463.062378
472.912109	1463.694458
476.765625	1459.197754
480.619141	1490.615234
484.470703	1454.041504
488.320313	1475.21167
492.167969	1499.61084
496.013672	1500.257813
499.857422	1499.619385
503.699219	1479.044922
507.541016	1497.696045
511.380859	1511.213867
515.21875	1492.548218
519.054688	1535.062378
522.888672	1515.745483
526.720703	1525.424316
530.552734	1528.660889
534.380859	1532.545166
538.208984	1500.926514
542.035156	1543.551514
545.859375	1524.185669
549.683594	1494.460449
553.503906	1544.249756
557.324219	1497.686035
561.140625	1471.145874
564.957031	1499.620361
568.773438	1484.069702
572.585938	1479.522217
576.396484	1474.322144
580.207031	1506.088257
584.015625	1485.320801
587.820313	1484.010132
591.626953	1478.151855
595.429688	1439.151855
599.230469	1468.368896
603.03125	1448.839111
606.828125	1466.374268
610.625	1459.192017
614.419922	1480.652588
618.214844	1482.589111
622.005859	1473.448242
625.796875	1498.200928
629.583984	1493.623779
633.371094	1522.973022
637.15625	1513.832031
640.941406	1494.233643
644.722656	1565.434204
648.503906	1494.856934
652.283203	1476.531738
656.060547	1513.796753
659.835938	1580.544312
663.609375	1587.11145
667.382813	1589.75354
671.152344	1575.359497
674.921875	1561.608276
678.689453	1540.630249
682.455078	1545.879883
686.220703	1586.580444
689.982422	1597.106812
693.744141	1526.175659
697.503906	1551.144165
701.261719	1558.379761
705.017578	1615.615845
708.773438	1616.961182
712.525391	1603.822876
716.277344	1640.731323
720.027344	1661.856079
723.775391	1654.651733
727.523438	1683.053955
731.267578	1652.759033
735.011719	1638.939575
738.753906	1618.504395
742.494141	1666.095825
746.232422	1694.560791
749.970703	1691.312744
753.707031	1711.212646
757.439453	1694.071167
761.171875	1721.932495
764.904297	1691.533813
768.632813	1712.790894
772.361328	1667.115723
776.087891	1797.135986
779.8125	1792.589478
783.535156	1823.87915
787.255859	1773.523682
790.976563	1756.338745
794.695313	1736.480469
798.412109	1745.857788
802.126953	1790.493652
805.839844	1751.32666
809.552734	1771.37146
813.263672	1779.445557
816.972656	1753.547485
820.679688	1769.618042
824.384766	1795.703735
828.089844	1797.128906
831.791016	1743.830566
835.492188	1779.95166
839.193359	1772.687256
842.890625	1770.09375
846.587891	1790.894775
850.28125	1779.611694
853.974609	1795.749878
857.666016	1769.73291
861.357422	1795.923828
865.044922	1799.359741
868.732422	1804.138306
872.417969	1839.761963
876.101563	1794.254395
879.785156	1776.891357
883.464844	1790.393677
887.144531	1805.921509
890.822266	1819.446411
894.5	1798.029785
898.173828	1765.163086
901.847656	1781.377319
905.519531	1796.258545
909.189453	1792.299683
912.857422	1789.01062
916.523438	1813.346436
920.189453	1780.400269
923.853516	1772.379639
927.515625	1773.122925
931.177734	1806.265747
934.835938	1799.594849
938.494141	1798.322388
942.150391	1770.690674
945.804688	1806.590576
949.458984	1797.877441
953.109375	1796.600098
956.759766	1834.585327
960.408203	1810.972046
964.056641	1815.11731
967.701172	1819.265625
971.345703	1815.279663
974.988281	1793.651855
978.628906	1797.116211
982.267578	1833.172729
985.90625	1844.806274
989.542969	1859.167236
993.177734	1846.347534
996.810547	1883.843018
1000.443359	1983.963501
1004.074219	2019.504761
1007.703125	1881.435669
1011.330078	1837.940796
1014.955078	1815.535889
1018.580078	1839.473633
1022.203125	1791.130859
1025.824219	1834.183472
1029.443359	1873.175659
1033.0625	1892.394897
1036.679688	1880.88501
1040.294922	1833.139648
1043.908203	1853.7323
1047.519531	1829.877197
1051.130859	1852.537598
1054.740234	1880.008789
1058.347656	1873.256348
1061.953125	1804.829468
1065.558594	1879.612305
1069.162109	1874.221313
1072.763672	1868.139282
1076.363281	1901.859619
1079.962891	1906.769043
1083.560547	1887.640137
1087.15625	1939.963379
1090.75	1913.956421
1094.34375	1961.518677
1097.933594	1969.900757
1101.523438	1960.392456
1105.113281	1942.612183
1108.699219	1916.549683
1112.285156	1909.073364
1115.869141	1913.311523
1119.451172	1948.592285
1123.03125	1974.93103
1126.611328	1981.27124
1130.189453	1959.991211
1133.765625	1916.583862
1137.341797	1885.581665
1140.914063	1845.563965
1144.486328	1844.943481
1148.056641	1923.908203
1151.626953	1871.393066
1155.193359	1888.789307
1158.759766	1931.144165
1162.324219	1945.805542
1165.888672	1912.628296
1169.449219	1973.775757
1173.009766	1971.119995
1176.568359	1994.846558
1180.125	1921.343994
1183.681641	1924.221069
1187.236328	1934.052124
1190.789063	1923.721436
1194.339844	1955.824097
1197.890625	2001.177856
1201.439453	2002.002197
1204.986328	2055.770996
1208.53125	2071.252686
1212.076172	2070.710693
1215.619141	2113.412598
1219.160156	2150.566895
1222.699219	2177.978271
1226.238281	2222.171875
1229.775391	2196.537109
1233.310547	2244.268311
1236.84375	2260.573486
1240.376953	2261.502197
1243.908203	2243.536621
1247.4375	2250.758789
1250.964844	2220.866699
1254.492188	2252.607178
1258.017578	2176.427734
1261.541016	2206.071289
1265.064453	2241.350586
1268.583984	2236.655273
1272.103516	2223.530273
1275.623047	2192.834473
1279.138672	2184.598633
1282.654297	2259.303955
1286.167969	2254.603516
1289.679688	2308.995361
1293.191406	2307.125488
1296.701172	2336.938232
1300.208984	2373.114502
1303.714844	2387.474365
1307.220703	2383.516357
1310.722656	2431.03833
1314.226563	2475.776367
1317.726563	2415.380371
1321.226563	2441.082031
1324.724609	2437.84082
1328.220703	2451.557373
1331.714844	2481.545166
1335.208984	2474.071045
1338.701172	2500.553467
1342.191406	2475.383057
1345.681641	2388.582764
1349.169922	2336.424316
1352.65625	2382.735596
1356.140625	2354.637451
1359.625	2354.178711
1363.107422	2334.560059
1366.587891	2341.190186
1370.068359	2326.520264
1373.544922	2317.52124
1377.021484	2358.977539
1380.498047	2327.941162
1383.970703	2313.950684
1387.443359	2331.970947
1390.914063	2285.933594
1394.384766	2338.141602
1397.851563	2313.442627
1401.318359	2270.191162
1404.785156	2254.713135
1408.248047	2267.756348
1411.710938	2240.131836
1415.171875	2261.031738
1418.630859	2312.659912
1422.089844	2314.313232
1425.546875	2383.158936
1429.001953	2404.148438
1432.457031	2377.223877
1435.908203	2376.041016
1439.361328	2437.145508
1442.810547	2598.574707
1446.257813	2560.217773
1449.705078	2588.495117
1453.152344	2600.300537
1456.595703	2546.830078
1460.039063	2576.56958
1463.480469	2492.888916
1466.919922	2490.306396
1470.359375	2467.601074
1473.796875	2450.627686
1477.232422	2407.75
1480.666016	2441.098877
1484.099609	2390.984131
1487.53125	2355.94873
1490.962891	2333.130127
1494.390625	2267.776123
1497.818359	2141.091797
1501.246094	2209.027588
1504.669922	2174.56665
1508.09375	2241.126221
1511.515625	2233.365723
1514.935547	2207.539307
1518.355469	2242.394531
1521.773438	2215.104004
1525.189453	2304.231934
1528.605469	2279.11377
1532.019531	2280.032227
1535.431641	2298.329346
1538.841797	2296.357666
1542.251953	2310.326904
1545.660156	2331.556641
1549.068359	2444.187988
1552.472656	2405.265381
1555.876953	2466.479736
1559.28125	2441.330322
1562.681641	2467.01123
1566.082031	2499.979492
1569.480469	2530.065674
1572.878906	2570.35791
1576.273438	2583.760254
1579.667969	2596.44458
1583.0625	2565.446533
1586.453125	2519.853027
1589.84375	2443.613525
1593.234375	2473.02832
1596.621094	2476.937988
1600.007813	2521.711426
1603.392578	2448.997314
1606.777344	2557.325684
1610.160156	2563.4646
1613.541016	2502.371094
1616.919922	2482.902344
1620.298828	2480.971436
1623.675781	2491.477295
1627.050781	2456.606689
1630.425781	2455.393311
1633.798828	2431.468018
1637.169922	2502.797607
1640.541016	2511.130859
1643.910156	2534.13916
1647.277344	2553.496582
1650.642578	2593.422607
1654.007813	2662.753662
1657.371094	2697.611328
1660.734375	2572.279785
1664.09375	2649.77124
1667.453125	2616.259766
1670.8125	2609.946045
1674.167969	2557.251709
1677.523438	2547.962402
1680.878906	2527.614746
1684.230469	2519.779053
1687.582031	2494.97876
1690.933594	2450.981201
1694.28125	2402.520508
1697.628906	2375.42749
1700.974609	2304.004639
1704.320313	2262.813232
1707.664063	2265.192383
1711.005859	2313.412354
1714.345703	2269.954834
1717.685547	2273.818115
1721.023438	2259.177979
1724.361328	2246.747314
1727.695313	2236.528564
1731.03125	2238.158936
1734.363281	2253.135254
1737.695313	2263.672852
1741.025391	2211.890625
1744.353516	2261.018066
1747.681641	2218.103516
1751.007813	2265.785645
1754.332031	2179.733643
1757.65625	2237.102539
1760.978516	2232.783936
1764.298828	2206.883545
1767.619141	2250.187012
1770.9375	2229.484375
1774.253906	2231.113037
1777.570313	2231.997559
1780.884766	2210.515869
1784.197266	2221.087402
1787.509766	2259.273438
1790.818359	2281.067871
1794.128906	2222.980225
1797.435547	2263.451904
1800.742188	2275.557129
1804.048828	2294.399902
1807.351563	2264.643555
1810.654297	2242.344971
1813.955078	2249.967773
1817.255859	2290.542969
1820.554688	2303.43335
1823.851563	2290.105225
1827.148438	2265.520996
1830.443359	2237.166748
1833.736328	2289.068115
1837.027344	2265.953613
1840.318359	2276.609131
1843.609375	2218.165771
1846.896484	2221.295166
1850.183594	2258.255127
1853.46875	2267.417969
1856.753906	2317.214111
1860.037109	2279.742676
1863.318359	2293.440918
1866.599609	2258.942383
1869.878906	2262.092529
1873.15625	2265.998535
1876.433594	2267.644531
1879.708984	2313.802246
1882.982422	2255.844727
1886.255859	2253.712158
1889.527344	2281.789551
1892.796875	2260.77417
1896.066406	2281.316406
1899.333984	2267.845215
1902.599609	2194.599609
1905.865234	2308.224121
1909.128906	2290.203369
1912.390625	2275.954834
1915.652344	2232.144775
1918.912109	2226.957031
1922.169922	2316.549805
1925.427734	2271.943848
1928.683594	2298.636719
1931.939453	2364.067871
1935.191406	2275.376953
1938.445313	2305.140137
1941.695313	2322.764893
1944.945313	2255.241943
1948.193359	2289.594482
1951.441406	2285.164307
1954.6875	2319.554443
1957.931641	2298.377197
1961.173828	2349.558838
1964.416016	2287.981689
1967.658203	2290.401367
1970.896484	2290.534424
1974.134766	2302.875488
1977.373047	2305.302246
1980.607422	2298.566895
1983.84375	2310.924072
1987.076172	2335.518066
1990.308594	2295.909668
1993.539063	2314.397217
1996.767578	2312.23999
1999.996094	2318.500488
2003.222656	2310.981934
2006.449219	2295.796631
2009.673828	2293.626709
2012.896484	2284.554688
2016.119141	2286.979248
2019.339844	2303.982178
2022.558594	2359.374268
2025.777344	2376.41748
2028.994141	2308.97998
2032.208984	2312.184326
2035.423828	2358.438965
2038.636719	2343.207275
2041.847656	2324.885986
2045.058594	2343.491699
2048.267578	2360.571289
2051.476563	2339.923096
2054.683594	2322.340332
2057.888672	2349.450684
2061.09375	2324.145508
2064.296875	2281.077637
2067.498047	2322.864502
2070.699219	2334.574463
2073.898438	2295.320557
2077.097656	2313.981445
2080.292969	2311.014648
2083.490234	2317.32373
2086.683594	2324.410645
2089.876953	2350.073975
2093.068359	2357.177734
2096.259766	2303.10791
2099.449219	2368.301758
2102.636719	2318.068115
2105.824219	2330.595703
2109.009766	2364.073975
2112.195313	2376.62793
2115.378906	2389.967041
2118.560547	2348.183594
2121.742188	2327.341064
2124.921875	2347.669189
2128.099609	2367.234863
2131.277344	2373.593994
2134.453125	2379.179688
2137.626953	2328.72998
2140.800781	2345.980469
2143.972656	2353.896973
2147.144531	2357.922607
2150.314453	2372.864258
2153.482422	2331.669678
2156.650391	2359.873779
2159.816406	2339.712891
2162.980469	2345.299561
2166.144531	2354.01416
2169.306641	2383.049561
2172.46875	2362.082275
2175.628906	2343.444336
2178.787109	2360.773926
2181.945313	2306.906006
2185.101563	2358.678467
2188.255859	2377.598633
2191.410156	2387.915039
2194.564453	2383.347656
2197.714844	2354.470947
2200.865234	2390.671875
2204.013672	2351.574463
2207.162109	2409.779541
2210.308594	2384.007324
2213.455078	2327.578369
2216.599609	2363.050049
2219.742188	2351.37915
2222.884766	2345.990479
2226.025391	2379.148193
2229.164063	2351.727295
2232.302734	2325.072021
2235.439453	2302.334229
2238.576172	2343.40332
2241.710938	2377.40918
2244.84375	2395.668945
2247.976563	2380.809814
2251.107422	2384.0896
2254.236328	2375.529297
2257.365234	2389.075684
2260.492188	2393.150879
2263.619141	2348.224854
2266.744141	2418.703857
2269.867188	2402.227539
2272.990234	2362.790771
2276.111328	2363.69458
2279.232422	2347.176758
2282.351563	2344.905273
2285.46875	2360.066406
2288.585938	2347.490723
2291.701172	2375.353027
2294.816406	2369.913086
2297.929688	2346.212891
2301.041016	2336.786377
2304.152344	2391.691895
2307.261719	2404.523926
2310.369141	2398.286865
2313.476563	2396.815918
2316.583984	2419.209229
2319.6875	2384.318848
2322.791016	2414.684814
2325.894531	2469.762695
2328.996094	2496.996094
2332.095703	2525.84375
2335.195313	2411.987061
2338.292969	2345.902344
2341.388672	2366.744141
2344.484375	2428.3125
2347.578125	2388.509521
2350.671875	2385.423584
2353.763672	2419.895752
2356.853516	2356.058105
2359.943359	2365.751221
2363.03125	2376.250977
2366.119141	2381.155762
2369.205078	2386.063477
2372.289063	2402.989258
2375.373047	2375.054688
2378.457031	2436.076416
2381.537109	2347.98877
2384.617188	2351.286133
2387.697266	2394.711182
2390.773438	2410.872803
2393.851563	2378.05542
2396.925781	2399.845947
2400	2398.343994
2403.074219	2437.042236
2406.146484	2409.813232
2409.216797	2400.265137
2412.286133	2352.071533
2415.355469	2424.629639
2418.421875	2387.685547
2421.488281	2431.299561
2424.553711	2435.443604
2427.617188	2385.556396
2430.679688	2467.943115
2433.741211	2380.90332
2436.801758	2424.594482
2439.861328	2414.202637
2442.918945	2451.474365
2445.976563	2447.550049
2449.032227	2442.813477
2452.086914	2487.416748
2455.140625	2456.795654
2458.192383	2396.198242
2461.243164	2497.520752
2464.293945	2476.588623
2467.342773	2450.777588
2470.390625	2435.486084
2473.436523	2383.685059
2476.482422	2411.357666
2479.526367	2391.162354
2482.569336	2435.908936
2485.611328	2440.074707
2488.652344	2438.555176
2491.692383	2463.046143
2494.730469	2459.093262
2497.768555	2451.06958
2500.804688	2423.507813
2503.839844	2464.309814
2506.873047	2460.349365
2509.90625	2464.532227
2512.938477	2405.960938
2515.96875	2460.67627
2518.998047	2410.2146
2522.026367	2476.394775
2525.053711	2481.405029
2528.079102	2457.022461
2531.104492	2440.789795
2534.12793	2448.242188
2537.150391	2494.12085
2540.171875	2458.255371
2543.192383	2391.274902
2546.211914	2460.097412
2549.230469	2513.415527
2552.24707	2477.500977
2555.262695	2449.752197
2558.277344	2518.69751
2561.291016	2471.263916
2564.303711	2500.076172
2567.31543	2502.651855
2570.325195	2528.212891
2573.333984	2518.482666
2576.341797	2498.887207
2579.348633	2513.790771
2582.354492	2482.668457
2585.359375	2485.240234
2588.363281	2531.415771
2591.365234	2483.803467
2594.366211	2506.13623
2597.366211	2484.833496
2600.365234	2514.597168
2603.363281	2512.237549
2606.360352	2493.385254
2609.355469	2560.301514
2612.350586	2505.145264
2615.34375	2492.045654
2618.335938	2487.193115
2621.327148	2540.161377
2624.317383	2520.447266
2627.306641	2527.998535
2630.293945	2515.707031
2633.280273	2499.269287
2636.266602	2513.440186
2639.250977	2532.588623
2642.234375	2551.750732
2645.216797	2575.069092
2648.197266	2516.349121
2651.177734	2542.987061
2654.157227	2563.008545
2657.134766	2551.513428
2660.111328	2602.264404
2663.086914	2545.103271
2666.061523	2569.306396
2669.035156	2528.709473
2672.007813	2525.490234
2674.978516	2591.291748
2677.949219	2573.117676
2680.917969	2530.795166
2683.885742	2521.741943
2686.852539	2585.971436
2689.818359	2531.107666
2692.783203	2554.547607
2695.74707	2578.838135
2698.708984	2618.159424
2701.670898	2594.93042
2704.630859	2616.756836
2707.589844	2580.14917
2710.547852	2599.479248
2713.504883	2633.864014
2716.460938	2578.829834
2719.416016	2659.224121
2722.369141	2667.734619
2725.322266	2647.797852
2728.273438	2656.309082
2731.223633	2652.263916
2734.173828	2630.62207
2737.12207	2655.05835
2740.069336	2622.500977
2743.014648	2667.079834
2745.959961	2640.375
2748.904297	2673.241699
2751.84668	2621.329102
2754.788086	2654.21167
2757.729492	2710.64502
2760.668945	2655.324707
2763.607422	2590.713867
2766.544922	2688.401855
2769.481445	2633.852051
2772.416016	2630.611084
2775.350586	2657.682861
2778.28418	2690.670898
2781.21582	2676.48999
2784.146484	2679.158936
2787.077148	2658.215332
2790.005859	2637.255859
2792.933594	2629.783936
2795.860352	2661.142334
2798.785156	2661.273438
2801.709961	2630.988037
2804.633789	2642.094727
2807.555664	2628.689209
2810.477539	2672.789063
2813.397461	2626.384521
2816.316406	2636.656982
2819.234375	2577.50293
2822.151367	2686.022705
2825.067383	2725.984131
2827.982422	2742.239502
2830.896484	2711.866699
2833.80957	2806.170898
2836.720703	2758.825684
2839.631836	2886.32251
2842.541016	3000.324219
2845.450195	3133.098389
2848.357422	3293.164063
2851.263672	3399.785645
2854.168945	3444.400146
2857.073242	3421.834961
2859.976563	3490.319092
2862.878906	3582.691406
2865.779297	3737.30542
2868.679688	3903.959473
2871.579102	4083.519043
2874.476563	4212.902344
2877.374023	4181.171387
2880.269531	4267.166504
2883.164063	4331.030762
2886.057617	4241.240723
2888.950195	4289.764648
2891.841797	4313.541504
2894.732422	4280.0625
2897.62207	4455.208984
2900.510742	4425.176758
2903.398438	4551.723633
2906.28418	4590.187012
2909.169922	4663.789063
2912.053711	4793.983887
2914.9375	4908.84668
2917.819336	5059.79834
2920.700195	5217.719238
2923.581055	5307.977539
2926.459961	5433.487793
2929.337891	5379.651367
2932.214844	5597.173828
2935.09082	5634.427246
2937.96582	5563.412109
2940.838867	5469.989258
2943.711914	5297.368652
2946.583984	5128.062988
2949.454102	4905.269043
2952.324219	4846.770508
2955.193359	4705.539551
2958.060547	4628.82959
2960.926758	4437.420898
2963.792969	4401.083984
2966.657227	4353.505371
2969.520508	4413.754883
2972.382813	4247.021484
2975.244141	4263.233887
2978.104492	4098.05127
2980.963867	4108.170898
2983.822266	3934.166504
2986.679688	3896.670166
2989.536133	3782.153076
2992.390625	3713.418701
2995.245117	3567.585693
2998.098633	3471.010254
3000.950195	3324.116943
3003.801758	3170.184082
3006.651367	3214.672607
3009.500977	3172.46582
3012.348633	3101.597656
3015.195313	3001.169434
3018.041992	2921.505127
3020.886719	2867.838623
3023.730469	2928.817871
3026.573242	2814.27417
3029.415039	2853.540527
3032.255859	2835.429932
3035.095703	2867.770264
3037.93457	2804.390381
3040.772461	2859.379639
3043.609375	2861.275879
3046.445313	2891.926758
3049.280273	2858.969238
3052.114258	2856.505615
3054.946289	2840.955811
3057.77832	2983.330078
3060.609375	2878.778809
3063.438477	2941.806152
3066.267578	2919.273926
3069.094727	2895.851074
3071.921875	2874.158936
3074.74707	2839.333984
3077.572266	2836.849854
3080.395508	2794.109619
3083.21875	2699.690674
3086.040039	2777.716309
3088.860352	2744.543457
3091.679688	2714.851563
3094.499023	2731.599609
3097.316406	2750.98999
3100.132813	2703.72168
3102.948242	2771.381104
3105.762695	2695.992676
3108.576172	2696.074951
3111.388672	2744.475098
3114.201172	2738.421875
3117.011719	2713.901611
3119.821289	2749.16626
3122.629883	2755.423096
3125.436523	2676.316162
3128.243164	2702.799072
3131.048828	2692.310791
3133.853516	2704.720947
3136.657227	2736.528564
3139.459961	2717.2229
3142.261719	2701.430664
3145.0625	2633.57251
3147.861328	2654.806641
3150.660156	2746.686768
3153.458008	2714.982422
3156.254883	2736.266113
3159.049805	2719.55957
3161.844727	2725.828369
3164.638672	2691.415771
3167.430664	2746.340332
3170.222656	2689.781982
3173.013672	2673.911621
3175.802734	2706.743652
3178.591797	2749.344727
3181.379883	2700.682129
3184.166016	2701.637207
3186.952148	2652.034912
3189.737305	2683.139893
3192.520508	2694.739014
3195.303711	2630.873535
3198.084961	2711.742432
3200.866211	2716.183594
