399.363281	832.631348
403.25	839.987427
407.134766	825.084351
411.017578	840.080139
414.898438	840.444519
418.777344	794.946655
422.654297	795.29126
426.53125	790.535767
430.404297	815.752686
434.277344	790.582825
438.148438	790.925171
442.017578	785.519958
445.884766	778.831909
449.751953	794.50946
453.615234	769.914124
457.478516	760.011292
461.339844	781.46051
465.199219	797.805664
469.056641	775.73053
472.912109	814.516541
476.765625	801.404785
480.619141	750.438782
484.470703	770.013123
488.320313	778.690918
492.167969	755.906616
496.013672	781.933105
499.857422	784.19873
503.699219	790.967468
507.541016	801.601929
511.380859	822.543152
515.21875	783.619995
519.054688	807.147766
522.888672	792.028564
526.720703	786.567017
530.552734	765.620483
534.380859	789.180115
538.208984	803.076355
542.035156	806.005127
545.859375	765.000366
549.683594	764.682861
553.503906	761.13147
557.324219	778.926147
561.140625	790.263611
564.957031	783.480408
568.773438	774.100098
572.585938	773.784302
576.396484	748.182861
580.207031	750.449707
584.015625	755.313843
587.820313	752.391846
591.626953	767.651794
595.429688	743.940796
599.230469	746.209656
603.03125	728.321289
606.828125	726.681519
610.625	754.978943
614.419922	739.024048
618.214844	741.294556
622.005859	772.892334
625.796875	773.222961
629.583984	752.682007
633.371094	768.664185
637.15625	774.86792
640.941406	796.750488
644.722656	778.143616
648.503906	786.973206
652.283203	761.152771
656.060547	781.757629
659.835938	772.274231
663.609375	780.460754
667.382813	789.96405
671.152344	788.990356
674.921875	769.00354
678.689453	827.047607
682.455078	808.371826
686.220703	792.305603
689.982422	811.6875
693.744141	761.445313
697.503906	795.289978
701.261719	794.313416
705.017578	839.383423
708.773438	822.629822
712.525391	833.513855
716.277344	857.5802
720.027344	847.401672
723.775391	860.287048
727.523438	873.183167
731.267578	857.059448
735.011719	855.443298
738.753906	869.013367
742.494141	863.436646
746.232422	869.090271
749.970703	858.880066
753.707031	875.781006
757.439453	874.167175
761.171875	899.032776
764.904297	887.49231
768.632813	880.579895
772.361328	898.850464
776.087891	898.567993
779.8125	928.802856
783.535156	943.797729
787.255859	980.052734
790.976563	895.440491
794.695313	927.053345
798.412109	924.786072
802.126953	906.553833
805.839844	899.617676
809.552734	931.28479
813.263672	930.346313
816.972656	949.394104
820.679688	947.128906
824.384766	956.197266
828.089844	946.594604
831.791016	936.316162
835.492188	927.364136
839.193359	904.377747
842.890625	919.459778
846.587891	939.902222
850.28125	967.718201
853.974609	934.004028
857.666016	943.768311
861.357422	938.139221
865.044922	928.485718
868.732422	914.132507
872.417969	940.665466
876.101563	916.24353
879.785156	886.432556
883.464844	908.95874
887.144531	905.31134
890.822266	928.535767
894.5	916.154968
898.173828	919.902161
901.847656	910.197693
905.519531	894.427734
909.189453	920.388306
912.857422	881.707458
916.523438	886.120605
920.189453	898.626892
923.853516	907.096863
927.515625	911.525513
931.177734	914.607605
934.835938	915.66626
938.494141	853.899109
942.150391	859.663574
945.804688	881.659424
949.458984	858.354553
953.109375	881.721252
956.759766	871.935791
960.408203	898.036255
964.056641	924.835815
967.701172	906.921509
971.345703	913.403687
974.988281	880.544678
978.628906	876.840698
982.267578	846.654175
985.90625	886.403625
989.542969	873.862976
993.177734	884.424927
996.810547	909.957397
1000.443359	951.839844
1004.074219	986.269775
1007.703125	928.120422
1011.330078	888.996582
1014.955078	885.278198
1018.580078	882.238281
1022.203125	887.380554
1025.824219	891.844421
1029.443359	913.37793
1033.0625	926.051025
1036.679688	880.661377
1040.294922	889.913452
1043.908203	945.670105
1047.519531	940.591064
1051.130859	900.605652
1054.740234	913.30365
1058.347656	897.930237
1061.953125	889.395813
1065.558594	869.200745
1069.162109	894.935547
1072.763672	926.866028
1076.363281	916.955811
1079.962891	939.308655
1083.560547	916.343506
1087.15625	890.610168
1090.75	901.291992
1094.34375	949.809692
1097.933594	915.112793
1101.523438	944.402527
1105.113281	926.889709
1108.699219	912.806702
1112.285156	915.941711
1115.869141	908.736816
1119.451172	929.116394
1123.03125	948.822571
1126.611328	934.718201
1130.189453	942.701904
1133.765625	892.655518
1137.341797	879.892029
1140.914063	889.245178
1144.486328	898.605774
1148.056641	866.450745
1151.626953	929.119324
1155.193359	909.417053
1158.759766	927.115479
1162.324219	922.645996
1165.888672	926.494324
1169.449219	915.082642
1173.009766	948.080933
1176.568359	913.754944
1180.125	896.766113
1183.681641	884.627502
1187.236328	925.313904
1190.789063	940.300598
1194.339844	914.248596
1197.890625	948.7323
1201.439453	931.018066
1204.986328	947.424072
1208.53125	964.540283
1212.076172	994.917297
1215.619141	1014.159119
1219.160156	1008.99408
1222.699219	1045.01062
1226.238281	1032.171631
1229.775391	1063.336304
1233.310547	1050.493774
1236.84375	1035.542603
1240.376953	1046.460693
1243.908203	1062.985718
1247.4375	1089.325195
1250.964844	1072.263306
1254.492188	1035.568726
1258.017578	1026.881348
1261.541016	1035.717407
1265.064453	1062.799927
1268.583984	1054.814209
1272.103516	1055.246582
1275.623047	1027.583862
1279.138672	1049.085083
1282.654297	1073.415405
1286.167969	1052.054565
1289.679688	1099.62207
1293.191406	1083.884399
1296.701172	1114.604736
1300.208984	1124.21814
1303.714844	1140.181152
1307.220703	1135.712769
1310.722656	1137.587646
1314.226563	1123.941772
1317.726563	1104.637695
1321.226563	1121.330078
1324.724609	1152.164063
1328.220703	1127.900146
1331.714844	1142.50061
1335.208984	1189.647583
1338.701172	1153.3396
1342.191406	1118.417358
1345.681641	1137.285522
1349.169922	1107.286621
1352.65625	1090.02002
1356.140625	1095.427612
1359.625	1095.164795
1363.107422	1104.835815
1366.587891	1093.927856
1370.068359	1083.010742
1373.544922	1109.028442
1377.021484	1083.892944
1380.498047	1091.44458
1383.970703	1071.971558
1387.443359	1053.194092
1390.914063	1093.489258
1394.384766	1106.041382
1397.851563	1066.591797
1401.318359	1080.568115
1404.785156	1095.268677
1408.248047	1028.658325
1411.710938	1091.876953
1415.171875	1050.198242
1418.630859	1066.337524
1422.089844	1088.92041
1425.546875	1102.228882
1429.001953	1111.97229
1432.457031	1084.523438
1435.908203	1152.952393
1439.361328	1194.945923
1442.810547	1212.620361
1446.257813	1207.379517
1449.705078	1247.2948
1453.152344	1215.529297
1456.595703	1230.369995
1460.039063	1184.217285
1463.480469	1183.978638
1466.919922	1163.627441
1470.359375	1158.349731
1473.796875	1143.003174
1477.232422	1141.307983
1480.666016	1138.172241
1484.099609	1147.989014
1487.53125	1111.011353
1490.962891	1090.570923
1494.390625	1073.716675
1497.818359	1033.058716
1501.246094	1037.803101
1504.669922	1044.715454
1508.09375	1090.609253
1511.515625	1043.3927
1514.935547	1011.307312
1518.355469	1048.570557
1521.773438	1046.824585
1525.189453	1063.881104
1528.605469	1060.692261
1532.019531	1053.88147
1535.431641	1027.514038
1538.841797	1080.809326
1542.251953	1078.345825
1545.660156	1090.379761
1549.068359	1085.741699
1552.472656	1121.731567
1555.876953	1185.332886
1559.28125	1106.658936
1562.681641	1114.368408
1566.082031	1116.996704
1569.480469	1154.524292
1572.878906	1143.351074
1576.273438	1157.635132
1579.667969	1147.181519
1583.0625	1161.478027
1586.453125	1161.944458
1589.84375	1112.853516
1593.234375	1074.659058
1596.621094	1117.393677
1600.007813	1151.406372
1603.392578	1162.817505
1606.777344	1137.725098
1610.160156	1143.294922
1613.541016	1148.869019
1616.919922	1152.984985
1620.298828	1153.446899
1623.675781	1159.762573
1627.050781	1127.286743
1630.425781	1141.651733
1633.798828	1155.295288
1637.169922	1135.969727
1640.541016	1152.554077
1643.910156	1173.552124
1647.277344	1189.43042
1650.642578	1164.213989
1654.007813	1200.662476
1657.371094	1220.243042
1660.734375	1233.959351
1664.09375	1249.15686
1667.453125	1222.441284
1670.8125	1214.835327
1674.167969	1164.528564
1677.523438	1187.821777
1680.878906	1231.024292
1684.230469	1168.133911
1687.582031	1127.311646
1690.933594	1109.321655
1694.28125	1077.297241
1697.628906	1102.086182
1700.974609	1050.09436
1704.320313	1094.099365
1707.664063	1102.664673
1711.005859	1077.226563
1714.345703	1045.111206
1717.685547	1035.168091
1721.023438	1064.448853
1724.361328	1008.592529
1727.695313	1015.661011
1731.03125	1049.414917
1734.363281	1056.504639
1737.695313	1053.216064
1741.025391	1052.150513
1744.353516	1055.53772
1747.681641	1054.47168
1751.007813	1033.346924
1754.332031	1025.582153
1757.65625	1034.167358
1760.978516	1036.809082
1764.298828	1023.827271
1767.619141	1056.984985
1770.9375	1023.150146
1774.253906	1057.078369
1777.570313	1026.942383
1780.884766	1005.72876
1784.197266	1026.264648
1787.509766	1018.463745
1790.818359	1024.838379
1794.128906	1053.619385
1797.435547	1057.024536
1800.742188	1040.254639
1804.048828	1069.075195
1807.351563	1022.38031
1810.654297	1034.007568
1813.955078	1020.195007
1817.255859	1021.347046
1820.554688	1036.7323
1823.851563	1061.12207
1827.148438	1043.54895
1830.443359	1022.211914
1833.736328	1000.857727
1837.027344	1038.781006
1840.318359	1042.194336
1843.609375	1017.817383
1846.896484	1025.733398
1850.183594	1023.88269
1853.46875	1009.997498
1856.753906	1019.423706
1860.037109	1021.33075
1863.318359	1045.074097
1866.599609	1031.927612
1869.878906	1073.024536
1873.15625	1018.417847
1876.433594	1036.163574
1879.708984	1044.869873
1882.982422	1030.186768
1886.255859	1053.24231
1889.527344	1016.646423
1892.796875	1017.801758
1896.066406	1077.162354
1899.333984	1020.870667
1902.599609	1059.853149
1905.865234	1041.349609
1909.128906	1056.143433
1912.390625	1045.197266
1915.652344	1063.791992
1918.912109	1069.515503
1922.169922	1022.921692
1925.427734	1064.286255
1928.683594	1054.079346
1931.939453	1027.162476
1935.191406	1069.33606
1938.445313	1072.034546
1941.695313	1057.253296
1944.945313	1054.625977
1948.193359	1049.714478
1951.441406	1045.559692
1954.6875	1049.014038
1957.931641	1054.755615
1961.173828	1060.501343
1964.416016	1060.916138
1967.658203	1043.032349
1970.896484	991.573303
1974.134766	1040.796021
1977.373047	1037.386108
1980.607422	1038.555054
1983.84375	1067.990601
1987.076172	1069.936279
1990.308594	1049.711548
1993.539063	1043.237915
1996.767578	1043.64502
1999.996094	1068.546265
2003.222656	1055.179932
2006.449219	1060.187744
2009.673828	1062.900146
2012.896484	1051.048584
2016.119141	1036.119629
2019.339844	1036.523438
2022.558594	1060.720581
2025.777344	1072.651123
2028.994141	1073.068848
2032.208984	1106.528931
2035.423828	1058.530151
2038.636719	1031.257324
2041.847656	1042.429077
2045.058594	1069.001587
2048.267578	1045.549927
2051.476563	1077.5354
2054.683594	1097.987671
2057.888672	1054.477783
2061.09375	1088.81665
2064.296875	1044.497437
2067.498047	1024.066772
2070.699219	1053.029053
2073.898438	1082.785767
2077.097656	1060.800171
2080.292969	1037.251465
2083.490234	1045.385986
2086.683594	1036.509155
2089.876953	1079.470947
2093.068359	1041.957764
2096.259766	1039.263916
2099.449219	1022.622925
2102.636719	1050.919556
2105.824219	1052.877197
2109.009766	1047.855591
2112.195313	1079.297852
2115.378906	1053.324219
2118.560547	1050.625732
2121.742188	1064.238037
2124.921875	1081.746216
2128.099609	1058.064575
2131.277344	1034.36438
2134.453125	1056.548706
2137.626953	1042.947266
2140.800781	1065.151489
2143.972656	1042.19519
2147.144531	1039.480835
2150.314453	1052.354492
2153.482422	1041.84314
2156.650391	1023.522156
2159.816406	1023.136597
2162.980469	1036.803467
2166.144531	1045.794556
2169.306641	1055.57373
2172.46875	1045.819336
2175.628906	1048.568115
2178.787109	1020.811768
2181.945313	1039.203247
2185.101563	1035.689209
2188.255859	1043.136108
2191.410156	1042.75415
2194.564453	1042.371704
2197.714844	991.810181
2200.865234	1051.017212
2204.013672	1064.760254
2207.162109	1034.556763
2210.308594	1042.021606
2213.455078	1033.781006
2216.599609	1065.612183
2219.742188	1051.084595
2222.884766	1078.227661
2226.025391	1069.987183
2229.164063	1045.999146
2232.302734	1086.555908
2235.439453	1048.377319
2238.576172	1056.659058
2241.710938	1031.839722
2244.84375	1050.372314
2247.976563	1018.431274
2251.107422	1020.399841
2254.236328	1095.790894
2257.365234	1072.517212
2260.492188	1094.260132
2263.619141	1116.019287
2266.744141	1087.981812
2269.867188	1040.147949
2272.990234	1074.571289
2276.111328	1093.980591
2279.232422	1065.098755
2282.351563	1063.129395
2285.46875	1042.138184
2288.585938	1044.121948
2291.701172	1076.245117
2294.816406	1099.665039
2297.929688	1059.605591
2301.041016	1098.91687
2304.152344	1076.301147
2307.261719	1072.738647
2310.369141	1102.560181
2313.476563	1064.014526
2316.583984	1071.579956
2319.6875	1091.884399
2322.791016	1123.349854
2325.894531	1158.821289
2328.996094	1175.197632
2332.095703	1143.763306
2335.195313	1125.859741
2338.292969	1074.440796
2341.388672	1086.021118
2344.484375	1085.636108
2347.578125	1032.545166
2350.671875	1054.507324
2353.763672	1036.527344
2356.853516	1045.715698
2359.943359	1070.106445
2363.03125	1074.51355
2366.119141	1042.105713
2369.205078	1055.312622
2372.289063	1042.897339
2375.373047	1053.710205
2378.457031	1039.681152
2381.537109	1028.046997
2384.617188	1087.800781
2387.697266	1088.213257
2390.773438	1017.174805
2393.851563	1052.094849
2396.925781	1071.775879
2400	1069.770752
2403.074219	1081.432495
2406.146484	1061.733398
2409.216797	1103.977173
2412.286133	1084.27124
2415.355469	1071.797363
2418.421875	1086.703003
2421.488281	1068.579102
2424.553711	1094.780762
2427.617188	1106.485352
2430.679688	1062.530518
2433.741211	1064.546265
2436.801758	1068.985352
2439.861328	1060.504517
2442.918945	1081.912964
2445.976563	1064.538696
2449.032227	1043.916626
2452.086914	1097.699097
2455.140625	1059.270508
2458.192383	1080.717773
2461.243164	1079.505615
2464.293945	1083.963257
2467.342773	1086.803101
2470.390625	1094.509399
2473.436523	1086.811157
2476.482422	1045.029907
2479.526367	1073.019897
2482.569336	1069.364014
2485.611328	1068.141968
2488.652344	1098.609375
2491.692383	1105.525635
2494.730469	1075.040161
2497.768555	1068.122925
2500.804688	1067.710571
2503.839844	1072.99646
2506.873047	1101.904175
2509.90625	1079.505859
2512.938477	1102.732056
2515.96875	1071.348022
2518.998047	1064.409424
2522.026367	1048.48999
2525.053711	1097.858521
2528.079102	1075.406616
2531.104492	1076.626831
2534.12793	1082.75061
2537.150391	1105.228271
2540.171875	1093.375732
2543.192383	1086.422485
2546.211914	1090.921387
2549.230469	1098.698242
2552.24707	1086.005371
2555.262695	1097.882202
2558.277344	1058.951172
2561.291016	1109.362915
2564.303711	1108.137451
2567.31543	1109.372314
2570.325195	1079.415527
2573.333984	1127.445923
2576.341797	1108.973633
2579.348633	1082.269409
2582.354492	1096.648926
2585.359375	1095.413574
2588.363281	1090.886353
2591.365234	1119.275269
2594.366211	1113.92981
2597.366211	1125.875732
2600.365234	1094.986694
2603.363281	1046.765747
2606.360352	1097.452271
2609.355469	1111.883545
2612.350586	1080.116943
2615.34375	1105.282837
2618.335938	1077.61853
2621.327148	1132.540283
2624.317383	1112.302368
2627.306641	1104.449341
2630.293945	1127.188965
2633.280273	1137.535767
2636.266602	1118.096069
2639.250977	1111.060425
2642.234375	1100.706421
2645.216797	1160.769531
2648.197266	1148.768066
2651.177734	1110.224854
2654.157227	1137.179565
2657.134766	1116.027832
2660.111328	1135.533447
2663.086914	1132.633301
2666.061523	1114.77832
2669.035156	1161.727173
2672.007813	1137.21875
2674.978516	1120.176514
2677.949219	1148.0448
2680.917969	1175.101196
2683.885742	1121.421753
2686.852539	1107.678589
2689.818359	1147.246582
2692.783203	1139.336548
2695.74707	1148.929565
2698.708984	1141.013672
2701.670898	1150.61377
2704.630859	1168.567749
2707.589844	1158.979614
2710.547852	1167.760864
2713.504883	1177.384033
2716.460938	1179.490723
2719.416016	1200.832031
2722.369141	1196.255981
2725.322266	1169.918213
2728.273438	1192.953125
2731.223633	1178.318726
2734.173828	1192.157715
2737.12207	1211.873169
2740.069336	1191.359985
2743.014648	1215.282593
2745.959961	1208.179199
2748.904297	1192.677002
2751.84668	1188.078369
2754.788086	1154.918091
2757.729492	1148.621094
2760.668945	1184.347168
2763.607422	1163.761108
2766.544922	1186.05957
2769.481445	1172.19043
2772.416016	1165.045044
2775.350586	1158.736328
2778.28418	1171.798218
2781.21582	1141.047729
2784.146484	1197.106812
2787.077148	1174.776001
2790.005859	1174.363525
2792.933594	1180.702026
2795.860352	1166.782593
2798.785156	1157.075439
2801.709961	1209.037842
2804.633789	1154.542969
2807.555664	1163.421143
2810.477539	1180.763672
2813.397461	1151.581665
2816.316406	1152.003296
2819.234375	1164.279419
2822.151367	1146.07019
2825.067383	1195.636841
2827.982422	1188.445068
2830.896484	1208.383301
2833.80957	1229.184204
2836.720703	1243.211182
2839.631836	1273.377563
2842.541016	1335.836426
2845.450195	1401.73877
2848.357422	1485.535645
2851.263672	1543.888672
2854.168945	1558.05957
2857.073242	1584.151367
2859.976563	1640.901001
2862.878906	1642.350708
2865.779297	1725.565308
2868.679688	1771.351318
2871.579102	1834.216797
2874.476563	1882.632813
2877.374023	1925.113037
2880.269531	2000.047729
2883.164063	1968.339844
2886.057617	2004.919189
2888.950195	2029.56604
2891.841797	2013.213989
2894.732422	2030.187378
2897.62207	1986.45874
2900.510742	2090.688477
2903.398438	2093.159668
2906.28418	2134.154541
2909.169922	2093.82373
2912.053711	2217.945801
2914.9375	2271.0271
2917.819336	2325.861084
2920.700195	2308.694824
2923.581055	2397.898193
2926.459961	2409.924561
2929.337891	2538.721436
2932.214844	2542.218018
2935.09082	2456.362793
2937.96582	2534.605469
2940.838867	2494.253174
2943.711914	2436.669189
2946.583984	2289.559814
2949.454102	2150.089844
2952.324219	2155.172607
2955.193359	2085.321533
2958.060547	2043.854004
2960.926758	1974.773071
2963.792969	2002.217163
2966.657227	1946.009277
2969.520508	1906.155396
2972.382813	1947.414673
2975.244141	1881.625854
2978.104492	1851.206543
2980.963867	1819.900757
2983.822266	1773.011597
2986.679688	1720.899536
2989.536133	1622.900024
2992.390625	1645.119751
2995.245117	1553.081543
2998.098633	1541.516479
3000.950195	1486.626221
3003.801758	1423.029663
3006.651367	1401.000854
3009.500977	1373.752197
3012.348633	1316.118408
3015.195313	1274.932861
3018.041992	1274.522949
3020.886719	1321.012207
3023.730469	1290.208984
3026.573242	1256.776001
3029.415039	1258.09668
3032.255859	1226.366943
3035.095703	1212.885864
3037.93457	1208.968994
3040.772461	1266.868896
3043.609375	1207.223267
3046.445313	1240.766357
3049.280273	1226.393188
3052.114258	1291.356812
3054.946289	1256.056641
3057.77832	1304.497925
3060.609375	1290.125854
3063.438477	1277.489624
3066.267578	1318.128174
3069.094727	1266.170288
3071.921875	1269.245361
3074.74707	1262.703613
3077.572266	1244.78479
3080.395508	1203.226074
3083.21875	1223.789795
3086.040039	1221.599609
3088.860352	1151.078857
3091.679688	1176.903076
3094.499023	1180.829468
3097.316406	1212.820923
3100.132813	1181.671997
3102.948242	1166.296875
3105.762695	1157.933716
3108.576172	1181.179443
3111.388672	1128.010864
3114.201172	1182.020996
3117.011719	1218.48645
3119.821289	1182.862671
3122.629883	1132.257202
3125.436523	1168.743042
3128.243164	1177.082275
3131.048828	1150.198853
3133.853516	1140.035522
3136.657227	1150.135132
3139.459961	1195.507446
3142.261719	1158.889893
3145.0625	1195.474365
3147.861328	1158.8302
3150.660156	1189.259766
3153.458008	1144.638062
3156.254883	1157.413208
3159.049805	1172.848755
3161.844727	1150.276611
3164.638672	1151.568604
3167.430664	1190.906616
3170.222656	1169.20105
3173.013672	1128.886597
3175.802734	1179.771851
3178.591797	1152.722412
3181.379883	1143.380371
3184.166016	1161.517822
3186.952148	1157.49353
3189.737305	1194.281128
3192.520508	1120.145142
3195.303711	1124.980347
3198.084961	1166.23584
3200.866211	1170.67688
