399.363281	819.919434
403.25	824.090576
407.134766	797.093872
411.017578	771.346313
414.898438	790.145142
418.777344	770.104553
422.654297	787.007019
426.53125	755.47168
430.404297	750.696533
434.277344	746.555176
438.148438	748.155212
442.017578	735.06781
445.884766	754.553345
449.751953	753.601501
453.615234	728.348999
457.478516	741.458801
461.339844	717.458801
465.199219	738.258362
469.056641	741.780273
472.912109	728.643005
476.765625	716.776428
480.619141	701.050964
484.470703	715.47052
488.320313	733.754089
492.167969	755.906616
496.013672	751.735168
499.857422	756.558899
503.699219	733.734863
507.541016	742.414612
511.380859	735.654785
515.21875	739.835144
519.054688	723.405396
522.888672	729.516968
526.720703	751.107056
530.552734	747.560364
534.380859	727.878296
538.208984	733.355896
542.035156	709.129517
545.859375	747.555237
549.683594	741.41272
553.503906	718.451233
557.324219	729.758057
561.140625	716.479797
564.957031	714.197449
568.773438	691.831726
572.585938	686.944214
576.396484	717.710938
580.207031	695.965881
584.015625	674.85083
587.820313	695.264587
591.626953	681.274719
595.429688	678.318115
599.230469	671.458679
603.03125	657.440002
606.828125	681.141907
610.625	697.053833
614.419922	662.191589
618.214844	694.393677
622.005859	705.117615
625.796875	702.159424
629.583984	684.197083
633.371094	674.701843
637.15625	693.268494
640.941406	708.585449
644.722656	687.980896
648.503906	703.308289
652.283203	695.107727
656.060547	708.488281
659.835938	681.957397
663.609375	711.712097
667.382813	739.526855
671.152344	708.387512
674.921875	698.855713
678.689453	718.829651
682.455078	740.132629
686.220703	738.478699
689.982422	726.315857
693.744141	716.113403
697.503906	711.817444
701.261719	754.860779
705.017578	768.33844
708.773438	760.768066
712.525391	726.197327
716.277344	750.218018
720.027344	767.669434
723.775391	781.180176
727.523438	783.490601
731.267578	745.555969
735.011719	739.271973
738.753906	753.453064
742.494141	766.985413
746.232422	801.677979
749.970703	794.083862
753.707031	789.790405
757.439453	798.728088
761.171875	797.742615
764.904297	798.08075
768.632813	787.817566
772.361328	772.242432
776.087891	856.789551
779.8125	857.815796
783.535156	880.745117
787.255859	867.174072
790.976563	856.248352
794.695313	820.060059
798.412109	832.373901
802.126953	845.363098
805.839844	855.036011
809.552734	836.758362
813.263672	843.771484
816.972656	831.46936
820.679688	824.488708
824.384766	854.176208
828.089844	843.196289
831.791016	813.52063
835.492188	819.205017
839.193359	794.837158
842.890625	810.541199
846.587891	814.893921
850.28125	853.357544
853.974609	847.695679
857.666016	809.900452
861.357422	830.3302
865.044922	795.174988
868.732422	802.211609
872.417969	807.912964
876.101563	830.387634
879.785156	830.736938
883.464844	804.90509
887.144531	803.22876
890.822266	797.519531
894.5	772.984741
898.173828	790.120605
901.847656	791.797974
905.519531	777.997314
909.189453	766.204773
912.857422	806.267212
916.523438	754.0448
920.189453	785.371582
923.853516	768.166077
927.515625	783.331665
931.177734	782.985107
934.835938	773.859558
938.494141	745.810608
942.150391	754.233093
945.804688	762.662476
949.458984	739.984192
953.109375	765.33136
956.759766	764.974731
960.408203	756.49054
964.056641	758.162109
967.701172	748.989746
971.345703	752.015381
974.988281	774.038086
978.628906	769.610962
982.267578	783.511597
985.90625	775.00885
989.542969	785.52533
993.177734	757.981384
996.810547	804.543762
1000.443359	817.806641
1004.074219	827.677063
1007.703125	789.208801
1011.330078	769.782471
1014.955078	757.836304
1018.580078	730.880554
1022.203125	746.190857
1025.824219	745.137024
1029.443359	770.022644
1033.0625	768.294556
1036.679688	767.248047
1040.294922	763.466431
1043.908203	771.989563
1047.519531	776.415161
1051.130859	771.263367
1054.740234	766.791687
1058.347656	779.439026
1061.953125	757.151306
1065.558594	735.530273
1069.162109	770.124634
1072.763672	767.014221
1076.363281	774.882568
1079.962891	781.383972
1083.560547	772.091492
1087.15625	758.667969
1090.75	772.732422
1094.34375	801.251465
1097.933594	795.391296
1101.523438	801.227783
1105.113281	778.835266
1108.699219	775.024597
1112.285156	757.426575
1115.869141	753.603455
1119.451172	765.641602
1123.03125	780.449707
1126.611328	795.960205
1130.189453	765.9021
1133.765625	750.328064
1137.341797	722.299438
1140.914063	740.57666
1144.486328	729.814575
1148.056641	759.874512
1151.626953	761.573242
1155.193359	752.883728
1158.759766	744.18689
1162.324219	726.471069
1165.888672	733.705811
1169.449219	788.816528
1173.009766	780.813354
1176.568359	786.690247
1180.125	773.122192
1183.681641	767.881653
1187.236328	775.150269
1190.789063	754.605103
1194.339844	777.180908
1197.890625	796.990845
1201.439453	793.837402
1204.986328	792.770996
1208.53125	800.76355
1212.076172	817.826172
1215.619141	827.927673
1219.160156	824.779419
1222.699219	864.90863
1226.238281	872.946228
1229.775391	888.675293
1233.310547	898.825623
1236.84375	883.812195
1240.376953	895.367432
1243.908203	895.0354
1247.4375	884.20166
1250.964844	902.774231
1254.492188	882.125122
1258.017578	869.16925
1261.541016	866.720886
1265.064453	843.224792
1268.583984	842.166992
1272.103516	823.555725
1275.623047	856.905273
1279.138672	882.55249
1282.654297	875.884521
1286.167969	872.727051
1289.679688	893.486938
1293.191406	914.26355
1296.701172	942.098022
1300.208984	939.666016
1303.714844	931.594238
1307.220703	946.779724
1310.722656	936.588013
1314.226563	961.665222
1317.726563	943.706482
1321.226563	967.394348
1324.724609	955.780518
1328.220703	985.852539
1331.714844	963.631348
1335.208984	1000.096191
1338.701172	984.937866
1342.191406	957.733276
1345.681641	951.042603
1349.169922	954.264282
1352.65625	912.838623
1356.140625	858.616699
1359.625	907.90863
1363.107422	943.758301
1366.587891	924.266113
1370.068359	918.961243
1373.544922	890.206665
1377.021484	904.073364
1380.498047	893.064758
1383.970703	887.73761
1387.443359	876.712891
1390.914063	862.831421
1394.384766	865.318909
1397.851563	882.057922
1401.318359	911.64032
1404.785156	879.209778
1408.248047	878.14032
1411.710938	874.928833
1415.171875	853.152161
1418.630859	874.211121
1422.089844	873.851501
1425.546875	876.350586
1429.001953	891.008057
1432.457031	902.815674
1435.908203	953.279053
1439.361328	970.132813
1442.810547	980.55365
1446.257813	990.982727
1449.705078	1017.190369
1453.152344	1016.885315
1456.595703	1004.383667
1460.039063	973.211243
1463.480469	980.785217
1466.919922	917.972778
1470.359375	931.997253
1473.796875	939.562988
1477.232422	940.66217
1480.666016	940.32312
1484.099609	925.588684
1487.53125	913.722229
1490.962891	883.83783
1494.390625	865.458923
1497.818359	836.972229
1501.246094	858.946106
1504.669922	834.762268
1508.09375	843.038818
1511.515625	852.76593
1514.935547	826.382568
1518.355469	841.168945
1521.773438	843.677002
1525.189453	844.740417
1528.605469	863.169067
1532.019531	850.488159
1535.431641	841.417419
1538.841797	849.000366
1542.251953	865.285522
1545.660156	872.883789
1549.068359	887.015442
1552.472656	921.474182
1555.876953	945.798401
1559.28125	912.775757
1562.681641	910.963501
1566.082031	921.504089
1569.480469	950.228699
1572.878906	992.795288
1576.273438	991.011353
1579.667969	930.993164
1583.0625	955.397644
1586.453125	949.953308
1589.84375	922.640869
1593.234375	885.828247
1596.621094	912.440918
1600.007813	920.833252
1603.392578	915.362915
1606.777344	939.0979
1610.160156	941.665955
1613.541016	953.736694
1616.919922	962.161255
1620.298828	917.19873
1623.675781	951.956543
1627.050781	954.533691
1630.425781	943.199097
1633.798828	935.518066
1637.169922	954.947388
1640.541016	958.262146
1643.910156	926.372742
1647.277344	977.372864
1650.642578	989.508484
1654.007813	1036.902466
1657.371094	1019.685303
1660.734375	1006.863831
1664.09375	1021.970581
1667.453125	1021.643188
1670.8125	1018.371948
1674.167969	982.708984
1677.523438	987.519592
1680.878906	992.33374
1684.230469	969.145813
1687.582031	963.633972
1690.933594	940.415588
1694.28125	921.605713
1697.628906	877.682861
1700.974609	890.586365
1704.320313	893.896179
1707.664063	896.469299
1711.005859	822.891663
1714.345703	868.33728
1717.685547	842.785156
1721.023438	852.743469
1724.361328	847.158447
1727.695313	835.642273
1731.03125	819.670105
1734.363281	826.668579
1737.695313	829.963928
1741.025391	823.615723
1744.353516	835.077271
1747.681641	844.319946
1751.007813	798.596619
1754.332031	827.897461
1757.65625	831.94342
1760.978516	793.597717
1764.298828	811.77002
1767.619141	826.234741
1770.9375	830.285583
1774.253906	807.521423
1777.570313	830.19873
1780.884766	812.634827
1784.197266	834.585876
1787.509766	843.869934
1790.818359	837.486328
1794.128906	846.778503
1797.435547	800.798767
1800.742188	841.470398
1804.048828	814.889526
1807.351563	836.153015
1810.654297	804.311218
1813.955078	851.035767
1817.255859	834.898804
1820.554688	867.439331
1823.851563	823.568604
1827.148438	816.397156
1830.443359	829.469116
1833.736328	822.293884
1837.027344	832.375793
1840.318359	831.95343
1843.609375	812.751587
1846.896484	830.355591
1850.183594	832.938293
1853.46875	862.596497
1856.753906	845.63269
1860.037109	868.545105
1863.318359	837.264038
1866.599609	822.529175
1869.878906	852.994263
1873.15625	857.099243
1876.433594	831.042358
1879.708984	821.562012
1882.982422	836.224854
1886.255859	860.714172
1889.527344	849.723083
1892.796875	807.743225
1896.066406	836.785095
1899.333984	832.576721
1902.599609	834.41687
1905.865234	834.74469
1909.128906	844.914734
1912.390625	846.76123
1915.652344	830.424561
1918.912109	839.088318
1922.169922	850.033508
1925.427734	829.885376
1928.683594	790.749268
1931.939453	824.463013
1935.191406	836.937744
1938.445313	845.62323
1941.695313	825.4328
1944.945313	842.484192
1948.193359	846.617493
1951.441406	837.056519
1954.6875	841.190552
1957.931641	865.889587
1961.173828	834.23053
1964.416016	829.984009
1967.658203	858.519287
1970.896484	853.515808
1974.134766	863.769104
1977.373047	851.129822
1980.607422	843.062378
1983.84375	827.348999
1987.076172	849.070862
1990.308594	853.225159
1993.539063	826.024109
1996.767578	841.649231
1999.996094	849.632019
2003.222656	837.711792
2006.449219	854.125244
2009.673828	852.925659
2012.896484	873.190552
2016.119141	852.056946
2019.339844	829.372192
2022.558594	855.023682
2025.777344	846.142883
2028.994141	853.385498
2032.208984	876.770447
2035.423828	850.97522
2038.636719	842.847168
2041.847656	861.638794
2045.058594	853.508118
2048.267578	843.831116
2051.476563	885.750977
2054.683594	835.24115
2057.888672	854.836182
2061.09375	852.083862
2064.296875	836.215149
2067.498047	851.202515
2070.699219	860.79718
2073.898438	858.814392
2077.097656	847.558472
2080.292969	860.253967
2083.490234	866.773376
2086.683594	874.844727
2089.876953	886.791138
2093.068359	857.718567
2096.259766	847.209167
2099.449219	830.493774
2102.636719	882.741455
2105.824219	862.925171
2109.009766	877.995972
2112.195313	869.024902
2115.378906	849.955811
2118.560547	846.402161
2121.742188	873.141296
2124.921875	858.713806
2128.099609	848.939453
2131.277344	853.156189
2134.453125	858.932068
2137.626953	859.263977
2140.800781	842.466309
2143.972656	821.760803
2147.144531	858.701538
2150.314453	890.213928
2153.482422	839.869019
2156.650391	855.795593
2159.816406	853.004028
2162.980469	859.578796
2166.144531	864.596436
2169.306641	843.052551
2172.46875	845.722412
2175.628906	870.288147
2178.787109	858.107666
2181.945313	874.088867
2185.101563	861.117249
2188.255859	841.870361
2191.410156	871.18158
2194.564453	878.570435
2197.714844	830.297974
2200.865234	863.559692
2204.013672	866.245667
2207.162109	852.449707
2210.308594	857.488831
2213.455078	879.81366
2216.599609	848.717651
2219.742188	845.899048
2222.884766	843.078064
2226.025391	855.989807
2229.164063	838.216003
2232.302734	861.371094
2235.439453	845.160645
2238.576172	845.484802
2241.710938	855.268188
2244.84375	839.824768
2247.976563	833.046814
2251.107422	887.029724
2254.236328	858.158997
2257.365234	875.862793
2260.492188	868.297363
2263.619141	865.468262
2266.744141	880.031799
2269.867188	862.966858
2272.990234	857.757996
2276.111328	887.374939
2279.232422	872.668274
2282.351563	900.728821
2285.46875	873.335571
2288.585938	857.020386
2291.701172	858.934021
2294.816406	868.78302
2297.929688	877.845581
2301.041016	875.798645
2304.152344	878.515869
2307.261719	859.780212
2310.369141	866.46759
2313.476563	873.159851
2316.583984	864.742004
2319.6875	846.767456
2322.791016	899.635254
2325.894531	936.614319
2328.996094	973.621338
2332.095703	973.992188
2335.195313	911.372314
2338.292969	885.396667
2341.388672	848.229614
2344.484375	858.13147
2347.578125	861.652222
2350.671875	846.002502
2353.763672	851.119202
2356.853516	842.64856
2359.943359	862.963318
2363.03125	887.293762
2366.119141	862.018372
2369.205078	853.538147
2372.289063	863.474182
2375.373047	847.77594
2378.457031	867.336182
2381.537109	852.429016
2384.617188	884.840881
2387.697266	881.163879
2390.773438	875.878235
2393.851563	872.194641
2396.925781	866.097717
2400	873.659485
2403.074219	883.638855
2406.146484	866.277954
2409.216797	860.973389
2412.286133	853.249756
2415.355469	890.614502
2418.421875	893.368164
2421.488281	879.2005
2424.553711	877.920593
2427.617188	880.671997
2430.679688	900.367615
2433.741211	887.794434
2436.801758	877.633789
2439.861328	892.503784
2442.918945	892.032837
2445.976563	878.628418
2449.032227	876.534241
2452.086914	888.189819
2455.140625	912.801514
2458.192383	880.764709
2461.243164	901.342651
2464.293945	883.049316
2467.342773	902.022278
2470.390625	886.147217
2473.436523	871.88208
2476.482422	886.814941
2479.526367	870.103882
2482.569336	855.004028
2485.611328	871.571289
2488.652344	896.276672
2491.692383	869.788574
2494.730469	898.577454
2497.768555	853.359375
2500.804688	871.583862
2503.839844	867.026733
2506.873047	882.012024
2509.90625	897.822998
2512.938477	900.605286
2515.96875	884.636719
2518.998047	890.678284
2522.026367	862.454407
2525.053711	901.141846
2528.079102	878.616211
2531.104492	860.97467
2534.12793	884.178223
2537.150391	863.255249
2540.171875	866.849854
2543.192383	858.175598
2546.211914	871.59137
2549.230469	880.104736
2552.24707	894.357361
2555.262695	893.053467
2558.277344	890.109131
2561.291016	906.020752
2564.303711	910.460754
2567.31543	879.620605
2570.325195	907.858276
2573.333984	903.27063
2576.341797	903.608093
2579.348633	908.876282
2582.354492	874.688477
2585.359375	898.041748
2588.363281	873.696289
2591.365234	912.703186
2594.366211	875.171692
2597.366211	914.207825
2600.365234	907.957397
2603.363281	926.428833
2606.360352	925.949585
2609.355469	908.973022
2612.350586	934.891174
2615.34375	931.112122
2618.335938	913.292053
2621.327148	879.763184
2624.317383	898.270874
2627.306641	882.898132
2630.293945	912.171265
2633.280273	894.309875
2636.266602	902.090881
2639.250977	890.835388
2642.234375	877.08667
2645.216797	892.32605
2648.197266	889.342102
2651.177734	912.059265
2654.157227	914.056763
2657.134766	923.523376
2660.111328	916.395447
2663.086914	920.887268
2666.061523	919.567444
2669.035156	926.556335
2672.007813	932.718933
2674.978516	919.75885
2677.949219	948.384827
2680.917969	947.90387
2683.885742	945.757324
2686.852539	935.280518
2689.818359	933.127258
2692.783203	918.470337
2695.74707	929.649048
2698.708984	910.809204
2701.670898	977.896606
2704.630859	926.507263
2707.589844	956.909668
2710.547852	945.568909
2713.504883	920.84967
2716.460938	942.087891
2719.416016	931.564697
2722.369141	960.351013
2725.322266	994.179443
2728.273438	945.990967
2731.223633	942.98999
2734.173828	962.606628
2737.12207	963.799561
2740.069336	979.245911
2743.014648	935.99408
2745.959961	979.12854
2748.904297	949.27356
2751.84668	950.462708
2754.788086	983.570251
2757.729492	957.044189
2760.668945	915.368347
2763.607422	975.406677
2766.544922	966.51239
2769.481445	957.611389
2772.416016	942.811035
2775.350586	938.946899
2778.28418	964.56427
2781.21582	928.681396
2784.146484	986.348633
2787.077148	947.916931
2790.005859	956.701294
2792.933594	962.116028
2795.860352	941.362183
2798.785156	932.416992
2801.709961	951.346375
2804.633789	960.147034
2807.555664	952.043762
2810.477539	928.709595
2813.397461	979.817444
2816.316406	956.475891
2819.234375	994.929688
2822.151367	965.646729
2825.067383	1033.789429
2827.982422	956.181152
2830.896484	984.514404
2833.80957	982.329407
2836.720703	1044.636841
2839.631836	1048.414185
2842.541016	1119.283203
2845.450195	1139.231323
2848.357422	1247.578003
2851.263672	1272.687988
2854.168945	1281.657104
2857.073242	1330.619019
2859.976563	1357.488159
2862.878906	1407.364258
2865.779297	1470.903931
2868.679688	1489.332397
2871.579102	1550.390503
2874.476563	1595.292603
2877.374023	1587.343994
2880.269531	1614.373047
2883.164063	1637.153442
2886.057617	1633.479736
2888.950195	1676.783691
2891.841797	1717.555176
2894.732422	1726.727783
2897.62207	1705.977295
2900.510742	1702.320068
2903.398438	1761.129395
2906.28418	1752.352295
2909.169922	1834.34375
2912.053711	1870.990234
2914.9375	1902.520874
2917.819336	1975.224487
2920.700195	2017.106445
2923.581055	2086.47168
2926.459961	2140.438721
2929.337891	2188.43457
2932.214844	2182.356689
2935.09082	2208.922363
2937.96582	2187.375732
2940.838867	2205.363525
2943.711914	2099.509033
2946.583984	2036.598267
2949.454102	1900.479736
2952.324219	1865.864624
2955.193359	1820.026489
2958.060547	1815.514526
2960.926758	1776.519897
2963.792969	1794.407349
2966.657227	1709.658813
2969.520508	1689.566406
2972.382813	1676.364868
2975.244141	1629.475952
2978.104492	1636.110718
2980.963867	1605.591431
2983.822266	1484.28125
2986.679688	1495.193604
2989.536133	1416.144653
2992.390625	1375.981323
2995.245117	1312.414429
2998.098633	1254.86377
3000.950195	1221.528564
3003.801758	1215.035034
3006.651367	1185.995728
3009.500977	1140.457153
3012.348633	1115.70752
3015.195313	1083.996704
3018.041992	1045.317139
3020.886719	1024.848389
3023.730469	1029.560669
3026.573242	1057.74292
3029.415039	1044.211548
3032.255859	1006.316711
3035.095703	1036.260498
3037.93457	1023.576416
3040.772461	1024.814209
3043.609375	1028.665771
3046.445313	1013.350647
3049.280273	1026.78833
3052.114258	1031.515991
3054.946289	1069.3927
3057.77832	1076.756226
3060.609375	1113.802856
3063.438477	1088.005493
3066.267578	1056.074829
3069.094727	1049.462036
3071.921875	1040.221802
3074.74707	1031.849121
3077.572266	1005.975098
3080.395508	1013.335144
3083.21875	946.292358
3086.040039	959.765747
3088.860352	977.628601
3091.679688	957.822083
3094.499023	959.917114
3097.316406	988.321838
3100.132813	950.074768
3102.948242	980.251038
3105.762695	990.257141
3108.576172	974.802368
3111.388672	969.87854
3114.201172	963.193298
3117.011719	985.514709
3119.821289	967.396973
3122.629883	1017.007996
3125.436523	976.886169
3128.243164	986.037476
3131.048828	955.563416
3133.853516	947.973877
3136.657227	962.411987
3139.459961	966.280396
3142.261719	958.685913
3145.0625	944.02771
3147.861328	995.55249
3150.660156	960.589966
3153.458008	939.733704
3156.254883	944.484558
3159.049805	939.516357
3161.844727	932.776184
3164.638672	931.337708
3167.430664	941.400146
3170.222656	939.078247
3173.013672	987.222351
3175.802734	962.771729
3178.591797	945.391846
3181.379883	952.816956
3184.166016	945.174011
3186.952148	936.638428
3189.737305	915.674683
3192.520508	940.850891
3195.303711	943.846924
3198.084961	951.286011
3200.866211	921.97467
