399.363281	982.632141
403.25	962.710754
407.134766	985.393738
411.017578	927.270264
414.898438	967.784546
418.777344	949.094971
422.654297	931.026062
426.53125	911.666199
430.404297	945.227112
434.277344	922.027588
438.148438	906.467957
442.017578	934.321655
445.884766	926.420288
449.751953	890.387512
453.615234	878.622925
457.478516	913.54895
461.339844	871.702881
465.199219	893.209412
469.056641	902.563416
472.912109	870.270203
476.765625	895.649963
480.619141	897.31958
484.470703	898.990356
488.320313	912.217468
492.167969	910.684448
496.013672	890.51709
499.857422	894.757874
503.699219	912.506409
507.541016	907.753052
511.380859	913.936829
515.21875	884.711487
519.054688	928.252136
522.888672	935.096375
526.720703	936.788452
530.552734	910.746521
534.380859	894.361084
538.208984	919.277161
542.035156	898.359924
545.859375	912.960754
549.683594	899.778992
553.503906	901.459045
557.324219	904.434143
561.140625	908.706055
564.957031	879.311096
568.773438	864.141846
572.585938	885.898804
576.396484	852.565369
580.207031	843.850525
584.015625	876.657227
587.820313	867.295532
591.626953	859.873962
595.429688	881.683594
599.230469	872.961243
603.03125	862.930664
606.828125	864.601379
610.625	860.415649
614.419922	845.157043
618.214844	844.86731
622.005859	873.251038
625.796875	874.27655
629.583984	890.304138
633.371094	885.4646
637.15625	870.828796
640.941406	893.405457
644.722656	921.227966
648.503906	864.755432
652.283203	914.16803
656.060547	882.50293
659.835938	880.916199
663.609375	925.160217
667.382813	901.318848
671.152344	928.570862
674.921875	916.51062
678.689453	909.686768
682.455078	924.509644
686.220703	926.872803
689.982422	925.954224
693.744141	944.087097
697.503906	918.855713
701.261719	895.575195
705.017578	923.5849
708.773438	923.319763
712.525391	948.731018
716.277344	970.870361
720.027344	984.461914
723.775391	987.517212
727.523438	980.682312
731.267578	983.738037
735.011719	931.350647
738.753906	1003.063293
742.494141	998.864685
746.232422	1011.184875
749.970703	1010.291565
753.707031	1023.287964
757.439453	1012.472168
761.171875	999.660889
764.904297	1022.603088
768.632813	976.655212
772.361328	1038.71582
776.087891	1049.103027
779.8125	1101.2948
783.535156	1083.84082
787.255859	1057.739868
790.976563	1027.630859
794.695313	1058.635132
798.412109	1003.901489
802.126953	1070.837646
805.839844	1064.63623
809.552734	1101.698608
813.263672	1066.868164
816.972656	1049.330322
820.679688	1085.099121
824.384766	1069.553955
828.089844	1074.007935
831.791016	1079.800171
835.492188	1054.217407
839.193359	1059.337646
842.890625	1023.700867
846.587891	1064.910522
850.28125	1072.715942
853.974609	1099.26123
857.666016	1060.902588
861.357422	1076.750732
865.044922	1055.767334
868.732422	1038.116699
872.417969	1016.428223
876.101563	1053.747192
879.785156	1032.717407
883.464844	1050.605957
887.144531	1078.58313
890.822266	1046.786377
894.5	1037.81604
898.173828	991.853577
901.847656	1023.888306
905.519531	1032.394409
909.189453	1051.680054
912.857422	1003.624207
916.523438	1027.630371
920.189453	1033.45459
923.853516	1009.608948
927.515625	1029.598755
931.177734	1016.530701
934.835938	1028.436401
938.494141	1016.03186
942.150391	1023.891724
945.804688	1022.968384
949.458984	1034.89563
953.109375	1019.765076
956.759766	1018.161011
960.408203	1025.359619
964.056641	1032.563965
967.701172	1036.384888
971.345703	996.810242
974.988281	1006.724426
978.628906	1011.217163
982.267578	1017.750305
985.90625	1037.873413
989.542969	1038.306885
993.177734	1023.784729
996.810547	1031.693115
1000.443359	1099.480469
1004.074219	1164.601563
1007.703125	1078.608032
1011.330078	1049.765259
1014.955078	1018.17218
1018.580078	1019.278381
1022.203125	998.558899
1025.824219	1010.575073
1029.443359	1045.128296
1033.0625	1049.661133
1036.679688	1035.750732
1040.294922	1064.2052
1043.908203	1066.699463
1047.519531	1045.937256
1051.130859	1022.420105
1054.740234	1045.438232
1058.347656	1004.777771
1061.953125	1057.956177
1065.558594	1068.678223
1069.162109	1065.007568
1072.763672	1044.868164
1076.363281	1075.501343
1079.962891	1072.514648
1083.560547	1093.567383
1087.15625	1065.845947
1090.75	1091.725098
1094.34375	1103.870117
1097.933594	1131.161987
1101.523438	1069.68042
1105.113281	1052.219604
1108.699219	1097.434814
1112.285156	1112.362671
1115.869141	1063.870239
1119.451172	1071.208374
1123.03125	1069.581787
1126.611328	1098.328369
1130.189453	1058.726685
1133.765625	1060.546631
1137.341797	1005.689636
1140.914063	1055.200684
1144.486328	1026.582764
1148.056641	1038.771973
1151.626953	1029.508545
1155.193359	1037.552734
1158.759766	1018.579773
1162.324219	1010.682068
1165.888672	1068.658447
1169.449219	1087.831421
1173.009766	1071.622925
1176.568359	1088.034912
1180.125	1044.722168
1183.681641	1103.525879
1187.236328	1032.375
1190.789063	1065.488525
1194.339844	1069.406494
1197.890625	1117.179321
1201.439453	1137.137207
1204.986328	1127.852661
1208.53125	1172.920044
1212.076172	1183.860962
1215.619141	1141.103394
1219.160156	1204.373291
1222.699219	1168.569092
1226.238281	1236.790283
1229.775391	1263.847168
1233.310547	1269.259155
1236.84375	1264.187012
1240.376953	1251.415894
1243.908203	1270.824341
1247.4375	1254.544189
1250.964844	1254.358887
1254.492188	1285.702637
1258.017578	1291.136841
1261.541016	1260.8125
1265.064453	1285.181274
1268.583984	1260.443237
1272.103516	1232.174194
1275.623047	1259.369751
1279.138672	1228.265747
1282.654297	1266.728638
1286.167969	1263.731323
1289.679688	1317.717285
1293.191406	1314.033936
1296.701172	1325.837524
1300.208984	1334.832886
1303.714844	1346.653931
1307.220703	1342.974976
1310.722656	1359.039917
1314.226563	1396.989746
1317.726563	1384.855713
1321.226563	1386.127808
1324.724609	1371.152954
1328.220703	1380.193481
1331.714844	1408.329956
1335.208984	1392.637451
1338.701172	1451.226685
1342.191406	1374.662231
1345.681641	1365.309082
1349.169922	1319.109253
1352.65625	1300.511597
1356.140625	1292.533691
1359.625	1327.816406
1363.107422	1292.168335
1366.587891	1304.052856
1370.068359	1283.989136
1373.544922	1293.748047
1377.021484	1280.77063
1380.498047	1255.69458
1383.970703	1246.958374
1387.443359	1250.312134
1390.914063	1259.363647
1394.384766	1274.119751
1397.851563	1273.212891
1401.318359	1215.995605
1404.785156	1250.003906
1408.248047	1241.951538
1411.710938	1263.151733
1415.171875	1254.383545
1418.630859	1276.319702
1422.089844	1268.26355
1425.546875	1276.641235
1429.001953	1310.053589
1432.457031	1348.500366
1435.908203	1366.939209
1439.361328	1412.599243
1442.810547	1441.822144
1446.257813	1460.32019
1449.705078	1472.381226
1453.152344	1436.404297
1456.595703	1475.726563
1460.039063	1466.993896
1463.480469	1383.582031
1466.919922	1378.395752
1470.359375	1386.139282
1473.796875	1373.041504
1477.232422	1366.405273
1480.666016	1351.849365
1484.099609	1354.555054
1487.53125	1293.179688
1490.962891	1298.744629
1494.390625	1281.253906
1497.818359	1229.145264
1501.246094	1226.035645
1504.669922	1191.89917
1508.09375	1227.025635
1511.515625	1234.741455
1514.935547	1204.900391
1518.355469	1219.116821
1521.773438	1210.933105
1525.189453	1244.690308
1528.605469	1266.174316
1532.019531	1227.598267
1535.431641	1268.643066
1538.841797	1238.729126
1542.251953	1262.418213
1545.660156	1276.701294
1549.068359	1291.720703
1552.472656	1334.323608
1555.876953	1329.053589
1559.28125	1327.40979
1562.681641	1370.077515
1566.082031	1353.186646
1569.480469	1366.090088
1572.878906	1396.459351
1576.273438	1413.755493
1579.667969	1390.30249
1583.0625	1407.609497
1586.453125	1376.120972
1589.84375	1360.640137
1593.234375	1350.250122
1596.621094	1358.814941
1600.007813	1364.467651
1603.392578	1369.394653
1606.777344	1403.535034
1610.160156	1365.37915
1613.541016	1358.618042
1616.919922	1363.549194
1620.298828	1375.06665
1623.675781	1362.446655
1627.050781	1355.672119
1630.425781	1366.467041
1633.798828	1359.687988
1637.169922	1371.958252
1640.541016	1377.639282
1643.910156	1372.322632
1647.277344	1438.17627
1650.642578	1449.028076
1654.007813	1475.309448
1657.371094	1479.572266
1660.734375	1469.139282
1664.09375	1493.253418
1667.453125	1457.809082
1670.8125	1506.219238
1674.167969	1480.320435
1677.523438	1401.379395
1680.878906	1411.515625
1684.230469	1433.451416
1687.582031	1404.531494
1690.933594	1358.623901
1694.28125	1317.844482
1697.628906	1322.060547
1700.974609	1294.525635
1704.320313	1270.662354
1707.664063	1237.911011
1711.005859	1226.574341
1714.345703	1217.447266
1717.685547	1211.272461
1721.023438	1196.949829
1724.361328	1162.621338
1727.695313	1202.347046
1731.03125	1194.672852
1734.363281	1222.579834
1737.695313	1216.390381
1741.025391	1164.93396
1744.353516	1178.015747
1747.681641	1173.2854
1751.007813	1205.69519
1754.332031	1203.944336
1757.65625	1250.517334
1760.978516	1179.611938
1764.298828	1209.842407
1767.619141	1175.337524
1770.9375	1195.909058
1774.253906	1197.128174
1777.570313	1191.640747
1780.884766	1163.782471
1784.197266	1180.651855
1787.509766	1199.772705
1790.818359	1171.883667
1794.128906	1188.775391
1797.435547	1214.644409
1800.742188	1212.883179
1804.048828	1189.439575
1807.351563	1201.876465
1810.654297	1210.581909
1813.955078	1225.28186
1817.255859	1198.061035
1820.554688	1190.294556
1823.851563	1187.767334
1827.148438	1213.725464
1830.443359	1233.703979
1833.736328	1191.425781
1837.027344	1194.147827
1840.318359	1203.629395
1843.609375	1189.081177
1846.896484	1180.532715
1850.183594	1214.827026
1853.46875	1199.513062
1856.753906	1224.060791
1860.037109	1208.737793
1863.318359	1170.061401
1866.599609	1175.041748
1869.878906	1195.849731
1873.15625	1203.858887
1876.433594	1192.266724
1879.708984	1190.472778
1882.982422	1239.997681
1886.255859	1198.959717
1889.527344	1187.346313
1892.796875	1193.102417
1896.066406	1201.886475
1899.333984	1203.11499
1902.599609	1214.178711
1905.865234	1229.03479
1909.128906	1187.120361
1912.390625	1197.432495
1915.652344	1226.694702
1918.912109	1231.723999
1922.169922	1221.591431
1925.427734	1225.863525
1928.683594	1225.585449
1931.939453	1204.050049
1935.191406	1174.902588
1938.445313	1214.871094
1941.695313	1200.145874
1944.945313	1211.261108
1948.193359	1220.863525
1951.441406	1228.951172
1954.6875	1192.130615
1957.931641	1195.643433
1961.173828	1229.632935
1964.416016	1171.428345
1967.658203	1234.407471
1970.896484	1247.094116
1974.134766	1219.348999
1977.373047	1205.322021
1980.607422	1174.483643
1983.84375	1203.97229
1987.076172	1203.678345
1990.308594	1247.727051
1993.539063	1208.442627
1996.767578	1206.619019
1999.996094	1225.460327
2003.222656	1195.309082
2006.449219	1165.900146
2009.673828	1227.661255
2012.896484	1212.040649
2016.119141	1236.287842
2019.339844	1250.579712
2022.558594	1287.908203
2025.777344	1240.80481
2028.994141	1252.041748
2032.208984	1208.729126
2035.423828	1243.023438
2038.636719	1219.66748
2041.847656	1250.914917
2045.058594	1254.47998
2048.267578	1228.790527
2051.476563	1259.306885
2054.683594	1229.746216
2057.888672	1234.078247
2061.09375	1241.497803
2064.296875	1256.636963
2067.498047	1200.789673
2070.699219	1207.432129
2073.898438	1247.288818
2077.097656	1230.002808
2080.292969	1247.484253
2083.490234	1231.730591
2086.683594	1216.738037
2089.876953	1231.138428
2093.068359	1254.065063
2096.259766	1211.958252
2099.449219	1262.009644
2102.636719	1219.872681
2105.824219	1252.908447
2109.009766	1235.554443
2112.195313	1263.189697
2115.378906	1244.273193
2118.560547	1243.20166
2121.742188	1227.369507
2124.921875	1248.049194
2128.099609	1251.641479
2131.277344	1248.236694
2134.453125	1236.270874
2137.626953	1187.714478
2140.800781	1216.203613
2143.972656	1254.061523
2147.144531	1235.065308
2150.314453	1190.329834
2153.482422	1240.697876
2156.650391	1261.459839
2159.816406	1227.607788
2162.980469	1254.625977
2166.144531	1232.459961
2169.306641	1254.812256
2172.46875	1231.847046
2175.628906	1223.720459
2178.787109	1239.054321
2181.945313	1313.872192
2185.101563	1266.625244
2188.255859	1238.919922
2191.410156	1246.447754
2194.564453	1228.117676
2197.714844	1237.998657
2200.865234	1222.787964
2204.013672	1227.181396
2207.162109	1242.567139
2210.308594	1245.400391
2213.455078	1236.452393
2216.599609	1246.357544
2219.742188	1269.634766
2222.884766	1221.362183
2226.025391	1260.38208
2229.164063	1238.041138
2232.302734	1232.217285
2235.439453	1280.737427
2238.576172	1270.197144
2241.710938	1238.365356
2244.84375	1254.61145
2247.976563	1250.359009
2251.107422	1242.157349
2254.236328	1234.738403
2257.365234	1239.949951
2260.492188	1258.59668
2263.619141	1233.786255
2266.744141	1243.746704
2269.867188	1233.148804
2272.990234	1264.480835
2276.111328	1245.174683
2279.232422	1252.777832
2282.351563	1277.814941
2285.46875	1252.943359
2288.585938	1265.314087
2291.701172	1266.590576
2294.816406	1263.900757
2297.929688	1262.002197
2301.041016	1276.776245
2304.152344	1231.987427
2307.261719	1220.538208
2310.369141	1256.775391
2313.476563	1276.34021
2316.583984	1285.577759
2319.6875	1239.909424
2322.791016	1271.431396
2325.894531	1363.506592
2328.996094	1378.367432
2332.095703	1341.431152
2335.195313	1295.695557
2338.292969	1286.616943
2341.388672	1275.137207
2344.484375	1267.639771
2347.578125	1252.150757
2350.671875	1253.425781
2353.763672	1272.283447
2356.853516	1265.571777
2359.943359	1266.852539
2363.03125	1248.131836
2366.119141	1239.001343
2369.205078	1277.905151
2372.289063	1281.59436
2375.373047	1243.618408
2378.457031	1248.098389
2381.537109	1267.817749
2384.617188	1280.331909
2387.697266	1271.989746
2390.773438	1297.359497
2393.851563	1297.048096
2396.925781	1288.702026
2400	1261.05957
2403.074219	1243.848389
2406.146484	1248.341187
2409.216797	1250.423096
2412.286133	1255.726074
2415.355469	1270.695923
2418.421875	1261.51001
2421.488281	1320.81543
2424.553711	1264.07666
2427.617188	1271.812866
2430.679688	1296.49707
2433.741211	1272.774414
2436.801758	1259.529663
2439.861328	1276.159302
2442.918945	1289.569214
2445.976563	1273.889893
2449.032227	1310.758301
2452.086914	1282.940796
2455.140625	1272.095703
2458.192383	1282.289795
2461.243164	1264.147217
2464.293945	1275.965698
2467.342773	1269.15271
2470.390625	1267.198608
2473.436523	1256.321289
2476.482422	1268.153442
2479.526367	1279.994263
2482.569336	1317.014771
2485.611328	1298.015869
2488.652344	1269.251343
2491.692383	1232.335938
2494.730469	1268.579956
2497.768555	1290.207886
2500.804688	1287.437622
2503.839844	1270.010986
2506.873047	1290.03418
2509.90625	1261.188721
2512.938477	1317.899292
2515.96875	1305.348755
2518.998047	1299.313599
2522.026367	1296.537476
2525.053711	1314.981445
2528.079102	1298.326904
2531.104492	1269.406738
2534.12793	1288.67749
2537.150391	1284.255615
2540.171875	1283.101318
2543.192383	1310.578979
2546.211914	1310.251465
2549.230469	1323.841309
2552.24707	1329.250977
2555.262695	1328.109741
2558.277344	1319.590942
2561.291016	1339.762817
2564.303711	1296.791382
2567.31543	1318.610352
2570.325195	1324.028442
2573.333984	1327.807861
2576.341797	1322.553711
2579.348633	1300.038208
2582.354492	1325.185913
2585.359375	1330.61499
2588.363281	1337.693237
2591.365234	1319.263428
2594.366211	1309.052734
2597.366211	1321.895142
2600.365234	1277.896484
2603.363281	1332.771729
2606.360352	1344.81189
2609.355469	1360.160156
2612.350586	1315.283813
2615.34375	1352.919067
2618.335938	1312.960571
2621.327148	1325.840332
2624.317383	1319.722778
2627.306641	1319.387085
2630.293945	1333.936768
2633.280273	1326.15979
2636.266602	1299.341919
2639.250977	1310.587769
2642.234375	1347.516479
2645.216797	1341.388916
2648.197266	1346.860107
2651.177734	1403.742188
2654.157227	1364.449585
2657.134766	1348.360718
2660.111328	1325.619141
2663.086914	1302.860352
2666.061523	1322.449341
2669.035156	1350.362427
2672.007813	1384.946289
2674.978516	1348.868774
2677.949219	1353.528076
2680.917969	1375.667358
2683.885742	1368.68396
2686.852539	1364.193604
2689.818359	1361.365967
2692.783203	1371.871216
2695.74707	1388.220337
2698.708984	1352.868652
2701.670898	1385.075439
2704.630859	1353.034424
2707.589844	1389.439453
2710.547852	1384.94104
2713.504883	1429.740356
2716.460938	1395.159424
2719.416016	1424.106567
2722.369141	1433.834106
2725.322266	1424.321045
2728.273438	1382.151367
2731.223633	1411.972534
2734.173828	1420.033203
2737.12207	1427.261475
2740.069336	1422.75708
2743.014648	1393.926636
2745.959961	1456.5271
2748.904297	1419.294067
2751.84668	1384.552124
2754.788086	1387.581543
2757.729492	1370.447021
2760.668945	1391.965088
2763.607422	1409.294434
2766.544922	1446.824463
2769.481445	1406.123535
2772.416016	1436.944946
2775.350586	1368.42041
2778.28418	1400.092407
2781.21582	1428.416504
2784.146484	1377.515869
2787.077148	1409.22522
2790.005859	1407.211426
2792.933594	1379.032959
2795.860352	1420.908081
2798.785156	1423.118286
2801.709961	1356.893677
2804.633789	1422.471436
2807.555664	1411.155518
2810.477539	1375.302124
2813.397461	1379.190308
2816.316406	1431.328125
2819.234375	1464.875244
2822.151367	1456.093628
2825.067383	1449
2827.982422	1421.556641
2830.896484	1499.243286
2833.80957	1478.583984
2836.720703	1495.247925
2839.631836	1581.534912
2842.541016	1553.238892
2845.450195	1629.415039
2848.357422	1760.886719
2851.263672	1831.242432
2854.168945	1888.041626
2857.073242	1864.057739
2859.976563	1931.973755
2862.878906	2041.657349
2865.779297	2094.355957
2868.679688	2149.648438
2871.579102	2283.395264
2874.476563	2326.006592
2877.374023	2382.29541
2880.269531	2424.972656
2883.164063	2471.947998
2886.057617	2440.399902
2888.950195	2437.87085
2891.841797	2495.154785
2894.732422	2464.433838
2897.62207	2529.464111
2900.510742	2555.190918
2903.398438	2597.195068
2906.28418	2616.97168
2909.169922	2671.016846
2912.053711	2816.765381
2914.9375	2946.336426
2917.819336	3045.995117
2920.700195	3089.980713
2923.581055	3121.128418
2926.459961	3185.769287
2929.337891	3267.627441
2932.214844	3383.898193
2935.09082	3347.320557
2937.96582	3354.549072
2940.838867	3303.316406
2943.711914	3157.43457
2946.583984	3094.906494
2949.454102	2941.095703
2952.324219	2847.445557
2955.193359	2806.269043
2958.060547	2703.884277
2960.926758	2643.661621
2963.792969	2617.023682
2966.657227	2626.594971
2969.520508	2617.188477
2972.382813	2481.745117
2975.244141	2474.005615
2978.104492	2426.523193
2980.963867	2338.390869
2983.822266	2307.249023
2986.679688	2212.955811
2989.536133	2111.67334
2992.390625	2093.395508
2995.245117	2003.25
2998.098633	1932.957764
3000.950195	1852.218506
3003.801758	1821.685913
3006.651367	1730.444092
3009.500977	1686.835938
3012.348633	1644.931152
3015.195313	1623.825317
3018.041992	1617.463379
3020.886719	1585.041016
3023.730469	1565.627319
3026.573242	1530.554932
3029.415039	1556.318604
3032.255859	1550.78894
3035.095703	1535.684082
3037.93457	1557.124268
3040.772461	1511.535645
3043.609375	1532.981934
3046.445313	1549.215332
3049.280273	1561.973389
3052.114258	1568.636719
3054.946289	1594.494141
3057.77832	1607.281128
3060.609375	1652.373657
3063.438477	1595.333862
3066.267578	1640.453735
3069.094727	1613.078125
3071.921875	1552.465454
3074.74707	1545.150391
3077.572266	1570.195923
3080.395508	1540.129395
3083.21875	1497.785522
3086.040039	1445.778564
3088.860352	1473.45105
3091.679688	1464.33728
3094.499023	1496.418701
3097.316406	1460.997559
3100.132813	1428.182617
3102.948242	1459.40686
3105.762695	1456.415405
3108.576172	1463.959961
3111.388672	1439.883057
3114.201172	1453.578247
3117.011719	1454.095703
3119.821289	1482.755737
3122.629883	1467.44751
3125.436523	1486.451172
3128.243164	1440.31897
3131.048828	1498.95752
3133.853516	1494.204102
3136.657227	1459.481934
3139.459961	1470.579956
3142.261719	1454.345093
3145.0625	1473.389038
3147.861328	1457.142944
3150.660156	1437.353394
3153.458008	1452.877686
3156.254883	1463.111694
3159.049805	1428.276978
3161.844727	1451.770996
3164.638672	1452.2854
3167.430664	1415.639282
3170.222656	1436.497681
3173.013672	1447.630981
3175.802734	1453.457642
3178.591797	1439.79541
3181.379883	1443.850098
3184.166016	1467.413696
3186.952148	1458.175781
3189.737305	1463.127563
3192.520508	1460.981689
3195.303711	1417.990234
3198.084961	1441.584717
3200.866211	1470.895996
