399.363281	1029.66626
403.25	1014.216431
407.134766	968.217773
411.017578	994.731201
414.898438	985.612183
418.777344	968.841248
422.654297	945.045654
426.53125	950.555481
430.404297	956.069763
434.277344	911.180176
438.148438	953.068054
442.017578	936.23761
445.884766	975.616394
449.751953	960.69812
453.615234	943.20874
457.478516	978.162659
461.339844	971.545471
465.199219	947.634338
469.056641	957.011902
472.912109	965.756409
476.765625	970.020325
480.619141	938.369202
484.470703	966.366516
488.320313	955.228455
492.167969	938.942627
496.013672	974.68573
499.857422	946.823547
503.699219	970.38208
507.541016	986.24054
511.380859	1013.053955
515.21875	963.266663
519.054688	969.479126
522.888672	978.918945
526.720703	961.9328
530.552734	977.181946
534.380859	993.089233
538.208984	971.567505
542.035156	979.0896
545.859375	965.9422
549.683594	982.517273
553.503906	942.845947
557.324219	954.249207
561.140625	959.189697
564.957031	937.586487
568.773438	917.907837
572.585938	941.632019
576.396484	943.332764
580.207031	934.00824
584.015625	905.857483
587.820313	896.508362
591.626953	918.324585
595.429688	946.656555
599.230469	939.262146
603.03125	926.008484
606.828125	936.163513
610.625	933.960999
614.419922	910.269287
618.214844	934.109253
622.005859	949.497559
625.796875	953.163513
629.583984	961.39801
633.371094	967.029175
637.15625	956.997742
640.941406	971.774353
644.722656	954.54895
648.503906	969.336548
652.283203	976.943542
656.060547	968.856079
659.835938	943.09082
663.609375	993.908875
667.382813	982.542358
671.152344	992.791016
674.921875	969.613159
678.689453	992.981812
682.455078	980.938171
686.220703	963.632629
689.982422	990.968018
693.744141	993.360962
697.503906	1020.074463
701.261719	995.521973
705.017578	993.972107
708.773438	1014.796204
712.525391	1022.470032
716.277344	1039.371338
720.027344	1052.992065
723.775391	1083.104736
727.523438	1073.012817
731.267578	1070.169678
735.011719	1046.861938
738.753906	1030.137451
742.494141	1081.442871
746.232422	1074.631836
749.970703	1084.34436
753.707031	1051.730957
757.439453	1093.867065
761.171875	1053.285034
764.904297	1069.626953
768.632813	1082.006714
772.361328	1130.854614
776.087891	1133.986206
779.8125	1117.880615
783.535156	1125.654663
787.255859	1142.730835
790.976563	1128.600464
794.695313	1132.400635
798.412109	1121.577271
802.126953	1143.335327
805.839844	1129.845215
809.552734	1132.985474
813.263672	1156.106812
816.972656	1124.615601
820.679688	1143.753174
824.384766	1089.558105
828.089844	1148.721558
831.791016	1130.52002
835.492188	1115.641113
839.193359	1152.179932
842.890625	1128.610107
846.587891	1123.738037
850.28125	1115.517578
853.974609	1150.778687
857.666016	1137.876709
861.357422	1122.95459
865.044922	1131.466309
868.732422	1116.528442
872.417969	1123.703003
876.101563	1116.126831
879.785156	1104.517822
883.464844	1156.673462
887.144531	1149.772339
890.822266	1124.724243
894.5	1090.916748
898.173828	1118.272827
901.847656	1117.397095
905.519531	1102.387207
909.189453	1106.889893
912.857422	1127.561646
916.523438	1115.231567
920.189453	1088.059814
923.853516	1107.400024
927.515625	1112.587402
931.177734	1080.654419
934.835938	1105.417114
938.494141	1087.640503
942.150391	1096.88208
945.804688	1131.147461
949.458984	1047.070801
953.109375	1136.155029
956.759766	1097.366333
960.408203	1082.248779
964.056641	1088.121826
967.701172	1091.288208
971.345703	1121.581055
974.988281	1054.211426
978.628906	1085.192139
982.267578	1093.793091
985.90625	1143.834229
989.542969	1136.157715
993.177734	1106.041016
996.810547	1138.466919
1000.443359	1183.846558
1004.074219	1207.482788
1007.703125	1124.230957
1011.330078	1089.276245
1014.955078	1104.723633
1018.580078	1088.139404
1022.203125	1102.916504
1025.824219	1097.234741
1029.443359	1075.164551
1033.0625	1119.319824
1036.679688	1125.251587
1040.294922	1106.582031
1043.908203	1133.710083
1047.519531	1125.28894
1051.130859	1146.971924
1054.740234	1119.378906
1058.347656	1108.88562
1061.953125	1129.90271
1065.558594	1138.598145
1069.162109	1141.814331
1072.763672	1167.672852
1076.363281	1133.840576
1079.962891	1161.089844
1083.560547	1127.913086
1087.15625	1158.61792
1090.75	1143.973999
1094.34375	1141.697388
1097.933594	1158.684204
1101.523438	1150.904541
1105.113281	1140.363647
1108.699219	1141.525146
1112.285156	1141.308838
1115.869141	1127.30249
1119.451172	1149.1521
1123.03125	1151.69812
1126.611328	1190.83374
1130.189453	1155.414063
1133.765625	1115.128418
1137.341797	1110.060181
1140.914063	1084.24292
1144.486328	1107.519531
1148.056641	1130.815063
1151.626953	1115.358643
1155.193359	1139.368652
1158.759766	1133.603149
1162.324219	1129.218872
1165.888672	1109.573975
1169.449219	1146.108032
1173.009766	1166.014648
1176.568359	1163.023926
1180.125	1160.72522
1183.681641	1120.898804
1187.236328	1167.244263
1190.789063	1140.601318
1194.339844	1154.986816
1197.890625	1172.168213
1201.439453	1172.651001
1204.986328	1207.965698
1208.53125	1232.855347
1212.076172	1213.840942
1215.619141	1202.483032
1219.160156	1288.107178
1222.699219	1260.016235
1226.238281	1206.0625
1229.775391	1264.545898
1233.310547	1289.528198
1236.84375	1269.081543
1240.376953	1254.91333
1243.908203	1294.61731
1247.4375	1308.450439
1250.964844	1316.69165
1254.492188	1296.913086
1258.017578	1312.866089
1261.541016	1279.044434
1265.064453	1292.196411
1268.583984	1291.322754
1272.103516	1271.491455
1275.623047	1302.215088
1279.138672	1330.855469
1282.654297	1313.123779
1286.167969	1336.165527
1289.679688	1347.265747
1293.191406	1339.37146
1296.701172	1353.297852
1300.208984	1355.260376
1303.714844	1372.022705
1307.220703	1335.220337
1310.722656	1392.892578
1314.226563	1382.173218
1317.726563	1400.384155
1321.226563	1403.781006
1324.724609	1398.703247
1328.220703	1393.620972
1331.714844	1426.004761
1335.208984	1408.904907
1338.701172	1374.101563
1342.191406	1363.336548
1345.681641	1368.141724
1349.169922	1361.615356
1352.65625	1372.092896
1356.140625	1366.980225
1359.625	1324.979248
1363.107422	1353.193237
1366.587891	1376.460815
1370.068359	1337.962158
1373.544922	1352.005737
1377.021484	1358.953003
1380.498047	1319.687988
1383.970703	1343.698975
1387.443359	1342.822388
1390.914063	1351.199707
1394.384766	1336.080933
1397.851563	1344.461426
1401.318359	1337.16748
1404.785156	1314.892822
1408.248047	1323.987305
1411.710938	1345.93457
1415.171875	1360.759888
1418.630859	1329.172241
1422.089844	1365.437622
1425.546875	1353.125244
1429.001953	1356.534668
1432.457031	1395.000366
1435.908203	1449.241821
1439.361328	1424.054688
1442.810547	1456.147217
1446.257813	1465.335938
1449.705078	1503.921997
1453.152344	1459.352295
1456.595703	1459.225952
1460.039063	1479.194946
1463.480469	1459.689819
1466.919922	1424.366211
1470.359375	1416.319702
1473.796875	1429.113403
1477.232422	1422.499878
1480.666016	1400.052612
1484.099609	1404.937012
1487.53125	1378.863647
1490.962891	1347.726563
1494.390625	1338.182495
1497.818359	1329.351196
1501.246094	1355.851074
1504.669922	1318.159668
1508.09375	1328.074829
1511.515625	1318.501709
1514.935547	1321.200806
1518.355469	1328.960205
1521.773438	1317.206055
1525.189453	1345.220093
1528.605469	1338.5271
1532.019531	1302.875488
1535.431641	1351.915894
1538.841797	1358.255615
1542.251953	1348.656982
1545.660156	1374.574463
1549.068359	1366.424438
1552.472656	1436.629028
1555.876953	1416.882935
1559.28125	1445.046753
1562.681641	1431.825439
1566.082031	1467.284546
1569.480469	1478.779785
1572.878906	1483.010742
1576.273438	1468.32666
1579.667969	1467.460693
1583.0625	1478.973022
1586.453125	1457.712036
1589.84375	1438.620117
1593.234375	1465.444214
1596.621094	1446.339233
1600.007813	1454.216064
1603.392578	1409.542114
1606.777344	1442.238159
1610.160156	1461.079834
1613.541016	1434.624634
1616.919922	1451.28418
1620.298828	1450.402832
1623.675781	1446.593384
1627.050781	1433.264526
1630.425781	1422.853882
1633.798828	1470.309204
1637.169922	1445.246582
1640.541016	1458.288818
1643.910156	1473.541504
1647.277344	1474.130737
1650.642578	1501.880127
1654.007813	1484.121704
1657.371094	1514.100464
1660.734375	1537.488403
1664.09375	1573.393555
1667.453125	1541.658813
1670.8125	1531.9729
1674.167969	1520.070435
1677.523438	1523.622681
1680.878906	1491.815796
1684.230469	1444.506226
1687.582031	1480.472046
1690.933594	1417.630371
1694.28125	1415.244019
1697.628906	1408.42627
1700.974609	1397.910522
1704.320313	1394.77356
1707.664063	1365.766968
1711.005859	1350.045166
1714.345703	1353.541016
1717.685547	1374.057983
1721.023438	1364.241455
1724.361328	1347.011597
1727.695313	1363.104492
1731.03125	1367.352051
1734.363281	1347.136108
1737.695313	1362.505615
1741.025391	1394.210815
1744.353516	1370.269043
1747.681641	1315.861938
1751.007813	1351.299805
1754.332031	1363.727051
1757.65625	1361.294312
1760.978516	1352.165527
1764.298828	1360.142578
1767.619141	1335.373901
1770.9375	1319.521118
1774.253906	1378.89502
1777.570313	1354.103271
1780.884766	1321.836304
1784.197266	1344.734863
1787.509766	1382.573853
1790.818359	1335.35022
1794.128906	1368.734497
1797.435547	1365.54126
1800.742188	1357.113892
1804.048828	1366.62207
1807.351563	1399.322266
1810.654297	1343.012695
1813.955078	1345.789185
1817.255859	1318.615967
1820.554688	1361.834839
1823.851563	1394.596191
1827.148438	1335.172974
1830.443359	1355.949463
1833.736328	1364.737793
1837.027344	1385.541748
1840.318359	1359.057495
1843.609375	1354.335571
1846.896484	1346.603882
1850.183594	1338.865601
1853.46875	1346.161987
1856.753906	1371.519897
1860.037109	1360.770752
1863.318359	1367.330444
1866.599609	1422.101807
1869.878906	1364.640137
1873.15625	1384.776855
1876.433594	1342.337036
1879.708984	1347.391846
1882.982422	1329.808838
1886.255859	1355.247314
1889.527344	1376.173706
1892.796875	1371.425537
1896.066406	1340.216797
1899.333984	1381.578247
1902.599609	1342.026733
1905.865234	1364.500977
1909.128906	1371.093628
1912.390625	1357.241699
1915.652344	1388.081909
1918.912109	1354.517456
1922.169922	1408.886963
1925.427734	1374.545044
1928.683594	1372.048584
1931.939453	1391.56604
1935.191406	1393.630493
1938.445313	1346.311279
1941.695313	1387.122314
1944.945313	1423.402954
1948.193359	1375.278076
1951.441406	1336.246582
1954.6875	1329.918457
1957.931641	1387.555664
1961.173828	1380.480103
1964.416016	1393.976807
1967.658203	1360.974243
1970.896484	1411.085083
1974.134766	1374.247437
1977.373047	1375.547974
1980.607422	1392.12207
1983.84375	1385.790405
1987.076172	1384.039063
1990.308594	1400.634766
1993.539063	1356.056274
1996.767578	1332.101196
1999.996094	1347.92981
2003.222656	1364.536011
2006.449219	1384.219116
2009.673828	1407.748779
2012.896484	1378.39917
2016.119141	1361.297119
2019.339844	1380.241089
2022.558594	1389.22168
2025.777344	1409.726196
2028.994141	1374.173462
2032.208984	1389.308472
2035.423828	1394.46167
2038.636719	1361.167358
2041.847656	1384.776611
2045.058594	1362.226685
2048.267578	1371.995483
2051.476563	1405.648315
2054.683594	1409.276855
2057.888672	1365.887939
2061.09375	1381.840942
2064.296875	1356.921021
2067.498047	1366.708618
2070.699219	1391.943726
2073.898438	1366.997681
2077.097656	1360.574707
2080.292969	1371.150513
2083.490234	1374.002075
2086.683594	1396.966919
2089.876953	1402.151489
2093.068359	1370.956299
2096.259766	1335.09021
2099.449219	1382.865112
2102.636719	1412.851318
2105.824219	1371.531494
2109.009766	1417.048218
2112.195313	1385.784302
2115.378906	1360.705566
2118.560547	1438.883667
2121.742188	1406.813965
2124.921875	1351.405762
2128.099609	1386.911987
2131.277344	1368.782959
2134.453125	1368.533936
2137.626953	1381.515869
2140.800781	1456.018433
2143.972656	1363.889282
2147.144531	1355.844482
2150.314453	1372.737915
2153.482422	1381.845825
2156.650391	1396.421265
2159.816406	1354.036621
2162.980469	1363.146851
2166.144531	1387.103271
2169.306641	1372.011475
2172.46875	1355.34436
2175.628906	1349.611206
2178.787109	1379.855957
2181.945313	1383.517578
2185.101563	1399.706909
2188.255859	1357.17334
2191.410156	1336.542969
2194.564453	1408.377441
2197.714844	1402.646973
2200.865234	1391.421265
2204.013672	1371.555664
2207.162109	1386.211914
2210.308594	1386.744751
2213.455078	1400.631958
2216.599609	1365.020874
2219.742188	1395.418945
2222.884766	1396.741211
2226.025391	1365.807251
2229.164063	1371.84082
2232.302734	1337.723511
2235.439453	1349.263916
2238.576172	1344.265747
2241.710938	1367.640869
2244.84375	1382.359375
2247.976563	1367.900757
2251.107422	1417.353516
2254.236328	1356.317505
2257.365234	1429.49646
2260.492188	1403.181152
2263.619141	1404.508789
2266.744141	1392.395386
2269.867188	1403.21106
2272.990234	1383.174316
2276.111328	1375.787354
2279.232422	1394.5271
2282.351563	1340.39856
2285.46875	1355.968384
2288.585938	1387.405884
2291.701172	1352.246094
2294.816406	1386.085693
2297.929688	1410.426392
2301.041016	1390.320435
2304.152344	1379.730591
2307.261719	1376.283936
2310.369141	1383.963379
2313.476563	1355.067749
2316.583984	1399.338623
2319.6875	1423.747192
2322.791016	1441.008667
2325.894531	1465.450928
2328.996094	1493.098511
2332.095703	1457.800049
2335.195313	1430.447876
2338.292969	1376.751953
2341.388672	1394.830933
2344.484375	1378.598267
2347.578125	1416.655273
2350.671875	1374.854004
2353.763672	1365.786621
2356.853516	1350.316284
2359.943359	1363.625977
2363.03125	1336.941284
2366.119141	1380.670044
2369.205078	1361.177124
2372.289063	1389.728882
2375.373047	1387.852539
2378.457031	1361.124634
2381.537109	1376.075439
2384.617188	1378.201904
2387.697266	1418.047852
2390.773438	1358.373901
2393.851563	1418.32019
2396.925781	1401.985596
2400	1361.526367
2403.074219	1397.4198
2406.146484	1357.731812
2409.216797	1368.706299
2412.286133	1391.763062
2415.355469	1428.526367
2418.421875	1413.761108
2421.488281	1403.819702
2424.553711	1406.769043
2427.617188	1412.139771
2430.679688	1399.765015
2433.741211	1384.959351
2436.801758	1386.290039
2439.861328	1383.582886
2442.918945	1382.489258
2445.976563	1391.094238
2449.032227	1369.786865
2452.086914	1354.125488
2455.140625	1403.998779
2458.192383	1423.956909
2461.243164	1401.008789
2464.293945	1383.713989
2467.342773	1392.339844
2470.390625	1375.028076
2473.436523	1369.868652
2476.482422	1435.293335
2479.526367	1397.685547
2482.569336	1405.519409
2485.611328	1409.297485
2488.652344	1372.449097
2491.692383	1409.545288
2494.730469	1450.734985
2497.768555	1378.065674
2500.804688	1395.673462
2503.839844	1410.852051
2506.873047	1417.083008
2509.90625	1389.914795
2512.938477	1386.361572
2515.96875	1377.913452
2518.998047	1352.3302
2522.026367	1365.892822
2525.053711	1400.687866
2528.079102	1406.929077
2531.104492	1397.654297
2534.12793	1381.834961
2537.150391	1409.32959
2540.171875	1391.048706
2543.192383	1406.29541
2546.211914	1410.914063
2549.230469	1424.541626
2552.24707	1410.332764
2555.262695	1387.9198
2558.277344	1418.765137
2561.291016	1366.000488
2564.303711	1454.276489
2567.31543	1369.484009
2570.325195	1371.637573
2573.333984	1376.255981
2576.341797	1417.843262
2579.348633	1403.581055
2582.354492	1390.952026
2585.359375	1379.13562
2588.363281	1415.848755
2591.365234	1428.722046
2594.366211	1411.142334
2597.366211	1414.963135
2600.365234	1394.06897
2603.363281	1405.303589
2606.360352	1381.091309
2609.355469	1408.000854
2612.350586	1415.95166
2615.34375	1418.955444
2618.335938	1429.392944
2621.327148	1425.794678
2624.317383	1456.901245
2627.306641	1392.961914
2630.293945	1402.577026
2633.280273	1422.126465
2636.266602	1401.965088
2639.250977	1425.667725
2642.234375	1413.77417
2645.216797	1468.982422
2648.197266	1409.022949
2651.177734	1399.596436
2654.157227	1447.394775
2657.134766	1432.166504
2660.111328	1445.979126
2663.086914	1421.604248
2666.061523	1417.978027
2669.035156	1440.940552
2672.007813	1444.799927
2674.978516	1448.661743
2677.949219	1430.064453
2680.917969	1458.889771
2683.885742	1430.291382
2686.852539	1453.307617
2689.818359	1465.509644
2692.783203	1451.883179
2695.74707	1466.59436
2698.708984	1472.975342
2701.670898	1455.997925
2704.630859	1434.834229
2707.589844	1465.424438
2710.547852	1481.001465
2713.504883	1476.534912
2716.460938	1481.259766
2719.416016	1499.367554
2722.369141	1493.228638
2725.322266	1476.205811
2728.273438	1504.376709
2731.223633	1520.006104
2734.173828	1477.839844
2737.12207	1480.060913
2740.069336	1480.606323
2743.014648	1487.861572
2745.959961	1483.37561
2748.904297	1468.814087
2751.84668	1529.80835
2754.788086	1494.254028
2757.729492	1466.235474
2760.668945	1456.68811
2763.607422	1478.245605
2766.544922	1490.565674
2769.481445	1469.234985
2772.416016	1454.622681
2775.350586	1486.315063
2778.28418	1494.442749
2781.21582	1484.878906
2784.146484	1449.173706
2787.077148	1441.272217
2790.005859	1478.078247
2792.933594	1492.967773
2795.860352	1480.851318
2798.785156	1487.306396
2801.709961	1459.125366
2804.633789	1485.016235
2807.555664	1484.714844
2810.477539	1488.641968
2813.397461	1480.72583
2816.316406	1434.713867
2819.234375	1494.511353
2822.151367	1476.422974
2825.067383	1521.873657
2827.982422	1530.059448
2830.896484	1503.483276
2833.80957	1546.447754
2836.720703	1541.921387
2839.631836	1569.650146
2842.541016	1618.629517
2845.450195	1698.227661
2848.357422	1800.82959
2851.263672	1798.936401
2854.168945	1889.742554
2857.073242	1863.207031
2859.976563	1960.059692
2862.878906	1929.272583
2865.779297	1986.188721
2868.679688	2070.410645
2871.579102	2122.304688
2874.476563	2153.772949
2877.374023	2223.64624
2880.269531	2214.216797
2883.164063	2220.144043
2886.057617	2222.659668
2888.950195	2256.781738
2891.841797	2246.493896
2894.732422	2289.196533
2897.62207	2342.191406
2900.510742	2276.318359
2903.398438	2348.172363
2906.28418	2371.282959
2909.169922	2342.170898
2912.053711	2424.405762
2914.9375	2438.140381
2917.819336	2591.625
2920.700195	2624.296631
2923.581055	2680.155273
2926.459961	2723.18042
2929.337891	2772.246094
2932.214844	2773.250488
2935.09082	2805.185303
2937.96582	2740.880615
2940.838867	2718.658691
2943.711914	2717.062256
2946.583984	2582.960693
2949.454102	2503.847656
2952.324219	2459.979248
2955.193359	2369.565918
2958.060547	2333.371338
2960.926758	2283.358154
2963.792969	2275.560303
2966.657227	2279.83252
2969.520508	2276.341309
2972.382813	2165.808105
2975.244141	2166.589844
2978.104492	2143.184082
2980.963867	2115.440186
2983.822266	2051.368408
2986.679688	2028.759033
2989.536133	1926.545044
2992.390625	1882.238525
2995.245117	1868.199463
2998.098633	1808.250854
3000.950195	1776.847534
3003.801758	1722.021851
3006.651367	1686.22937
3009.500977	1677.296021
3012.348633	1646.666382
3015.195313	1631.636353
3018.041992	1585.339844
3020.886719	1574.618774
3023.730469	1540.431396
3026.573242	1532.293213
3029.415039	1578.054932
3032.255859	1570.793457
3035.095703	1552.215454
3037.93457	1545.809204
3040.772461	1544.622314
3043.609375	1558.241333
3046.445313	1570.127075
3049.280273	1549.770508
3052.114258	1551.197632
3054.946289	1566.581787
3057.77832	1585.466797
3060.609375	1585.161377
3063.438477	1606.685425
3066.267578	1602.892822
3069.094727	1582.494385
3071.921875	1580.437744
3074.74707	1532.908081
3077.572266	1542.203613
3080.395508	1502.501221
3083.21875	1532.801025
3086.040039	1516.710083
3088.860352	1514.623535
3091.679688	1495.88501
3094.499023	1501.678467
3097.316406	1496.075562
3100.132813	1493.099976
3102.948242	1533.123169
3105.762695	1502.943481
3108.576172	1499.088013
3111.388672	1508.407104
3114.201172	1468.518311
3117.011719	1511.239746
3119.821289	1457.251587
3122.629883	1496.479736
3125.436523	1514.613647
3128.243164	1507.228638
3131.048828	1514.810181
3133.853516	1525.920776
3136.657227	1457.719238
3139.459961	1459.118652
3142.261719	1458.754883
3145.0625	1446.921021
3147.861328	1452.72998
3150.660156	1466.488892
3153.458008	1482.90686
3156.254883	1473.713989
3159.049805	1451.256714
3161.844727	1447.350342
3164.638672	1479.703735
3167.430664	1461.647583
3170.222656	1484.292358
3173.013672	1465.338989
3175.802734	1440.171875
3178.591797	1445.111572
3181.379883	1423.464233
3184.166016	1459.433716
3186.952148	1439.549438
3189.737305	1439.170898
3192.520508	1440.567017
3195.303711	1452.618652
3198.084961	1479.778198
3200.866211	1497.542725
