399.363281	1150.429565
403.25	1143.934448
407.134766	1166.059937
411.017578	1121.379639
414.898438	1149.244141
418.777344	1137.640015
422.654297	1117.103882
426.53125	1097.824585
430.404297	1048.551514
434.277344	1090.481079
438.148438	1122.871216
442.017578	1067.157593
445.884766	1095.092651
449.751953	1084.061157
453.615234	1103.714111
457.478516	1090.756958
461.339844	1079.708252
465.199219	1107.067383
469.056641	1108.186401
472.912109	1075.341187
476.765625	1073.241211
480.619141	1099.36084
484.470703	1086.360229
488.320313	1110.581421
492.167969	1103.353882
496.013672	1076.844604
499.857422	1106.877197
503.699219	1106.068359
507.541016	1144.502319
511.380859	1102.516724
515.21875	1119.733154
519.054688	1151.779907
522.888672	1140.031372
526.720703	1119.246216
530.552734	1103.602905
534.380859	1116.983398
538.208984	1165.880981
542.035156	1117.298828
545.859375	1119.717651
549.683594	1120.198975
553.503906	1090.933594
557.324219	1114.045532
561.140625	1083.457153
564.957031	1107.232666
568.773438	1092.161255
572.585938	1091.333984
576.396484	1097.637329
580.207031	1057.245483
584.015625	1068.730103
587.820313	1057.503296
591.626953	1083.934692
595.429688	1071.404785
599.230469	1085.514038
603.03125	1048.91272
606.828125	1057.819214
610.625	1069.987427
614.419922	1074.352173
618.214844	1081.325928
622.005859	1123.496094
625.796875	1095.942505
629.583984	1106.846924
633.371094	1104.057617
637.15625	1100.612671
640.941406	1137.655151
644.722656	1131.607666
648.503906	1101.370239
652.283203	1099.878784
656.060547	1098.385864
659.835938	1102.781372
663.609375	1140.572632
667.382813	1162.675171
671.152344	1127.129028
674.921875	1141.376953
678.689453	1140.551758
682.455078	1122.665771
686.220703	1171.06311
689.982422	1137.413208
693.744141	1113.589111
697.503906	1128.523071
701.261719	1163.853271
705.017578	1152.50769
708.773438	1161.553345
712.525391	1197.600098
716.277344	1223.13855
720.027344	1226.953247
723.775391	1215.608643
727.523438	1208.870605
731.267578	1192.229736
735.011719	1204.61731
738.753906	1200.506348
742.494141	1206.961548
746.232422	1212.100098
749.970703	1224.515625
753.707031	1230.988281
757.439453	1254.671387
761.171875	1223.426025
764.904297	1235.203857
768.632813	1251.629395
772.361328	1258.125488
776.087891	1275.237061
779.8125	1315.582886
783.535156	1316.139893
787.255859	1307.401001
790.976563	1274.076294
794.695313	1309.83667
798.412109	1287.786133
802.126953	1298.307495
805.839844	1311.498779
809.552734	1313.384399
813.263672	1321.930908
816.972656	1315.826904
820.679688	1324.380859
824.384766	1330.274414
828.089844	1353.516846
831.791016	1320.052368
835.492188	1291.232666
839.193359	1289.77356
842.890625	1307.022705
846.587891	1334.313599
850.28125	1326.850586
853.974609	1334.100342
857.666016	1323.283569
861.357422	1325.180176
865.044922	1308.320801
868.732422	1288.765991
872.417969	1278.580933
876.101563	1281.80188
879.785156	1321.932007
883.464844	1295.635376
887.144531	1327.745239
890.822266	1314.19397
894.5	1336.927612
898.173828	1346.903442
901.847656	1313.160278
905.519531	1307.654663
909.189453	1266.459717
912.857422	1277.768555
916.523438	1283.021729
920.189453	1311.199707
923.853516	1288.14502
927.515625	1290.034668
931.177734	1302.050293
934.835938	1287.064819
938.494141	1311.248535
942.150391	1300.308716
945.804688	1304.910034
949.458984	1271.636353
953.109375	1319.536743
956.759766	1303.841797
960.408203	1263.075073
964.056641	1320.516479
967.701172	1331.91394
971.345703	1304.668701
974.988281	1290.968018
978.628906	1291.507568
982.267578	1310.379028
985.90625	1293.266235
989.542969	1278.17749
993.177734	1283.469849
996.810547	1343.173218
1000.443359	1378.432861
1004.074219	1453.880127
1007.703125	1380.26416
1011.330078	1325.660767
1014.955078	1333.028564
1018.580078	1291.313232
1022.203125	1308.90332
1025.824219	1312.860474
1029.443359	1314.772705
1033.0625	1322.83252
1036.679688	1299.470825
1040.294922	1352.641113
1043.908203	1336.793213
1047.519531	1337.349487
1051.130859	1309.163086
1054.740234	1308.338257
1058.347656	1330.114746
1061.953125	1354.649902
1065.558594	1362.753296
1069.162109	1302.971313
1072.763672	1358.397339
1076.363281	1370.629272
1079.962891	1380.811157
1083.560547	1345.664795
1087.15625	1370.275269
1090.75	1396.96814
1094.34375	1384.480103
1097.933594	1403.631714
1101.523438	1370.484985
1105.113281	1349.705688
1108.699219	1387.466187
1112.285156	1354.270508
1115.869141	1333.45752
1119.451172	1394.709229
1123.03125	1376.655273
1126.611328	1404.838623
1130.189453	1397.82312
1133.765625	1356.255981
1137.341797	1353.360962
1140.914063	1323.495483
1144.486328	1277.002563
1148.056641	1329.434326
1151.626953	1354.907959
1155.193359	1358.930908
1158.759766	1356.720581
1162.324219	1379.463135
1165.888672	1402.917725
1169.449219	1381.989868
1173.009766	1388.806641
1176.568359	1410.209961
1180.125	1395.509766
1183.681641	1386.356445
1187.236328	1386.23291
1190.789063	1409.059937
1194.339844	1424.947632
1197.890625	1448.504761
1201.439453	1452.58313
1204.986328	1467.810669
1208.53125	1496.29187
1212.076172	1465.533325
1215.619141	1491.246338
1219.160156	1505.815552
1222.699219	1537.848022
1226.238281	1511.244507
1229.775391	1562.168213
1233.310547	1555.821045
1236.84375	1537.581543
1240.376953	1581.58252
1243.908203	1531.147339
1247.4375	1559.079224
1250.964844	1575.827759
1254.492188	1556.856323
1258.017578	1591.841431
1261.541016	1543.408325
1265.064453	1571.400635
1268.583984	1589.59021
1272.103516	1556.541382
1275.623047	1596.512817
1279.138672	1615.436523
1282.654297	1608.365845
1286.167969	1587.223999
1289.679688	1615.311768
1293.191406	1603.304321
1296.701172	1631.420898
1300.208984	1657.446899
1303.714844	1710.97644
1307.220703	1740.5802
1310.722656	1708.849976
1314.226563	1657.337891
1317.726563	1691.189819
1321.226563	1702.472778
1324.724609	1661.489868
1328.220703	1709.5177
1331.714844	1734.253662
1335.208984	1721.523438
1338.701172	1743.453247
1342.191406	1708.771729
1345.681641	1649.276367
1349.169922	1637.905762
1352.65625	1660.544189
1356.140625	1678.946655
1359.625	1659.770508
1363.107422	1666.123657
1366.587891	1646.215942
1370.068359	1659.669556
1373.544922	1636.189941
1377.021484	1635.43457
1380.498047	1652.454224
1383.970703	1583.416504
1387.443359	1562.71228
1390.914063	1618.164795
1394.384766	1631.642456
1397.851563	1647.980591
1401.318359	1629.405518
1404.785156	1647.894409
1408.248047	1615.036255
1411.710938	1678.493164
1415.171875	1668.46582
1418.630859	1665.572144
1422.089844	1648.385376
1425.546875	1651.198853
1429.001953	1675.466919
1432.457031	1691.1698
1435.908203	1729.786377
1439.361328	1822.131348
1442.810547	1802.814941
1446.257813	1772.017578
1449.705078	1834.383423
1453.152344	1815.047119
1456.595703	1781.346191
1460.039063	1801.445557
1463.480469	1820.124878
1466.919922	1754.778931
1470.359375	1728.901611
1473.796875	1788.54834
1477.232422	1723.828125
1480.666016	1743.230957
1484.099609	1712.26709
1487.53125	1711.519043
1490.962891	1660.34729
1494.390625	1619.222412
1497.818359	1586.714722
1501.246094	1616.203369
1504.669922	1634.893066
1508.09375	1607.403564
1511.515625	1623.937866
1514.935547	1591.364258
1518.355469	1624.525635
1521.773438	1646.869141
1525.189453	1660.55127
1528.605469	1623.597168
1532.019531	1613.394165
1535.431641	1664.007935
1538.841797	1654.536499
1542.251953	1680.567139
1545.660156	1690.668579
1549.068359	1709.481079
1552.472656	1694.932007
1555.876953	1723.196777
1559.28125	1744.22229
1562.681641	1797.954224
1566.082031	1740.538086
1569.480469	1741.237793
1572.878906	1809.578491
1576.273438	1811.033203
1579.667969	1794.291016
1583.0625	1813.944702
1586.453125	1802.288696
1589.84375	1747.624634
1593.234375	1742.493408
1596.621094	1778.931641
1600.007813	1771.619019
1603.392578	1784.008789
1606.777344	1857.748779
1610.160156	1775.942505
1613.541016	1763.49939
1616.919922	1757.625854
1620.298828	1767.838379
1623.675781	1747.326782
1627.050781	1742.17041
1630.425781	1767.033691
1633.798828	1777.997192
1637.169922	1810.955566
1640.541016	1778.687012
1643.910156	1846.144287
1647.277344	1865.960327
1650.642578	1854.961426
1654.007813	1900.498169
1657.371094	1890.238037
1660.734375	1874.0896
1664.09375	1968.212402
1667.453125	1931.486694
1670.8125	1905.768311
1674.167969	1874.876221
1677.523438	1880.779297
1680.878906	1825.540527
1684.230469	1819.635742
1687.582031	1843.217285
1690.933594	1806.335449
1694.28125	1804.841919
1697.628906	1733.220581
1700.974609	1720.618774
1704.320313	1728.691772
1707.664063	1655.475098
1711.005859	1659.830933
1714.345703	1657.533081
1717.685547	1671.511597
1721.023438	1739.537354
1724.361328	1674.322876
1727.695313	1656.468262
1731.03125	1695.664673
1734.363281	1660.751221
1737.695313	1616.16748
1741.025391	1680.621338
1744.353516	1613.740479
1747.681641	1668.590088
1751.007813	1648.452026
1754.332031	1667.685791
1757.65625	1621.509033
1760.978516	1639.259033
1764.298828	1623.540039
1767.619141	1684.476685
1770.9375	1637.487061
1774.253906	1643.35083
1777.570313	1655.180786
1780.884766	1676.71167
1784.197266	1642.321777
1787.509766	1650.433594
1790.818359	1601.823242
1794.128906	1645.020264
1797.435547	1616.537842
1800.742188	1662.763428
1804.048828	1652.207153
1807.351563	1645.381592
1810.654297	1654.262451
1813.955078	1702.071533
1817.255859	1655.570557
1820.554688	1667.46106
1823.851563	1650.134766
1827.148438	1671.027832
1830.443359	1637.938965
1833.736328	1625.831055
1837.027344	1666.252686
1840.318359	1684.930908
1843.609375	1668.319092
1846.896484	1674.988892
1850.183594	1674.897583
1853.46875	1709.400024
1856.753906	1674.713745
1860.037109	1658.815796
1863.318359	1665.492798
1866.599609	1665.39563
1869.878906	1712.770264
1873.15625	1666.70752
1876.433594	1668.117676
1879.708984	1682.35376
1882.982422	1660.374268
1886.255859	1676.88269
1889.527344	1667.723145
1892.796875	1632.865356
1896.066406	1685.664551
1899.333984	1665.909668
1902.599609	1663.53833
1905.865234	1664.948608
1909.128906	1644.403931
1912.390625	1683.676514
1915.652344	1674.487549
1918.912109	1675.90271
1922.169922	1683.384766
1925.427734	1672.666504
1928.683594	1657.38623
1931.939453	1676.256226
1935.191406	1648.053467
1938.445313	1649.459229
1941.695313	1710.150879
1944.945313	1662.917847
1948.193359	1663.569092
1951.441406	1677.15686
1954.6875	1732.624146
1957.931641	1667.808472
1961.173828	1646.36731
1964.416016	1712.556519
1967.658203	1717.038574
1970.896484	1671.182373
1974.134766	1656.574829
1977.373047	1692.336182
1980.607422	1669.324585
1983.84375	1682.199829
1987.076172	1734.825317
1990.308594	1663.636108
1993.539063	1646.694336
1996.767578	1723.850708
1999.996094	1688.547974
2003.222656	1680.783691
2006.449219	1656.160278
2009.673828	1673.665405
2012.896484	1694.250366
2016.119141	1671.902954
2019.339844	1654.141113
2022.558594	1672.438599
2025.777344	1695.357056
2028.994141	1696.7854
2032.208984	1656.719604
2035.423828	1679.657471
2038.636719	1697.998657
2041.847656	1689.42749
2045.058594	1662.378296
2048.267578	1696.901245
2051.476563	1689.088623
2054.683594	1686.663208
2057.888672	1685.006226
2061.09375	1661.756348
2064.296875	1681.687256
2067.498047	1691.600952
2070.699219	1686.853638
2073.898438	1691.370117
2077.097656	1652.623169
2080.292969	1697.320557
2083.490234	1691.793213
2086.683594	1682.393677
2089.876953	1703.938965
2093.068359	1687.56897
2096.259766	1719.199585
2099.449219	1737.684204
2102.636719	1672.481201
2105.824219	1704.916748
2109.009766	1634.220459
2112.195313	1685.287476
2115.378906	1689.820923
2118.560547	1702.122437
2121.742188	1715.209961
2124.921875	1729.86145
2128.099609	1708.762695
2131.277344	1724.977661
2134.453125	1643.174438
2137.626953	1720.862915
2140.800781	1664.688477
2143.972656	1711.28772
2147.144531	1687.013428
2150.314453	1725.081787
2153.482422	1685.976563
2156.650391	1692.868164
2159.816406	1686.497437
2162.980469	1700.420288
2166.144531	1703.418945
2169.306641	1685.323853
2172.46875	1712.548828
2175.628906	1721.809937
2178.787109	1691.18396
2181.945313	1698.095581
2185.101563	1697.966675
2188.255859	1711.933594
2191.410156	1688.30603
2194.564453	1715.602783
2197.714844	1707.638306
2200.865234	1718.491577
2204.013672	1686.982056
2207.162109	1665.6521
2210.308594	1722.0448
2213.455078	1713.279907
2216.599609	1735.156128
2219.742188	1695.728882
2222.884766	1706.603882
2226.025391	1674.215332
2229.164063	1688.237915
2232.302734	1709.357056
2235.439453	1654.876587
2238.576172	1720.124268
2241.710938	1693.19458
2244.84375	1704.883667
2247.976563	1688.182007
2251.107422	1710.925659
2254.236328	1698.160034
2257.365234	1677.48645
2260.492188	1701.041138
2263.619141	1700.111572
2266.744141	1732.389648
2269.867188	1674.519531
2272.990234	1685.446899
2276.111328	1693.215942
2279.232422	1777.012329
2282.351563	1692.134399
2285.46875	1718.933594
2288.585938	1710.076782
2291.701172	1713.109375
2294.816406	1717.730713
2297.929688	1728.704956
2301.041016	1755.567383
2304.152344	1712.549927
2307.261719	1734.658203
2310.369141	1723.396118
2313.476563	1706.55835
2316.583984	1693.685059
2319.6875	1712.634888
2322.791016	1722.841309
2325.894531	1790.398804
2328.996094	1821.357178
2332.095703	1794.951172
2335.195313	1729.45459
2338.292969	1734.898804
2341.388672	1718.802002
2344.484375	1710.675171
2347.578125	1711.325928
2350.671875	1713.574463
2353.763672	1706.234375
2356.853516	1714.078247
2359.943359	1697.134521
2363.03125	1732.182983
2366.119141	1724.036743
2369.205078	1714.282471
2372.289063	1726.147339
2375.373047	1731.610352
2378.457031	1676.956909
2381.537109	1714.480957
2384.617188	1741.60437
2387.697266	1737.449707
2390.773438	1750.150757
2393.851563	1713.067261
2396.925781	1752.281128
2400	1690.253784
2403.074219	1692.502075
2406.146484	1679.469238
2409.216797	1732.407227
2412.286133	1704.084717
2415.355469	1701.508545
2418.421875	1728.73584
2421.488281	1765.653809
2424.553711	1760.678223
2427.617188	1729.084839
2430.679688	1774.11145
2433.741211	1742.498413
2436.801758	1744.771484
2439.861328	1756.738281
2442.918945	1760.633667
2445.976563	1801.713623
2449.032227	1761.154541
2452.086914	1714.901978
2455.140625	1700.173706
2458.192383	1728.338867
2461.243164	1802.685303
2464.293945	1751.516113
2467.342773	1788.646118
2470.390625	1724.460327
2473.436523	1760.796265
2476.482422	1730.627808
2479.526367	1779.167725
2482.569336	1752.230469
2485.611328	1752.077637
2488.652344	1779.552124
2491.692383	1759.086426
2494.730469	1751.616089
2497.768555	1758.782715
2500.804688	1705.732788
2503.839844	1706.373779
2506.873047	1724.117676
2509.90625	1761.427734
2512.938477	1772.68457
2515.96875	1755.412842
2518.998047	1791.144165
2522.026367	1777.945313
2525.053711	1722.291016
2528.079102	1756.415894
2531.104492	1757.074463
2534.12793	1751.195923
2537.150391	1769.83667
2540.171875	1756.597656
2543.192383	1735.985352
2546.211914	1765.279419
2549.230469	1798.688477
2552.24707	1794.447754
2555.262695	1740.225342
2558.277344	1767.92395
2561.291016	1766.125488
2564.303711	1737.257568
2567.31543	1775.6521
2570.325195	1725.423218
2573.333984	1786.833496
2576.341797	1772.714844
2579.348633	1768.446411
2582.354492	1755.13147
2585.359375	1824.044556
2588.363281	1768.782471
2591.365234	1772.734619
2594.366211	1756.92981
2597.366211	1770.762939
2600.365234	1768.127563
2603.363281	1803.404175
2606.360352	1836.233154
2609.355469	1803.923706
2612.350586	1808.721558
2615.34375	1806.918823
2618.335938	1821.629517
2621.327148	1789.264893
2624.317383	1794.062622
2627.306641	1825.317505
2630.293945	1775.550049
2633.280273	1789.447144
2636.266602	1804.181763
2639.250977	1791.605713
2642.234375	1795.584351
2645.216797	1811.99353
2648.197266	1793.603271
2651.177734	1803.389893
2654.157227	1807.377197
2657.134766	1780.665894
2660.111328	1780.496582
2663.086914	1788.630493
2666.061523	1802.584839
2669.035156	1850.619751
2672.007813	1829.691895
2674.978516	1861.139526
2677.949219	1857.669556
2680.917969	1810.920776
2683.885742	1807.428833
2686.852539	1788.942627
2689.818359	1806.2677
2692.783203	1831.106445
2695.74707	1785.092896
2698.708984	1823.286499
2701.670898	1805.604248
2704.630859	1839.659424
2707.589844	1849.524292
2710.547852	1825.983765
2713.504883	1801.589722
2716.460938	1813.122192
2719.416016	1894.90625
2722.369141	1902.298096
2725.322266	1854.462646
2728.273438	1903.702148
2731.223633	1929.52832
2734.173828	1864.05542
2737.12207	1912.51355
2740.069336	1852.015503
2743.014648	1881.213867
2745.959961	1890.296997
2748.904297	1871.688843
2751.84668	1885.812012
2754.788086	1871.387207
2757.729492	1876.277222
2760.668945	1860.15625
2763.607422	1875.976074
2766.544922	1890.965942
2769.481445	1902.600464
2772.416016	1833.430664
2775.350586	1834.10437
2778.28418	1833.935669
2781.21582	1912.139771
2784.146484	1849.61438
2787.077148	1845.233276
2790.005859	1856.87793
2792.933594	1858.403076
2795.860352	1870.060303
2798.785156	1896.927979
2801.709961	1831.722046
2804.633789	1846.761719
2807.555664	1840.674316
2810.477539	1890.406128
2813.397461	1872.483643
2816.316406	1860.472534
2819.234375	1867.927612
2822.151367	1905.881714
2825.067383	1951.489502
2827.982422	1913.210083
2830.896484	1936.805298
2833.80957	1934.968384
2836.720703	1956.890869
2839.631836	1944.87207
2842.541016	2044.942139
2845.450195	2185.013428
2848.357422	2210.456543
2851.263672	2254.621582
2854.168945	2327.734131
2857.073242	2353.255859
2859.976563	2362.625244
2862.878906	2400.09668
2865.779297	2547.46582
2868.679688	2573.102783
2871.579102	2704.447021
2874.476563	2748.064209
2877.374023	2836.918945
2880.269531	2846.484375
2883.164063	2844.105957
2886.057617	2858.802979
2888.950195	2879.489502
2891.841797	2872.846191
2894.732422	2897.825439
2897.62207	2943.345215
2900.510742	2976.921387
2903.398438	2999.396729
2906.28418	3031.304199
2909.169922	3120.61084
2912.053711	3200.55835
2914.9375	3259.995117
2917.819336	3332.333984
2920.700195	3383.284424
2923.581055	3539.79541
2926.459961	3667.239258
2929.337891	3593.016357
2932.214844	3683.639404
2935.09082	3664.35376
2937.96582	3651.06958
2940.838867	3599.944336
2943.711914	3469.651611
2946.583984	3337.542969
2949.454102	3254.399414
2952.324219	3174.63916
2955.193359	3044.000732
2958.060547	3033.037842
2960.926758	3014.308594
2963.792969	2962.798584
2966.657227	2985.433594
2969.520508	2873.470947
2972.382813	2886.593262
2975.244141	2778.830566
2978.104492	2778.969482
2980.963867	2714.296387
2983.822266	2627.100098
2986.679688	2615.075439
2989.536133	2459.4375
2992.390625	2464.650635
2995.245117	2413.595947
2998.098633	2346.049561
3000.950195	2268.057861
3003.801758	2203.009277
3006.651367	2161.321289
3009.500977	2137.815186
3012.348633	2096.940186
3015.195313	2038.67749
3018.041992	2013.364136
3020.886719	1988.032227
3023.730469	2026.974854
3026.573242	1994.675537
3029.415039	1971.046997
3032.255859	1996.10791
3035.095703	1891.545044
3037.93457	1908.761108
3040.772461	1960.817017
3043.609375	1942.357788
3046.445313	1954.381348
3049.280273	1985.588989
3052.114258	1992.404053
3054.946289	1995.734375
3057.77832	2035.714844
3060.609375	2048.664063
3063.438477	2045.904419
3066.267578	2028.292603
3069.094727	2046.494629
3071.921875	2019.254028
3074.74707	1937.77771
3077.572266	1934.971191
3080.395508	1906.785156
3083.21875	1882.080078
3086.040039	1859.984009
3088.860352	1907.952637
3091.679688	1878.838501
3094.499023	1930.35376
3097.316406	1890.702759
3100.132813	1848.391113
3102.948242	1853.437866
3105.762695	1895.359253
3108.576172	1892.521729
3111.388672	1900.223999
3114.201172	1888.597046
3117.011719	1846.19165
3119.821289	1906.651489
3122.629883	1820.233154
3125.436523	1847.282959
3128.243164	1858.504517
3131.048828	1860.926636
3133.853516	1849.253784
3136.657227	1890.452026
3139.459961	1940.495605
3142.261719	1882.975586
3145.0625	1878.350464
3147.861328	1894.020996
3150.660156	1896.458862
3153.458008	1865.33606
3156.254883	1850.977661
3159.049805	1823.351074
3161.844727	1847.869385
3164.638672	1884.786987
3167.430664	1854.487549
3170.222656	1823.281006
3173.013672	1792.9375
3175.802734	1888.343506
3178.591797	1834.077881
3181.379883	1848.021729
3184.166016	1824.735596
3186.952148	1826.267578
3189.737305	1812.716553
3192.520508	1859.511963
3195.303711	1869.047852
3198.084961	1883.031128
3200.866211	1823.520264
