399.363281	943.860779
403.25	901.667053
407.134766	924.959656
411.017578	915.814636
414.898438	901.567749
418.777344	869.4729
422.654297	873.67334
426.53125	856.838745
430.404297	905.04541
434.277344	882.466492
438.148438	845.823975
442.017578	842.997009
445.884766	868.279419
449.751953	845.644409
453.615234	848.568115
457.478516	838.05957
461.339844	846.102173
465.199219	850.309692
469.056641	818.648743
472.912109	829.896851
476.765625	837.307678
480.619141	829.972473
484.470703	853.431213
488.320313	840.96051
492.167969	849.030212
496.013672	853.894043
499.857422	832.407654
503.699219	857.846069
507.541016	853.712463
511.380859	857.942139
515.21875	852.516724
519.054688	864.479065
522.888672	864.206909
526.720703	874.249939
530.552734	842.376038
534.380859	860.161133
538.208984	877.315735
542.035156	858.963806
545.859375	882.593323
549.683594	862.288208
553.503906	856.192078
557.324219	863.676392
561.140625	851.102905
564.957031	808.085632
568.773438	833.048279
572.585938	824.981079
576.396484	820.796753
580.207031	801.041809
584.015625	820.852234
587.820313	816.660034
591.626953	805.320007
595.429688	820.608948
599.230469	798.210327
603.03125	815.459717
606.828125	821.013489
610.625	795.982117
614.419922	823.01886
618.214844	850.078552
622.005859	850.442261
625.796875	835.158997
629.583984	834.21167
633.371094	857.406433
637.15625	843.411377
640.941406	835.934937
644.722656	835.638672
648.503906	835.995605
652.283203	859.239502
656.060547	869.419128
659.835938	867.172302
663.609375	863.613831
667.382813	866.602356
671.152344	889.25238
674.921875	869.30835
678.689453	871.646484
682.455078	875.954834
686.220703	861.230286
689.982422	861.597107
693.744141	865.248901
697.503906	889.278809
701.261719	864.670654
705.017578	838.06781
708.773438	908.18335
712.525391	892.110046
716.277344	928.715881
720.027344	931.087524
723.775391	943.349243
727.523438	939.133545
731.267578	913.800903
735.011719	948.512329
738.753906	922.501282
742.494141	911.001587
746.232422	933.859009
749.970703	945.495361
753.707031	953.833984
757.439453	941.665283
761.171875	924.189819
764.904297	947.099976
768.632813	968.704163
772.361328	990.989258
776.087891	996.714172
779.8125	1025.663696
783.535156	1012.159973
787.255859	1003.956482
790.976563	994.417175
794.695313	995.502441
798.412109	985.950928
802.126953	1011.642212
805.839844	1003.419678
809.552734	977.882263
813.263672	1009.595581
816.972656	970.047546
820.679688	992.452454
824.384766	1011.541992
828.089844	997.293091
831.791016	1002.385559
835.492188	950.731873
839.193359	944.453552
842.890625	958.884277
846.587891	999.398193
850.28125	1008.513489
853.974609	993.550171
857.666016	1016.056946
861.357422	1012.467163
865.044922	990.786682
868.732422	978.470276
872.417969	964.131836
876.101563	990.696716
879.785156	978.363892
883.464844	944.538391
887.144531	964.411804
890.822266	976.239136
894.5	945.730042
898.173828	954.869202
901.847656	953.252136
905.519531	967.11261
909.189453	976.271484
912.857422	961.189087
916.523438	953.506165
920.189453	951.88385
923.853516	950.259827
927.515625	916.923157
931.177734	925.40741
934.835938	988.595459
938.494141	970.769775
942.150391	940.763916
945.804688	959.413147
949.458984	949.668884
953.109375	962.246826
956.759766	976.865906
960.408203	974.565735
964.056641	973.618347
967.701172	962.502686
971.345703	985.960632
974.988281	942.277771
978.628906	927.062195
982.267578	917.26532
985.90625	958.40271
989.542969	956.0849
993.177734	968.720581
996.810547	1000.409058
1000.443359	1023.27887
1004.074219	1066.587158
1007.703125	1006.428467
1011.330078	978.918091
1014.955078	924.124146
1018.580078	908.828186
1022.203125	934.443726
1025.824219	973.045288
1029.443359	960.480408
1033.0625	990.246338
1036.679688	966.746216
1040.294922	954.845703
1043.908203	968.918701
1047.519531	942.64325
1051.130859	956.038086
1054.740234	933.842712
1058.347656	940.395264
1061.953125	981.213257
1065.558594	964.483826
1069.162109	972.42804
1072.763672	994.785889
1076.363281	980.099487
1079.962891	1001.791931
1083.560547	941.759277
1087.15625	982.694885
1090.75	992.039917
1094.34375	979.383789
1097.933594	1000.43158
1101.523438	1001.534729
1105.113281	997.818115
1108.699219	1002.365112
1112.285156	928.347229
1115.869141	923.215942
1119.451172	994.644287
1123.03125	969.524109
1126.611328	1006.513367
1130.189453	1009.00177
1133.765625	941.019165
1137.341797	936.570068
1140.914063	919.670349
1144.486328	928.351807
1148.056641	942.576599
1151.626953	935.350342
1155.193359	935.736816
1158.759766	957.603577
1162.324219	982.260986
1165.888672	962.555481
1169.449219	1001.110168
1173.009766	996.664856
1176.568359	1003.325195
1180.125	979.427002
1183.681641	985.390198
1187.236328	989.967712
1190.789063	991.766724
1194.339844	949.037354
1197.890625	1000.240906
1201.439453	1004.134644
1204.986328	1023.3573
1208.53125	1041.20166
1212.076172	1053.482788
1215.619141	1060.891357
1219.160156	1094.821411
1222.699219	1070.839233
1226.238281	1128.544922
1229.775391	1111.542725
1233.310547	1137.161255
1236.84375	1146.019165
1240.376953	1144.391479
1243.908203	1131.56543
1247.4375	1140.431152
1250.964844	1106.581299
1254.492188	1081.81189
1258.017578	1113.097412
1261.541016	1118.462646
1265.064453	1096.4729
1268.583984	1091.308105
1272.103516	1138.795776
1275.623047	1132.941162
1279.138672	1106.703979
1282.654297	1174.641235
1286.167969	1149.805664
1289.679688	1143.944702
1293.191406	1169.75061
1296.701172	1182.90332
1300.208984	1195.362183
1303.714844	1224.038696
1307.220703	1223.834473
1310.722656	1229.977051
1314.226563	1254.468628
1317.726563	1206.984375
1321.226563	1201.122437
1324.724609	1214.328735
1328.220703	1255.106812
1331.714844	1242.893555
1335.208984	1249.766602
1338.701172	1296.268799
1342.191406	1250.786987
1345.681641	1196.061768
1349.169922	1149.792847
1352.65625	1179.319458
1356.140625	1168.456055
1359.625	1183.827759
1363.107422	1180.052612
1366.587891	1174.85437
1370.068359	1159.709229
1373.544922	1165.154785
1377.021484	1109.47998
1380.498047	1156.14917
1383.970703	1127.4552
1387.443359	1179.150391
1390.914063	1172.510986
1394.384766	1135.953613
1397.851563	1125.015747
1401.318359	1142.579712
1404.785156	1150.174683
1408.248047	1127.101318
1411.710938	1156.818604
1415.171875	1158.002319
1418.630859	1118.475952
1422.089844	1140.365479
1425.546875	1122.95813
1429.001953	1175.615723
1432.457031	1151.769531
1435.908203	1225.235596
1439.361328	1290.169189
1442.810547	1286.394775
1446.257813	1310.562134
1449.705078	1334.03186
1453.152344	1297.998901
1456.595703	1286.328491
1460.039063	1278.236938
1463.480469	1237.828491
1466.919922	1218.935669
1470.359375	1187.092896
1473.796875	1223.516602
1477.232422	1206.032471
1480.666016	1203.642334
1484.099609	1212.046143
1487.53125	1165.013794
1490.962891	1120.104126
1494.390625	1126.321655
1497.818359	1092.173096
1501.246094	1093.335327
1504.669922	1093.055176
1508.09375	1106.488403
1511.515625	1066.498901
1514.935547	1084.988281
1518.355469	1062.301025
1521.773438	1065.621216
1525.189453	1066.774048
1528.605469	1099.039307
1532.019531	1100.205933
1535.431641	1078.201782
1538.841797	1094.572998
1542.251953	1131.248535
1545.660156	1122.279175
1549.068359	1156.81897
1552.472656	1139.87085
1555.876953	1138.151855
1559.28125	1148.775879
1562.681641	1197.90979
1566.082031	1218.73999
1569.480469	1228.681396
1572.878906	1238.630371
1576.273438	1239.128052
1579.667969	1233.80249
1583.0625	1200.072632
1586.453125	1198.369019
1589.84375	1176.257813
1593.234375	1174.542603
1596.621094	1215.858521
1600.007813	1211.238647
1603.392578	1240.192627
1606.777344	1261.136841
1610.160156	1222.923828
1613.541016	1221.952271
1616.919922	1218.786255
1620.298828	1223.663086
1623.675781	1224.884888
1627.050781	1211.467285
1630.425781	1214.88147
1633.798828	1221.228394
1637.169922	1216.586914
1640.541016	1231.003906
1643.910156	1237.364014
1647.277344	1276.748291
1650.642578	1289.003662
1654.007813	1318.158569
1657.371094	1309.869507
1660.734375	1368.452881
1664.09375	1296.946899
1667.453125	1310.704224
1670.8125	1308.28418
1674.167969	1304.389771
1677.523438	1268.089966
1680.878906	1259.018799
1684.230469	1247.729126
1687.582031	1239.379272
1690.933594	1206.682251
1694.28125	1198.308716
1697.628906	1209.120728
1700.974609	1132.063843
1704.320313	1162.065063
1707.664063	1110.055176
1711.005859	1134.895508
1714.345703	1120.554443
1717.685547	1102.502075
1721.023438	1081.474121
1724.361328	1088.56897
1727.695313	1080.112183
1731.03125	1074.612671
1734.363281	1088.385132
1737.695313	1057.66626
1741.025391	1057.344482
1744.353516	1088.940796
1747.681641	1077.491943
1751.007813	1084.605591
1754.332031	1073.88855
1757.65625	1076.545166
1760.978516	1059.865723
1764.298828	1025.315308
1767.619141	1066.661621
1770.9375	1050.702271
1774.253906	1081.661499
1777.570313	1088.797363
1780.884766	1056.425293
1784.197266	1077.727051
1787.509766	1095.314819
1790.818359	1063.652344
1794.128906	1056.606323
1797.435547	1055.530518
1800.742188	1069.39978
1804.048828	1058.608765
1807.351563	1077.724976
1810.654297	1069.172852
1813.955078	1077.828857
1817.255859	1057.288818
1820.554688	1077.182861
1823.851563	1040.888794
1827.148438	1070.537354
1830.443359	1066.460205
1833.736328	1074.384033
1837.027344	1059.046265
1840.318359	1060.214966
1843.609375	1081.665771
1846.896484	1071.572021
1850.183594	1100.561157
1853.46875	1061.888672
1856.753906	1064.564209
1860.037109	1105.626343
1863.318359	1060.885742
1866.599609	1053.018188
1869.878906	1085.081055
1873.15625	1072.693237
1876.433594	1076.886108
1879.708984	1117.294067
1882.982422	1073.960205
1886.255859	1084.952881
1889.527344	1046.858765
1892.796875	1097.140503
1896.066406	1086.233154
1899.333984	1098.003174
1902.599609	1095.408569
1905.865234	1054.21521
1909.128906	1069.013916
1912.390625	1083.824097
1915.652344	1075.915039
1918.912109	1062.693604
1922.169922	1079.792847
1925.427734	1084.767822
1928.683594	1091.264282
1931.939453	1087.896362
1935.191406	1099.714966
1938.445313	1083.43103
1941.695313	1037.491455
1944.945313	1059.188232
1948.193359	1075.576904
1951.441406	1078.281006
1954.6875	1098.49585
1957.931641	1087.502441
1961.173828	1070.405396
1964.416016	1065.489136
1967.658203	1097.166382
1970.896484	1128.105347
1974.134766	1113.2854
1977.373047	1073.263306
1980.607422	1095.828369
1983.84375	1110.007446
1987.076172	1108.912476
1990.308594	1090.232056
1993.539063	1098.306152
1996.767578	1094.90918
1999.996094	1090.743896
2003.222656	1116.438599
2006.449219	1127.598511
2009.673828	1105.04834
2012.896484	1103.945923
2016.119141	1060.661377
2019.339844	1118.616699
2022.558594	1094.491699
2025.777344	1111.810181
2028.994141	1096.112549
2032.208984	1098.076172
2035.423828	1116.953003
2038.636719	1151.993652
2041.847656	1139.363403
2045.058594	1116.718018
2048.267578	1130.240967
2051.476563	1120.667603
2054.683594	1132.661011
2057.888672	1089.164551
2061.09375	1091.130005
2064.296875	1110.839233
2067.498047	1101.238403
2070.699219	1100.121948
2073.898438	1149.977173
2077.097656	1128.790283
2080.292969	1132.319946
2083.490234	1108.016357
2086.683594	1086.01416
2089.876953	1095.720947
2093.068359	1124.013916
2096.259766	1106.637939
2099.449219	1148.901367
2102.636719	1136.946167
2105.824219	1118.778931
2109.009766	1092.841309
2112.195313	1148.354248
2115.378906	1078.163208
2118.560547	1102.652344
2121.742188	1106.186157
2124.921875	1127.596191
2128.099609	1098.490356
2131.277344	1085.693726
2134.453125	1111.01001
2137.626953	1106.769409
2140.800781	1141.456177
2143.972656	1138.002441
2147.144531	1141.558716
2150.314453	1139.660889
2153.482422	1158.816528
2156.650391	1111.676147
2159.816406	1133.956909
2162.980469	1118.779663
2166.144531	1120.773193
2169.306641	1132.925171
2172.46875	1112.257813
2175.628906	1148.655151
2178.787109	1102.163818
2181.945313	1152.67041
2185.101563	1175.033691
2188.255859	1137.895508
2191.410156	1157.135986
2194.564453	1113.691895
2197.714844	1131.369263
2200.865234	1091.018677
2204.013672	1132.239624
2207.162109	1116.19104
2210.308594	1170.802002
2213.455078	1156.326538
2216.599609	1123.765015
2219.742188	1123.410522
2222.884766	1152.154175
2226.025391	1139.22168
2229.164063	1143.594238
2232.302734	1138.521606
2235.439453	1147.622559
2238.576172	1135.455322
2241.710938	1163.480103
2244.84375	1133.960571
2247.976563	1188.03833
2251.107422	1166.396729
2254.236328	1162.89624
2257.365234	1127.801636
2260.492188	1168.527588
2263.619141	1176.088379
2266.744141	1159.143433
2269.867188	1162.750977
2272.990234	1145.787354
2276.111328	1181.84729
2279.232422	1169.628906
2282.351563	1160.569702
2285.46875	1157.050781
2288.585938	1180.484131
2291.701172	1146.831543
2294.816406	1164.724609
2297.929688	1169.137939
2301.041016	1167.996216
2304.152344	1151.761353
2307.261719	1160.146973
2310.369141	1175.693115
2313.476563	1180.117676
2316.583984	1168.634766
2319.6875	1178.630249
2322.791016	1192.61377
2325.894531	1279.083862
2328.996094	1292.31897
2332.095703	1286.434814
2335.195313	1240.678345
2338.292969	1137.455566
2341.388672	1174.594482
2344.484375	1161.470947
2347.578125	1154.725708
2350.671875	1136.790894
2353.763672	1185.173584
2356.853516	1176.829834
2359.943359	1190.073608
2363.03125	1202.526978
2366.119141	1201.383057
2369.205078	1163.406128
2372.289063	1161.444824
2375.373047	1161.084473
2378.457031	1174.350708
2381.537109	1165.173462
2384.617188	1159.999878
2387.697266	1155.624756
2390.773438	1203.429443
2393.851563	1178.185547
2396.925781	1159.349731
2400	1197.564453
2403.074219	1186.761597
2406.146484	1158.254639
2409.216797	1191.683716
2412.286133	1166.376343
2415.355469	1206.275391
2418.421875	1184.981567
2421.488281	1214.44104
2424.553711	1244.728638
2427.617188	1168.583984
2430.679688	1181.127319
2433.741211	1217.892578
2436.801758	1152.954102
2439.861328	1181.658936
2442.918945	1170.793091
2445.976563	1210.033813
2449.032227	1198.361328
2452.086914	1153.514282
2455.140625	1176.607666
2458.192383	1205.384888
2461.243164	1192.88208
2464.293945	1210.344604
2467.342773	1171.089111
2470.390625	1190.177612
2473.436523	1180.893311
2476.482422	1181.338135
2479.526367	1218.307739
2482.569336	1191.159424
2485.611328	1246.842529
2488.652344	1192.056152
2491.692383	1174.621094
2494.730469	1215.722412
2497.768555	1182.82605
2500.804688	1197.105347
2503.839844	1218.722168
2506.873047	1237.911621
2509.90625	1207.417114
2512.938477	1189.125
2515.96875	1216.477417
2518.998047	1207.962036
2522.026367	1179.04126
2525.053711	1191.727417
2528.079102	1176.65979
2531.104492	1205.691284
2534.12793	1233.109863
2537.150391	1200.055542
2540.171875	1199.6875
2543.192383	1236.132813
2546.211914	1179.308105
2549.230469	1193.667603
2552.24707	1202.304565
2555.262695	1183.910278
2558.277344	1212.220459
2561.291016	1244.651123
2564.303711	1238.55481
2567.31543	1221.786499
2570.325195	1209.109619
2573.333984	1193.138428
2576.341797	1221.513916
2579.348633	1227.722534
2582.354492	1223.248535
2585.359375	1273.048218
2588.363281	1227.452759
2591.365234	1238.609863
2594.366211	1238.248657
2597.366211	1223.06189
2600.365234	1220.22229
2603.363281	1233.040527
2606.360352	1250.815308
2609.355469	1218.287842
2612.350586	1221.217041
2615.34375	1287.708252
2618.335938	1219.649536
2621.327148	1230.842407
2624.317383	1237.911499
2627.306641	1237.54541
2630.293945	1225.60083
2633.280273	1220.265625
2636.266602	1224.8573
2639.250977	1248.494141
2642.234375	1238.191284
2645.216797	1264.335693
2648.197266	1246.570923
2651.177734	1273.566406
2654.157227	1265.744629
2657.134766	1254.597778
2660.111328	1254.233276
2663.086914	1234.769531
2666.061523	1268.454834
2669.035156	1273.080078
2672.007813	1245.287842
2674.978516	1285.666504
2677.949219	1269.504517
2680.917969	1277.464844
2683.885742	1229.651001
2686.852539	1259.255737
2689.818359	1278.051025
2692.783203	1264.355225
2695.74707	1238.976196
2698.708984	1283.640381
2701.670898	1285.783813
2704.630859	1283.755127
2707.589844	1265.859497
2710.547852	1283.033447
2713.504883	1303.562134
2716.460938	1294.012451
2719.416016	1314.559814
2722.369141	1349.343384
2725.322266	1320.551514
2728.273438	1346.153442
2731.223633	1306.451538
2734.173828	1347.146606
2737.12207	1303.224609
2740.069336	1333.048828
2743.014648	1318.443237
2745.959961	1313.894897
2748.904297	1305.985596
2751.84668	1314.862671
2754.788086	1317.026611
2757.729492	1314.990479
2760.668945	1293.619751
2763.607422	1285.68689
2766.544922	1285.318481
2769.481445	1305.145264
2772.416016	1306.466675
2775.350586	1267.367798
2778.28418	1274.572632
2781.21582	1329.817871
2784.146484	1273.822876
2787.077148	1283.567261
2790.005859	1309.347778
2792.933594	1312.360107
2795.860352	1299.33313
2798.785156	1306.566162
2801.709961	1327.32251
2804.633789	1303.298218
2807.555664	1310.539795
2810.477539	1293.25769
2813.397461	1297.115845
2816.316406	1306.055176
2819.234375	1275.203491
2822.151367	1366.30542
2825.067383	1342.231567
2827.982422	1357.980713
2830.896484	1345.757446
2833.80957	1358.12561
2836.720703	1433.299438
2839.631836	1411.751343
2842.541016	1454.728394
2845.450195	1554.65564
2848.357422	1642.75769
2851.263672	1686.715332
2854.168945	1738.359009
2857.073242	1802.801636
2859.976563	1801.756958
2862.878906	1878.188599
2865.779297	1957.230591
2868.679688	2050.814209
2871.579102	2135.942139
2874.476563	2170.825684
2877.374023	2243.26416
2880.269531	2228.722168
2883.164063	2252.579834
2886.057617	2252.54541
2888.950195	2269.594727
2891.841797	2290.928223
2894.732422	2303.728516
2897.62207	2315.682373
2900.510742	2384.958984
2903.398438	2397.805908
2906.28418	2426.070557
2909.169922	2498.886475
2912.053711	2622.299072
2914.9375	2642.961426
2917.819336	2788.804443
2920.700195	2813.829102
2923.581055	2839.729248
2926.459961	2972.927002
2929.337891	2995.468262
2932.214844	3010.295166
2935.09082	3036.301514
2937.96582	3026.227783
2940.838867	2953.381592
2943.711914	2881.341797
2946.583984	2757.624512
2949.454102	2680.296143
2952.324219	2521.112793
2955.193359	2541.835449
2958.060547	2429.015381
2960.926758	2465.233887
2963.792969	2358.339355
2966.657227	2348.840088
2969.520508	2335.018799
2972.382813	2276.299805
2975.244141	2229.627441
2978.104492	2207.971924
2980.963867	2122.353271
2983.822266	2111.880615
2986.679688	2040.000977
2989.536133	2007.863037
2992.390625	1922.046753
2995.245117	1818.854126
2998.098633	1784.002197
3000.950195	1708.407349
3003.801758	1654.423584
3006.651367	1624.675415
3009.500977	1557.613037
3012.348633	1520.86731
3015.195313	1530.960938
3018.041992	1475.078003
3020.886719	1463.448853
3023.730469	1424.008423
3026.573242	1389.754272
3029.415039	1425.031372
3032.255859	1432.500977
3035.095703	1427.794556
3037.93457	1429.177246
3040.772461	1411.405151
3043.609375	1410.169189
3046.445313	1417.645264
3049.280273	1446.917358
3052.114258	1443.947876
3054.946289	1450.570923
3057.77832	1437.12915
3060.609375	1464.703125
3063.438477	1471.339722
3066.267578	1506.806519
3069.094727	1451.420776
3071.921875	1426.589844
3074.74707	1453.333374
3077.572266	1393.494263
3080.395508	1377.365723
3083.21875	1364.726929
3086.040039	1394.112305
3088.860352	1371.83374
3091.679688	1341.651978
3094.499023	1364.046509
3097.316406	1348.748047
3100.132813	1358.878906
3102.948242	1321.627563
3105.762695	1333.51123
3108.576172	1357.697754
3111.388672	1373.116089
3114.201172	1327.027222
3117.011719	1352.994751
3119.821289	1349.958496
3122.629883	1321.406616
3125.436523	1347.398804
3128.243164	1292.413452
3131.048828	1337.788696
3133.853516	1330.335083
3136.657227	1358.128906
3139.459961	1345.386719
3142.261719	1345.864502
3145.0625	1335.755127
3147.861328	1332.698853
3150.660156	1330.523071
3153.458008	1291.25061
3156.254883	1335.001099
3159.049805	1292.166382
3161.844727	1297.929321
3164.638672	1333.767578
3167.430664	1301.503418
3170.222656	1321.436157
3173.013672	1301.539795
3175.802734	1326.800415
3178.591797	1321.953735
3181.379883	1338.375488
3184.166016	1353.921875
3186.952148	1274.573364
3189.737305	1304.304077
3192.520508	1317.191284
3195.303711	1291.907104
3198.084961	1325.227539
3200.866211	1339.439087
