399.363281	1021.403503
403.25	1030.113281
407.134766	984.757629
411.017578	969.274231
414.898438	970.968079
418.777344	969.47821
422.654297	957.79071
426.53125	946.092773
430.404297	917.163696
434.277344	952.655457
438.148438	930.087158
442.017578	935.598938
445.884766	920.670105
449.751953	917.233398
453.615234	924.024841
457.478516	933.380859
461.339844	928.664368
465.199219	937.389648
469.056641	980.712952
472.912109	933.073181
476.765625	922.577148
480.619141	945.424622
484.470703	925.299133
488.320313	957.154297
492.167969	933.162537
496.013672	975.970703
499.857422	951.322998
503.699219	932.441345
507.541016	929.626648
511.380859	959.633667
515.21875	943.949829
519.054688	961.749084
522.888672	953.140991
526.720703	954.84082
530.552734	987.502075
534.380859	962.760986
538.208984	948.327332
542.035156	944.860168
545.859375	936.867004
549.683594	957.954346
553.503906	915.685791
557.324219	961.365662
561.140625	912.589417
564.957031	926.578918
568.773438	900.417664
572.585938	930.61499
576.396484	910.267517
580.207031	907.414978
584.015625	931.813293
587.820313	900.403381
591.626953	904.686096
595.429688	912.870605
599.230469	895.061523
603.03125	900.647278
606.828125	926.40509
610.625	915.086548
614.419922	890.735596
618.214844	934.109253
622.005859	930.598877
625.796875	906.874451
629.583984	918.350342
633.371094	940.276001
637.15625	899.551819
640.941406	935.202209
644.722656	940.828552
648.503906	932.079529
652.283203	903.051514
656.060547	941.380066
659.835938	965.997253
663.609375	976.885437
667.382813	1013.983704
671.152344	960.025635
674.921875	969.613159
678.689453	947.72699
682.455078	950.099365
686.220703	928.842102
689.982422	944.341919
693.744141	963.139648
697.503906	981.295837
701.261719	969.220154
705.017578	977.526489
708.773438	990.44635
712.525391	975.724731
716.277344	998.534241
720.027344	1019.385986
723.775391	1036.299805
727.523438	1057.184692
731.267578	998.253235
735.011719	996.036926
738.753906	1042.023682
742.494141	1027.271606
746.232422	1016.472168
749.970703	1039.383667
753.707031	1048.423706
757.439453	1056.147461
761.171875	1069.173706
764.904297	1064.990723
768.632813	1048.214722
772.361328	1075.173584
776.087891	1124.702026
779.8125	1146.408081
783.535156	1147.557129
787.255859	1114.843262
790.976563	1105.35083
794.695313	1066.609741
798.412109	1117.588379
802.126953	1104.758545
805.839844	1119.198853
809.552734	1138.310913
813.263672	1107.491699
816.972656	1097.965942
820.679688	1100.429199
824.384766	1126.2323
828.089844	1103.359741
831.791016	1087.141235
835.492188	1082.92627
839.193359	1073.364136
842.890625	1077.157837
846.587891	1093.655762
850.28125	1134.912109
853.974609	1103.94458
857.666016	1119.135132
861.357422	1089.473633
865.044922	1113.378906
868.732422	1081.008545
872.417969	1074.088379
876.101563	1063.137695
879.785156	1080.360718
883.464844	1102.968384
887.144531	1064.479614
890.822266	1115.317993
894.5	1072.096313
898.173828	1075.23645
901.847656	1063.579102
905.519531	1058.641724
909.189453	1066.492432
912.857422	1060.87793
916.523438	1069.409424
920.189453	1048.959839
923.853516	1085.144165
927.515625	1050.514648
931.177734	1082.679443
934.835938	1066.251465
938.494141	1059.267212
942.150391	1064.441895
945.804688	1035.814575
949.458984	1036.248413
953.109375	1075.253296
956.759766	1072.995483
960.408203	1084.280518
964.056641	1103.7052
967.701172	1072.309326
971.345703	1084.2854
974.988281	1096.949707
978.628906	1066.189453
982.267578	1059.166504
985.90625	1071.156006
989.542969	1075.68042
993.177734	1066.612427
996.810547	1113.303589
1000.443359	1148.467163
1004.074219	1178.895264
1007.703125	1109.250366
1011.330078	1066.114624
1014.955078	1042.706421
1018.580078	1077.912476
1022.203125	1082.454224
1025.824219	1084.269897
1029.443359	1133.871948
1033.0625	1112.490479
1036.679688	1097.923096
1040.294922	1123.669556
1043.908203	1099.520996
1047.519531	1084.244995
1051.130859	1054.584595
1054.740234	1120.063477
1058.347656	1092.44751
1061.953125	1097.69812
1065.558594	1107.065674
1069.162109	1111.640259
1072.763672	1121.706909
1076.363281	1143.449341
1079.962891	1095.173462
1083.560547	1112.800903
1087.15625	1174.423462
1090.75	1139.848999
1094.34375	1137.570801
1097.933594	1125.657593
1101.523438	1135.760986
1105.113281	1127.279663
1108.699219	1127.746826
1112.285156	1139.241211
1115.869141	1106.618042
1119.451172	1113.28418
1123.03125	1135.136841
1126.611328	1135.606689
1130.189453	1120.192261
1133.765625	1076.4375
1137.341797	1100.383423
1140.914063	1060.732544
1144.486328	1075.698242
1148.056641	1099.672729
1151.626953	1079.356934
1155.193359	1130.364502
1158.759766	1112.815796
1162.324219	1115.354858
1165.888672	1147.022217
1169.449219	1189.815552
1173.009766	1159.074097
1176.568359	1168.578735
1180.125	1151.695068
1183.681641	1133.407227
1187.236328	1147.778564
1190.789063	1130.168945
1194.339844	1136.200928
1197.890625	1140.845459
1201.439453	1162.9021
1204.986328	1222.594971
1208.53125	1190.343018
1212.076172	1229.876709
1215.619141	1252.005249
1219.160156	1270.66272
1222.699219	1267.694946
1226.238281	1310.81604
1229.775391	1314.848267
1233.310547	1323.775879
1236.84375	1359.280762
1240.376953	1376.627441
1243.908203	1330.306641
1247.4375	1321.751953
1250.964844	1322.294678
1254.492188	1336.14978
1258.017578	1307.258545
1261.541016	1347.765015
1265.064453	1308.331299
1268.583984	1287.111938
1272.103516	1347.317505
1275.623047	1298.703125
1279.138672	1316.099365
1282.654297	1329.994751
1286.167969	1321.397339
1289.679688	1312.792603
1293.191406	1359.078491
1296.701172	1389.207397
1300.208984	1386.958252
1303.714844	1409.370972
1307.220703	1418.407227
1310.722656	1405.58728
1314.226563	1449.200562
1317.726563	1434.264404
1321.226563	1435.556763
1324.724609	1458.042114
1328.220703	1461.464478
1331.714844	1457.819458
1335.208984	1443.561768
1338.701172	1476.699219
1342.191406	1436.953857
1345.681641	1438.956421
1349.169922	1395.620361
1352.65625	1384.849976
1356.140625	1358.472046
1359.625	1369.665283
1363.107422	1363.127563
1366.587891	1371.491699
1370.068359	1399.74707
1373.544922	1345.611694
1377.021484	1361.085327
1380.498047	1355.23999
1383.970703	1325.204468
1387.443359	1360.612915
1390.914063	1358.318726
1394.384766	1374.539551
1397.851563	1360.848633
1401.318359	1373.519043
1404.785156	1352.685303
1408.248047	1352.521606
1411.710938	1372.339478
1415.171875	1304.359009
1418.630859	1349.170532
1422.089844	1376.155273
1425.546875	1361.703003
1429.001953	1429.474365
1432.457031	1407.877319
1435.908203	1428.487305
1439.361328	1457.705078
1442.810547	1503.420166
1446.257813	1538.423706
1449.705078	1576.32251
1453.152344	1528.913574
1456.595703	1514.467041
1460.039063	1493.549072
1463.480469	1494.871704
1466.919922	1513.43396
1470.359375	1494.644775
1473.796875	1469.370117
1477.232422	1510.956543
1480.666016	1479.192261
1484.099609	1452.440063
1487.53125	1437.906372
1490.962891	1387.344482
1494.390625	1365.565918
1497.818359	1334.397583
1501.246094	1329.16687
1504.669922	1349.905151
1508.09375	1337.458008
1511.515625	1325.000366
1514.935547	1343.593994
1518.355469	1311.616577
1521.773438	1346.846802
1525.189453	1307.611816
1528.605469	1353.721191
1532.019531	1322.418701
1535.431641	1314.262085
1538.841797	1337.972412
1542.251953	1366.049561
1545.660156	1383.274292
1549.068359	1379.47937
1552.472656	1423.568848
1555.876953	1442.288086
1559.28125	1394.215942
1562.681641	1439.816284
1566.082031	1445.482422
1569.480469	1486.050049
1572.878906	1485.192627
1576.273438	1483.606567
1579.667969	1442.711792
1583.0625	1494.265259
1586.453125	1472.281982
1589.84375	1418.214111
1593.234375	1426.074097
1596.621094	1489.37207
1600.007813	1446.189819
1603.392578	1493.486938
1606.777344	1506.499878
1610.160156	1465.463135
1613.541016	1507.707886
1616.919922	1494.420654
1620.298828	1479.659546
1623.675781	1487.569214
1627.050781	1505.733032
1630.425781	1464.594849
1633.798828	1442.470703
1637.169922	1495.082642
1640.541016	1516.942871
1643.910156	1517.549683
1647.277344	1557.779663
1650.642578	1557.668457
1654.007813	1570.775024
1657.371094	1553.036621
1660.734375	1594.078613
1664.09375	1630.006348
1667.453125	1596.82312
1670.8125	1661.476807
1674.167969	1614.292725
1677.523438	1572.225464
1680.878906	1509.496582
1684.230469	1538.841431
1687.582031	1561.573608
1690.933594	1514.991089
1694.28125	1463.943726
1697.628906	1468.956177
1700.974609	1450.341309
1704.320313	1449.441528
1707.664063	1435.976807
1711.005859	1441.723999
1714.345703	1421.587891
1717.685547	1408.834839
1721.023438	1393.850586
1724.361328	1384.77832
1727.695313	1370.512695
1731.03125	1375.504272
1734.363281	1405.707275
1737.695313	1385.498291
1741.025391	1403.856689
1744.353516	1405.156738
1747.681641	1388.635254
1751.007813	1363.185913
1754.332031	1355.552124
1757.65625	1368.729126
1760.978516	1332.827637
1764.298828	1366.095093
1767.619141	1368.12561
1770.9375	1359.7323
1774.253906	1345.372437
1777.570313	1374.224854
1780.884766	1388.188965
1784.197266	1399.180542
1787.509766	1372.874146
1790.818359	1374.164307
1794.128906	1362.014038
1797.435547	1354.33606
1800.742188	1416.151245
1804.048828	1380.078857
1807.351563	1379.129028
1810.654297	1355.732056
1813.955078	1363.004517
1817.255859	1349.316284
1820.554688	1393.296387
1823.851563	1409.58374
1827.148438	1440.127563
1830.443359	1394.197998
1833.736328	1414.255493
1837.027344	1397.550781
1840.318359	1406.361694
1843.609375	1382.879517
1846.896484	1402.962891
1850.183594	1427.572144
1853.46875	1401.813354
1856.753906	1377.538574
1860.037109	1414.960815
1863.318359	1362.059937
1866.599609	1380.67395
1869.878906	1372.928955
1873.15625	1403.622559
1876.433594	1412.470337
1879.708984	1412.271851
1882.982422	1386.412476
1886.255859	1392.997925
1889.527344	1453.970581
1892.796875	1392.58252
1896.066406	1384.815063
1899.333984	1403.508057
1902.599609	1410.868042
1905.865234	1359.960327
1909.128906	1379.421753
1912.390625	1389.052002
1915.652344	1406.266357
1918.912109	1412.882202
1922.169922	1384.621948
1925.427734	1408.68103
1928.683594	1429.723267
1931.939453	1359.680664
1935.191406	1370.086792
1938.445313	1388.858276
1941.695313	1412.20459
1944.945313	1388.426147
1948.193359	1405.704468
1951.441406	1410.059814
1954.6875	1418.985718
1957.931641	1378.416992
1961.173828	1402.573853
1964.416016	1441.992432
1967.658203	1418.157959
1970.896484	1390.490845
1974.134766	1445.973877
1977.373047	1408.371826
1980.607422	1434.122437
1983.84375	1432.390869
1987.076172	1426.836426
1990.308594	1417.454712
1993.539063	1392.003662
1996.767578	1365.002075
1999.996094	1389.263184
2003.222656	1413.542969
2006.449219	1428.648926
2009.673828	1414.645752
2012.896484	1397.564941
2016.119141	1394.275024
2019.339844	1418.602417
2022.558594	1399.199463
2025.777344	1421.24353
2028.994141	1427.942017
2032.208984	1424.655884
2035.423828	1424.441772
2038.636719	1404.232544
2041.847656	1394.77771
2045.058594	1398.398804
2048.267578	1399.712524
2051.476563	1382.541748
2054.683594	1438.556519
2057.888672	1439.886353
2061.09375	1463.579346
2064.296875	1441.776855
2067.498047	1406.066162
2070.699219	1467.601318
2073.898438	1436.506104
2077.097656	1415.43042
2080.292969	1453.852417
2083.490234	1417.302124
2086.683594	1421.71936
2089.876953	1440.068359
2093.068359	1397.276245
2096.259766	1441.184937
2099.449219	1419.276611
2102.636719	1446.951904
2105.824219	1434.332031
2109.009766	1451.175293
2112.195313	1435.442871
2115.378906	1444.536865
2118.560547	1397.728271
2121.742188	1437.109863
2124.921875	1435.334351
2128.099609	1421.895752
2131.277344	1441.888428
2134.453125	1452.559937
2137.626953	1406.422119
2140.800781	1435.774292
2143.972656	1446.454834
2147.144531	1471.169189
2150.314453	1441.335815
2153.482422	1412.258911
2156.650391	1403.442383
2159.816406	1434.420288
2162.980469	1433.412109
2166.144531	1454.271484
2169.306641	1397.013916
2172.46875	1448.358276
2175.628906	1436.405518
2178.787109	1402.540649
2181.945313	1438.2948
2185.101563	1417.712158
2188.255859	1419.824219
2191.410156	1436.822876
2194.564453	1441.294434
2197.714844	1425.384033
2200.865234	1429.854004
2204.013672	1457.866333
2207.162109	1435.663452
2210.308594	1433.859497
2213.455078	1476.830078
2216.599609	1439.676636
2219.742188	1446.518799
2222.884766	1435.277466
2226.025391	1406.718506
2229.164063	1445.824219
2232.302734	1466.062988
2235.439453	1421.72876
2238.576172	1445.912964
2241.710938	1450.408813
2244.84375	1484.084595
2247.976563	1453.887573
2251.107422	1437.87207
2254.236328	1443.949219
2257.365234	1445.291992
2260.492188	1474.28833
2263.619141	1449.560547
2266.744141	1424.022705
2269.867188	1475.981812
2272.990234	1454.390381
2276.111328	1451.780273
2279.232422	1432.538086
2282.351563	1495.669312
2285.46875	1480.390991
2288.585938	1465.100586
2291.701172	1450.591309
2294.816406	1482.881714
2297.929688	1437.412598
2301.041016	1464.957886
2304.152344	1407.531738
2307.261719	1485.941772
2310.369141	1455.506592
2313.476563	1454.471191
2316.583984	1483.664917
2319.6875	1460.355469
2322.791016	1492.757568
2325.894531	1562.616699
2328.996094	1572.772949
2332.095703	1563.010376
2335.195313	1476.694214
2338.292969	1466.886841
2341.388672	1457.869629
2344.484375	1448.046997
2347.578125	1415.058105
2350.671875	1415.596313
2353.763672	1418.532104
2356.853516	1432.662354
2359.943359	1460.399414
2363.03125	1427.35083
2366.119141	1430.294189
2369.205078	1470.071289
2372.289063	1414.559692
2375.373047	1464.777344
2378.457031	1477.3573
2381.537109	1516.409424
2384.617188	1441.57666
2387.697266	1491.879517
2390.773438	1449.89563
2393.851563	1483.373291
2396.925781	1438.140015
2400	1468.423096
2403.074219	1485.060059
2406.146484	1432.535767
2409.216797	1465.264038
2412.286133	1433.620605
2415.355469	1461.54187
2418.421875	1457.261475
2421.488281	1478.765259
2424.553711	1493.029419
2427.617188	1501.658569
2430.679688	1472.375366
2433.741211	1449.526245
2436.801758	1419.393066
2439.861328	1462.737061
2442.918945	1463.289429
2445.976563	1479.199585
2449.032227	1490.269897
2452.086914	1457.666626
2455.140625	1466.308838
2458.192383	1440.957031
2461.243164	1473.893677
2464.293945	1488.221558
2467.342773	1462.037964
2470.390625	1507.990723
2473.436523	1455.029297
2476.482422	1433.670654
2479.526367	1468.300293
2482.569336	1471.28894
2485.611328	1488.088257
2488.652344	1483.772705
2491.692383	1437.18335
2494.730469	1449.921753
2497.768555	1461.042358
2500.804688	1481.936768
2503.839844	1484.935913
2506.873047	1490.380371
2509.90625	1457.536621
2512.938477	1467.049316
2515.96875	1447.216797
2518.998047	1471.413574
2522.026367	1471.14978
2525.053711	1467.620483
2528.079102	1477.969604
2531.104492	1479.340698
2534.12793	1462.734741
2537.150391	1433.036377
2540.171875	1471.191406
2543.192383	1485.650024
2546.211914	1413.369263
2549.230469	1491.675171
2552.24707	1468.482422
2555.262695	1453.464966
2558.277344	1481.875977
2561.291016	1486.530029
2564.303711	1503.490601
2567.31543	1455.640869
2570.325195	1480.810425
2573.333984	1482.184937
2576.341797	1488.489014
2579.348633	1484.11438
2582.354492	1524.950317
2585.359375	1482.755737
2588.363281	1470.14624
2591.365234	1481.393799
2594.366211	1495.119263
2597.366211	1507.20752
2600.365234	1458.334473
2603.363281	1481.132202
2606.360352	1482.508789
2609.355469	1488.835083
2612.350586	1525.696167
2615.34375	1489.119019
2618.335938	1492.976563
2621.327148	1454.707031
2624.317383	1513.094727
2627.306641	1471.496826
2630.293945	1440.61853
2633.280273	1534.639038
2636.266602	1531.899292
2639.250977	1542.403564
2642.234375	1552.08728
2645.216797	1538.578857
2648.197266	1535.834961
2651.177734	1509.872681
2654.157227	1515.409912
2657.134766	1462.037964
2660.111328	1528.155884
2663.086914	1535.365723
2666.061523	1516.829468
2669.035156	1502.43396
2672.007813	1503.822266
2674.978516	1497.726685
2677.949219	1504.93689
2680.917969	1496.339966
2683.885742	1541.018311
2686.852539	1501.612427
2689.818359	1555.489746
2692.783203	1516.892944
2695.74707	1489.106079
2698.708984	1524.687866
2701.670898	1496.04834
2704.630859	1505.782959
2707.589844	1521.369507
2710.547852	1513.578491
2713.504883	1490.740356
2716.460938	1563.18042
2719.416016	1562.921387
2722.369141	1554.296265
2725.322266	1548.175049
2728.273438	1565.48938
2731.223633	1580.303833
2734.173828	1581.724365
2737.12207	1584.821655
2740.069336	1521.687744
2743.014648	1529.796753
2745.959961	1568.115967
2748.904297	1569.532715
2751.84668	1569.270996
2754.788086	1548.010254
2757.729492	1581.349609
2760.668945	1578.569214
2763.607422	1530.379395
2766.544922	1533.465698
2769.481445	1548.334717
2772.416016	1536.276855
2775.350586	1575.578247
2778.28418	1522.242432
2781.21582	1529.543335
2784.146484	1546.122559
2787.077148	1550.906738
2790.005859	1552.31958
2792.933594	1525.882324
2795.860352	1547.548706
2798.785156	1571.764526
2801.709961	1564.736694
2804.633789	1555.167725
2807.555664	1525.299194
2810.477539	1524.166382
2813.397461	1550.95459
2816.316406	1576.069092
2819.234375	1552.937012
2822.151367	1580.611206
2825.067383	1627.794678
2827.982422	1619.91333
2830.896484	1607.785889
2833.80957	1673.692505
2836.720703	1678.547241
2839.631836	1676.61377
2842.541016	1774.03833
2845.450195	1868.135376
2848.357422	1996.2948
2851.263672	2031.029785
2854.168945	1982.443726
2857.073242	2082.708008
2859.976563	2051.977295
2862.878906	2165.96167
2865.779297	2205.078369
2868.679688	2337.945068
2871.579102	2437.667236
2874.476563	2469.250244
2877.374023	2476.973145
2880.269531	2546.135986
2883.164063	2565.841064
2886.057617	2563.359131
2888.950195	2502.789795
2891.841797	2554.970215
2894.732422	2571.285889
2897.62207	2614.121582
2900.510742	2645.867188
2903.398438	2593.772217
2906.28418	2688.880615
2909.169922	2692.426025
2912.053711	2861.312744
2914.9375	2936.909424
2917.819336	3009.131104
2920.700195	3114.851318
2923.581055	3159.735107
2926.459961	3193.493408
2929.337891	3190.358154
2932.214844	3226.727295
2935.09082	3237.346924
2937.96582	3306.418213
2940.838867	3265.485596
2943.711914	3123.890625
2946.583984	3045.002686
2949.454102	2915.273926
2952.324219	2799.227539
2955.193359	2727.025146
2958.060547	2674.587891
2960.926758	2642.799561
2963.792969	2669.622803
2966.657227	2600.717041
2969.520508	2586.986816
2972.382813	2505.052002
2975.244141	2488.685547
2978.104492	2426.523193
2980.963867	2377.277588
2983.822266	2376.406006
2986.679688	2245.817139
2989.536133	2221.539063
2992.390625	2109.837891
2995.245117	2069.043945
2998.098633	1998.775391
3000.950195	2000.361328
3003.801758	1886.684204
3006.651367	1824.075317
3009.500977	1795.244385
3012.348633	1782.008789
3015.195313	1720.161255
3018.041992	1731.197998
3020.886719	1704.896118
3023.730469	1663.804932
3026.573242	1683.52356
3029.415039	1651.958252
3032.255859	1596.016602
3035.095703	1600.939697
3037.93457	1627.625732
3040.772461	1654.330444
3043.609375	1655.794678
3046.445313	1637.219116
3049.280273	1643.907227
3052.114258	1674.142578
3054.946289	1670.380859
3057.77832	1692.793335
3060.609375	1692.526367
3063.438477	1738.538452
3066.267578	1733.919434
3069.094727	1666.381348
3071.921875	1706.313354
3074.74707	1680.689941
3077.572266	1638.427246
3080.395508	1577.757568
3083.21875	1632.595093
3086.040039	1598.150024
3088.860352	1574.192261
3091.679688	1603.672852
3094.499023	1632.297363
3097.316406	1617.094482
3100.132813	1609.775879
3102.948242	1586.655151
3105.762695	1603.900513
3108.576172	1616.766846
3111.388672	1553.211304
3114.201172	1573.098511
3117.011719	1573.658569
3119.821289	1529.366577
3122.629883	1588.85498
3125.436523	1590.300293
3128.243164	1582.06189
3131.048828	1571.175171
3133.853516	1552.351196
3136.657227	1584.630737
3139.459961	1554.33606
3142.261719	1549.596313
3145.0625	1574.849976
3147.861328	1570.113403
3150.660156	1559.192871
3153.458008	1580.059692
3156.254883	1570.901367
3159.049805	1529.917969
3161.844727	1531.34436
3164.638672	1554.882935
3167.430664	1550.125
3170.222656	1600.238892
3173.013672	1569.816406
3175.802734	1612.88623
3178.591797	1572.699585
3181.379883	1568.824219
3184.166016	1550.759277
3186.952148	1607.186401
3189.737305	1616.627197
3192.520508	1550.628784
3195.303711	1524.539185
3198.084961	1577.482666
3200.866211	1575.706177
