399.363281	1037.293457
403.25	1021.846924
407.134766	1034.377197
411.017578	1037.371704
414.898438	973.514893
418.777344	985.402588
422.654297	995.388611
426.53125	973.506531
430.404297	1007.731995
434.277344	958.398193
438.148438	960.728333
442.017578	964.337463
445.884766	948.14325
449.751953	953.027832
453.615234	977.100342
457.478516	962.169189
461.339844	964.50531
465.199219	975.166931
469.056641	965.979858
472.912109	990.108582
476.765625	970.020325
480.619141	953.762817
484.470703	950.966248
488.320313	961.006042
492.167969	943.438232
496.013672	969.545654
499.857422	978.320007
503.699219	988.387817
507.541016	1001.680725
511.380859	968.644348
515.21875	983.227417
519.054688	989.448486
522.888672	955.71875
526.720703	984.49823
530.552734	962.346863
534.380859	993.089233
538.208984	995.453186
542.035156	990.714661
545.859375	959.481018
549.683594	948.258423
553.503906	956.426025
557.324219	971.069885
561.140625	997.376099
564.957031	936.291504
568.773438	930.215698
572.585938	935.151428
576.396484	938.794434
580.207031	956.709839
584.015625	959.715759
587.820313	934.80957
591.626953	921.571838
595.429688	956.402527
599.230469	928.211975
603.03125	930.560486
606.828125	914.044312
610.625	904.673035
614.419922	934.36084
618.214844	947.788696
622.005859	951.452637
625.796875	922.521484
629.583984	930.742859
633.371094	937.013428
637.15625	936.108337
640.941406	958.059814
644.722656	973.496216
648.503906	956.917542
652.283203	973.67395
656.060547	954.463928
659.835938	971.233032
663.609375	984.087646
667.382813	984.507446
671.152344	999.344055
674.921875	972.891113
678.689453	970.682312
682.455078	980.282043
686.220703	984.638245
689.982422	1026.430054
693.744141	981.535217
697.503906	968.150574
701.261719	975.795593
705.017578	1001.865967
708.773438	977.284241
712.525391	1021.811646
716.277344	1035.419434
720.027344	1033.88269
723.775391	1029.04834
727.523438	1059.822754
731.267578	1018.706543
735.011719	1033.660645
738.753906	1031.45813
742.494141	1052.375366
746.232422	1074.631836
749.970703	1081.038452
753.707031	1063.637329
757.439453	1064.088379
761.171875	1080.428223
764.904297	1089.496094
768.632813	1060.803955
772.361328	1068.544922
776.087891	1089.555176
779.8125	1101.2948
783.535156	1105.07959
787.255859	1074.339722
790.976563	1076.787109
794.695313	1120.438599
798.412109	1097.643311
802.126953	1096.112061
805.839844	1105.225586
809.552734	1051.772583
813.263672	1140.123779
816.972656	1101.963379
820.679688	1103.095215
824.384766	1152.237671
828.089844	1082.012939
831.791016	1089.143311
835.492188	1106.294067
839.193359	1094.737915
842.890625	1093.863159
846.587891	1111.705078
850.28125	1141.599854
853.974609	1126.02356
857.666016	1119.804443
861.357422	1130.990112
865.044922	1108.019775
868.732422	1096.422852
872.417969	1108.952759
876.101563	1070.515869
879.785156	1134.714233
883.464844	1083.500244
887.144531	1105.446899
890.822266	1085.755371
894.5	1089.572388
898.173828	1077.253784
901.847656	1091.160889
905.519531	1084.216064
909.189453	1073.225342
912.857422	1039.997192
916.523438	1053.910767
920.189453	1085.363281
923.853516	1052.097534
927.515625	1055.912231
931.177734	1047.580078
934.835938	1068.277344
938.494141	1057.916138
942.150391	1058.359375
945.804688	1070.296753
949.458984	1076.156128
953.109375	1077.960083
956.759766	1081.119141
960.408203	1074.799072
964.056641	1073.893555
967.701172	1085.187866
971.345703	1058.517578
974.988281	1056.246582
978.628906	1062.796021
982.267578	1070.029663
985.90625	1065.722046
989.542969	1079.757568
993.177734	1091.085327
996.810547	1082.699707
1000.443359	1125.334595
1004.074219	1157.794922
1007.703125	1099.717163
1011.330078	1068.8396
1014.955078	1077.463379
1018.580078	1093.59375
1022.203125	1067.448486
1025.824219	1059.022583
1029.443359	1092.230713
1033.0625	1069.466064
1036.679688	1061.029541
1040.294922	1079.925659
1043.908203	1111.145264
1047.519531	1064.407104
1051.130859	1072.377686
1054.740234	1085.831787
1058.347656	1077.379272
1061.953125	1099.753662
1065.558594	1102.267212
1069.162109	1118.498047
1072.763672	1133.369873
1076.363281	1105.700439
1079.962891	1096.546753
1083.560547	1110.740234
1087.15625	1133.191528
1090.75	1106.849854
1094.34375	1099.055664
1097.933594	1125.657593
1101.523438	1132.319336
1105.113281	1126.591064
1108.699219	1107.07959
1112.285156	1089.619141
1115.869141	1092.828369
1119.451172	1125.010254
1123.03125	1147.557739
1126.611328	1107.993164
1130.189453	1111.214111
1133.765625	1084.728394
1137.341797	1120.428101
1140.914063	1073.179199
1144.486328	1119.971313
1148.056641	1081.679321
1151.626953	1103.588867
1155.193359	1115.126831
1158.759766	1108.658325
1162.324219	1091.093018
1165.888672	1122.750244
1169.449219	1137.089111
1173.009766	1148.663208
1176.568359	1140.110718
1180.125	1123.21521
1183.681641	1132.71228
1187.236328	1129.703369
1190.789063	1144.078735
1194.339844	1146.637573
1197.890625	1133.884766
1201.439453	1139.226318
1204.986328	1171.740601
1208.53125	1188.949219
1212.076172	1188.741333
1215.619141	1196.903076
1219.160156	1220.422241
1222.699219	1239.074097
1226.238281	1236.790283
1229.775391	1249.874268
1233.310547	1253.183838
1236.84375	1234.120605
1240.376953	1224.834595
1243.908203	1261.726929
1247.4375	1255.944336
1250.964844	1292.87915
1254.492188	1250.669922
1258.017578	1264.501099
1261.541016	1250.293945
1265.064453	1253.612915
1268.583984	1249.214355
1272.103516	1243.407715
1275.623047	1268.500732
1279.138672	1272.533936
1282.654297	1287.817383
1286.167969	1283.422119
1289.679688	1328.973877
1293.191406	1333.037109
1296.701172	1351.889526
1300.208984	1358.078003
1303.714844	1362.157104
1307.220703	1355.664551
1310.722656	1371.734741
1314.226563	1347.601318
1317.726563	1381.326538
1321.226563	1350.821411
1324.724609	1383.162109
1328.220703	1385.140503
1331.714844	1400.552979
1335.208984	1399.00293
1338.701172	1426.46167
1342.191406	1414.302368
1345.681641	1347.605347
1349.169922	1375.78418
1352.65625	1357.209595
1356.140625	1342.873657
1359.625	1354.769897
1363.107422	1361.708374
1366.587891	1367.232422
1370.068359	1345.774048
1373.544922	1374.740479
1377.021484	1351.845581
1380.498047	1336.75293
1383.970703	1333.740356
1387.443359	1337.841064
1390.914063	1349.063965
1394.384766	1357.446777
1397.851563	1327.361816
1401.318359	1358.550781
1404.785156	1324.875732
1408.248047	1326.84082
1411.710938	1374.480347
1415.171875	1359.332031
1418.630859	1379.167969
1422.089844	1351.861816
1425.546875	1366.706543
1429.001953	1367.261108
1432.457031	1382.123535
1435.908203	1402.007324
1439.361328	1432.646362
1442.810547	1464.74231
1446.257813	1459.603638
1449.705078	1470.947632
1453.152344	1497.360107
1456.595703	1436.986084
1460.039063	1476.324097
1463.480469	1489.127808
1466.919922	1445.914917
1470.359375	1401.94812
1473.796875	1411.860596
1477.232422	1386.541748
1480.666016	1419.477783
1484.099609	1409.97522
1487.53125	1392.544312
1490.962891	1398.149292
1494.390625	1390.787354
1497.818359	1392.070068
1501.246094	1383.977783
1504.669922	1354.955566
1508.09375	1390.869629
1511.515625	1364.714355
1514.935547	1357.318848
1518.355469	1386.049927
1521.773438	1366.366333
1525.189453	1372.703125
1528.605469	1421.009277
1532.019531	1407.105591
1535.431641	1369.294556
1538.841797	1397.373413
1542.251953	1396.486816
1545.660156	1450.697998
1549.068359	1481.743652
1552.472656	1485.24231
1555.876953	1482.936401
1559.28125	1502.412964
1562.681641	1487.761719
1566.082031	1485.453003
1569.480469	1515.131348
1572.878906	1503.375732
1576.273438	1490.88269
1579.667969	1525.693237
1583.0625	1504.459961
1586.453125	1472.281982
1589.84375	1463.398804
1593.234375	1455.966187
1596.621094	1516.358643
1600.007813	1486.321167
1603.392578	1521.225098
1606.777344	1499.19751
1610.160156	1482.265503
1613.541016	1498.207031
1616.919922	1499.538452
1620.298828	1485.510864
1623.675781	1460.495972
1627.050781	1505.733032
1630.425781	1504.138916
1633.798828	1499.612793
1637.169922	1484.822266
1640.541016	1503.012573
1643.910156	1511.681885
1647.277344	1524.026611
1650.642578	1551.06189
1654.007813	1561.962769
1657.371094	1594.176636
1660.734375	1586.729248
1664.09375	1524.133179
1667.453125	1540.92334
1670.8125	1509.898315
1674.167969	1549.514893
1677.523438	1500.057739
1680.878906	1513.180054
1684.230469	1515.994629
1687.582031	1521.022827
1690.933594	1494.338867
1694.28125	1471.32251
1697.628906	1470.432495
1700.974609	1446.649048
1704.320313	1407.332397
1707.664063	1422.673828
1711.005859	1372.964844
1714.345703	1427.505005
1717.685547	1441.391968
1721.023438	1393.850586
1724.361328	1399.588745
1727.695313	1429.778076
1731.03125	1407.37207
1734.363281	1410.897095
1737.695313	1422.583374
1741.025391	1453.570435
1744.353516	1420.002563
1747.681641	1409.427734
1751.007813	1459.760376
1754.332031	1419.46521
1757.65625	1438.615356
1760.978516	1424.310791
1764.298828	1424.131836
1767.619141	1420.974854
1770.9375	1411.857788
1774.253906	1419.12207
1777.570313	1430.11792
1780.884766	1413.537231
1784.197266	1407.384766
1787.509766	1456.44043
1790.818359	1446.567261
1794.128906	1436.685913
1797.435547	1434.266479
1800.742188	1436.328613
1804.048828	1470.539185
1807.351563	1468.12915
1810.654297	1428.307129
1813.955078	1441.596191
1817.255859	1430.185425
1820.554688	1447.230347
1823.851563	1487.519287
1827.148438	1464.866943
1830.443359	1453.445801
1833.736328	1450.268311
1837.027344	1459.847534
1840.318359	1467.932251
1843.609375	1464.755615
1846.896484	1455.564575
1850.183594	1442.607056
1853.46875	1452.952515
1856.753906	1463.305664
1860.037109	1450.334839
1863.318359	1472.741333
1866.599609	1457.503662
1869.878906	1444.51416
1873.15625	1438.298462
1876.433594	1432.077515
1879.708984	1453.010498
1882.982422	1465.657593
1886.255859	1513.044922
1889.527344	1470.587402
1892.796875	1493.83374
1896.066406	1488.373779
1899.333984	1451.904907
1902.599609	1438.858521
1905.865234	1512.07605
1909.128906	1473.301147
1912.390625	1479.181396
1915.652344	1480.519653
1918.912109	1472.005005
1922.169922	1502.913818
1925.427734	1473.160278
1928.683594	1472.979248
1931.939453	1494.054443
1935.191406	1501.475464
1938.445313	1464.835205
1941.695313	1511.773315
1944.945313	1509.324097
1948.193359	1483.292114
1951.441406	1525.72583
1954.6875	1517.187988
1957.931641	1485.034912
1961.173828	1480.283081
1964.416016	1483.148682
1967.658203	1509.6521
1970.896484	1537.701416
1974.134766	1533.724243
1977.373047	1512.950073
1980.607422	1500.559448
1983.84375	1504.201416
1987.076172	1491.032593
1990.308594	1506.141113
1993.539063	1483.784058
1996.767578	1482.067871
1999.996094	1488.004272
2003.222656	1487.819092
2006.449219	1506.018188
2009.673828	1503.540161
2012.896484	1521.758789
2016.119141	1506.24646
2019.339844	1556.703247
2022.558594	1540.424194
2025.777344	1579.415527
2028.994141	1512.435669
2032.208984	1551.445679
2035.423828	1487.476929
2038.636719	1548.808472
2041.847656	1561.720215
2045.058594	1536.930298
2048.267578	1530.598755
2051.476563	1505.776733
2054.683594	1569.544434
2057.888672	1513.114014
2061.09375	1536.835449
2064.296875	1548.2323
2067.498047	1551.148682
2070.699219	1518.554321
2073.898438	1560.076538
2077.097656	1542.13916
2080.292969	1519.550171
2083.490234	1560.346802
2086.683594	1531.55835
2089.876953	1532.926025
2093.068359	1503.329834
2096.259766	1553.474976
2099.449219	1574.994263
2102.636719	1549.253906
2105.824219	1584.743042
2109.009766	1547.351563
2112.195313	1530.880371
2115.378906	1554.759399
2118.560547	1511.099609
2121.742188	1521.782837
2124.921875	1538.690796
2128.099609	1554.834106
2131.277344	1581.877563
2134.453125	1630.726074
2137.626953	1576.095581
2140.800781	1572.811401
2143.972656	1538.367432
2147.144531	1592.727661
2150.314453	1562.161743
2153.482422	1566.663696
2156.650391	1554.006226
2159.816406	1524.169067
2162.980469	1601.268066
2166.144531	1537.841309
2169.306641	1574.375244
2172.46875	1596.08606
2175.628906	1557.604614
2178.787109	1564.462524
2181.945313	1547.066895
2185.101563	1560.970703
2188.255859	1556.872925
2191.410156	1507.332153
2194.564453	1616.067993
2197.714844	1530.445435
2200.865234	1556.132935
2204.013672	1542.607788
2207.162109	1555.759888
2210.308594	1575.203735
2213.455078	1600.161011
2216.599609	1537.121948
2219.742188	1584.88147
2222.884766	1561.896484
2226.025391	1579.804688
2229.164063	1567.818115
2232.302734	1552.672607
2235.439453	1573.747437
2238.576172	1577.50293
2241.710938	1565.495483
2244.84375	1540.861572
2247.976563	1566.695923
2251.107422	1572.820557
2254.236328	1591.580933
2257.365234	1537.695923
2260.492188	1594.380371
2263.619141	1574.440918
2266.744141	1601.136108
2269.867188	1572.482178
2272.990234	1598.405029
2276.111328	1592.683716
2279.232422	1570.327759
2282.351563	1553.499756
2285.46875	1570.735962
2288.585938	1588.777832
2291.701172	1567.177856
2294.816406	1547.941162
2297.929688	1554.088257
2301.041016	1564.209717
2304.152344	1587.841919
2307.261719	1563.814575
2310.369141	1551.692383
2313.476563	1539.560547
2316.583984	1549.69397
2319.6875	1552.672241
2322.791016	1604.216797
2325.894531	1649.428833
2328.996094	1705.829224
2332.095703	1688.943848
2335.195313	1613.04126
2338.292969	1584.14209
2341.388672	1522.504272
2344.484375	1571.777588
2347.578125	1583.55542
2350.671875	1558.593872
2353.763672	1559.985718
2356.853516	1542.990234
2359.943359	1559.572266
2363.03125	1558.564697
2366.119141	1571.962891
2369.205078	1554.144043
2372.289063	1601.99292
2375.373047	1588.978882
2378.457031	1582.367554
2381.537109	1593.3927
2384.617188	1551.479858
2387.697266	1557.685913
2390.773438	1585.572388
2393.851563	1594.204712
2396.925781	1577.93689
2400	1584.160889
2403.074219	1534.106445
2406.146484	1617.53479
2409.216797	1577.914795
2412.286133	1531.824829
2415.355469	1549.314941
2418.421875	1607.901611
2421.488281	1555.322632
2424.553711	1556.716919
2427.617188	1604.887573
2430.679688	1634.53833
2433.741211	1562.518311
2436.801758	1580.871216
2439.861328	1545.929688
2442.918945	1583.681519
2445.976563	1589.9375
2449.032227	1616.413208
2452.086914	1578.19519
2455.140625	1613.587036
2458.192383	1576.957397
2461.243164	1591.319214
2464.293945	1583.00769
2467.342773	1594.950439
2470.390625	1591.497681
2473.436523	1563.710449
2476.482422	1598.376465
2479.526367	1568.13501
2482.569336	1554.109863
2485.611328	1587.998047
2488.652344	1616.223267
2491.692383	1575.374146
2494.730469	1574.34021
2497.768555	1626.182495
2500.804688	1599.938232
2503.839844	1595.654907
2506.873047	1631.274292
2509.90625	1619.66626
2512.938477	1608.049072
2515.96875	1670.618164
2518.998047	1598.65332
2522.026367	1565.799438
2525.053711	1590.058228
2528.079102	1598.003662
2531.104492	1599.4198
2534.12793	1629.4375
2537.150391	1614.516235
2540.171875	1571.778687
2543.192383	1587.09314
2546.211914	1572.138062
2549.230469	1557.171387
2552.24707	1598.704712
2555.262695	1582.916748
2558.277344	1599.081909
2561.291016	1627.557617
2564.303711	1604.379517
2567.31543	1632.877808
2570.325195	1631.846558
2573.333984	1596.325562
2576.341797	1611.708252
2579.348633	1599.161987
2582.354492	1639.218872
2585.359375	1607.757935
2588.363281	1630.570679
2591.365234	1617.188232
2594.366211	1645.783936
2597.366211	1676.047729
2600.365234	1650.307373
2603.363281	1616.305176
2606.360352	1607.837646
2609.355469	1632.357178
2612.350586	1612.336548
2615.34375	1661.638916
2618.335938	1689.50769
2621.327148	1594.312622
2624.317383	1658.536987
2627.306641	1610.379761
2630.293945	1675.484131
2633.280273	1638.878784
2636.266602	1681.695923
2639.250977	1616.915894
2642.234375	1630.768311
2645.216797	1626.402954
2648.197266	1644.412598
2651.177734	1630.098633
2654.157227	1660.564087
2657.134766	1643.755493
2660.111328	1643.5354
2663.086914	1651.618408
2666.061523	1666.352661
2669.035156	1636.223755
2672.007813	1646.805908
2674.978516	1692.322998
2677.949219	1677.143677
2680.917969	1698.570557
2683.885742	1661.735596
2686.852539	1644.02832
2689.818359	1637.138428
2692.783203	1660.247559
2695.74707	1680.872192
2698.708984	1643.126465
2701.670898	1633.721436
2704.630859	1696.092529
2707.589844	1685.029419
2710.547852	1670.616455
2713.504883	1658.699341
2716.460938	1684.389648
2719.416016	1719.297119
2722.369141	1730.806763
2725.322266	1672.029053
2728.273438	1688.552002
2731.223633	1693.362183
2734.173828	1714.093262
2737.12207	1676.173096
2740.069336	1736.317017
2743.014648	1717.666504
2745.959961	1686.416748
2748.904297	1729.004028
2751.84668	1679.262695
2754.788086	1698.359497
2757.729492	1681.339233
2760.668945	1676.073975
2763.607422	1711.166016
2766.544922	1710.954102
2769.481445	1672.033203
2772.416016	1710.528564
2775.350586	1730.525513
2778.28418	1715.997681
2781.21582	1658.47998
2784.146484	1718.944336
2787.077148	1706.925171
2790.005859	1675.492798
2792.933594	1678.639282
2795.860352	1701.206055
2798.785156	1755.038452
2801.709961	1674.572388
2804.633789	1674.340942
2807.555664	1681.718506
2810.477539	1719.550659
2813.397461	1710.872925
2816.316406	1731.813843
2819.234375	1719.746582
2822.151367	1713.599365
2825.067383	1686.263184
2827.982422	1725.873169
2830.896484	1726.50415
2833.80957	1738.163208
2836.720703	1781.228882
2839.631836	1771.692627
2842.541016	1819.047363
2845.450195	1898.71875
2848.357422	1910.460083
2851.263672	1948.564331
2854.168945	2011.359619
2857.073242	2042.721436
2859.976563	2088.574219
2862.878906	2041.657349
2865.779297	2092.652588
2868.679688	2182.025391
2871.579102	2210.947266
2874.476563	2250.974121
2877.374023	2250.940674
2880.269531	2296.129883
2883.164063	2320.865723
2886.057617	2277.308105
2888.950195	2341.346924
2891.841797	2316.563232
2894.732422	2308.857422
2897.62207	2345.611816
2900.510742	2363.572998
2903.398438	2379.835205
2906.28418	2462.881104
2909.169922	2447.504395
2912.053711	2516.070557
2914.9375	2519.554688
2917.819336	2631.918213
2920.700195	2681.756592
2923.581055	2654.417725
2926.459961	2730.046387
2929.337891	2731.035889
2932.214844	2726.872314
2935.09082	2731.296631
2937.96582	2748.615967
2940.838867	2767.666748
2943.711914	2674.917236
2946.583984	2604.470947
2949.454102	2496.101074
2952.324219	2460.840332
2955.193359	2366.120605
2958.060547	2363.529297
2960.926758	2383.34668
2963.792969	2330.746338
2966.657227	2329.000488
2969.520508	2315.171875
2972.382813	2248.677002
2975.244141	2239.989746
2978.104492	2208.835693
2980.963867	2197.534424
2983.822266	2204.378174
2986.679688	2147.23291
2989.536133	2109.078125
2992.390625	2028.490601
2995.245117	2025.758545
2998.098633	1965.000488
3000.950195	1929.322021
3003.801758	1882.351074
3006.651367	1838.813599
3009.500977	1862.891357
3012.348633	1788.081787
3015.195313	1789.592651
3018.041992	1784.158447
3020.886719	1768.297729
3023.730469	1736.786377
3026.573242	1732.195313
3029.415039	1762.378662
3032.255859	1786.494873
3035.095703	1747.982544
3037.93457	1725.979614
3040.772461	1676.96875
3043.609375	1725.475708
3046.445313	1722.608887
3049.280273	1737.172485
3052.114258	1774.416748
3054.946289	1803.836914
3057.77832	1803.610229
3060.609375	1764.975952
3063.438477	1778.705566
3066.267578	1815.156006
3069.094727	1745.025513
3071.921875	1786.733887
3074.74707	1722.663452
3077.572266	1697.911011
3080.395508	1720.394531
3083.21875	1690.370483
3086.040039	1677.838623
3088.860352	1698.585938
3091.679688	1658.004883
3094.499023	1669.116089
3097.316406	1651.295532
3100.132813	1693.115723
3102.948242	1710.393188
3105.762695	1694.322998
3108.576172	1696.683105
3111.388672	1691.137817
3114.201172	1668.890625
3117.011719	1734.541016
3119.821289	1706.136475
3122.629883	1711.142334
3125.436523	1679.18811
3128.243164	1707.077393
3131.048828	1650.438477
3133.853516	1673.931519
3136.657227	1671.000977
3139.459961	1682.174316
3142.261719	1684.535522
3145.0625	1641.020142
3147.861328	1673.375488
3150.660156	1690.744263
3153.458008	1684.27832
3156.254883	1670.739258
3159.049805	1737.619141
3161.844727	1701.984985
3164.638672	1699.93457
3167.430664	1655.413208
3170.222656	1651.573975
3173.013672	1694.657959
3175.802734	1689.057739
3178.591797	1663.074463
3181.379883	1694.684692
3184.166016	1628.78479
3186.952148	1677.256958
3189.737305	1691.158936
3192.520508	1680.217651
3195.303711	1613.330078
3198.084961	1636.99353
3200.866211	1660.087402
