399.363281	829.453369
403.25	812.009033
407.134766	803.455322
411.017578	762.43634
414.898438	778.047852
418.777344	775.837341
422.654297	767.252136
426.53125	775.235046
430.404297	769.830688
434.277344	755.488342
438.148438	762.199097
442.017578	761.890442
445.884766	763.498108
449.751953	743.374512
453.615234	773.750916
457.478516	764.489502
461.339844	751.3797
465.199219	740.819519
469.056641	759.075684
472.912109	761.326233
476.765625	741.780273
480.619141	770.963623
484.470703	757.179565
488.320313	753.012756
492.167969	772.604675
496.013672	765.870361
499.857422	753.987793
503.699219	742.737793
507.541016	754.638062
511.380859	796.798462
515.21875	755.932495
519.054688	760.123169
522.888672	748.850464
526.720703	745.949219
530.552734	727.565186
534.380859	739.493347
538.208984	727.545898
542.035156	737.546387
545.859375	769.523193
549.683594	734.948792
553.503906	737.851318
557.324219	725.22937
561.140625	743.016052
564.957031	730.385071
568.773438	742.358765
572.585938	726.475891
576.396484	715.76593
580.207031	724.505005
584.015625	672.904175
587.820313	682.281128
591.626953	707.252808
595.429688	686.764587
599.230469	694.208984
603.03125	716.616089
606.828125	711.067932
610.625	717.22998
614.419922	694.747742
618.214844	726.312317
622.005859	706.421021
625.796875	704.115356
629.583984	702.459717
633.371094	728.860718
637.15625	706.977234
640.941406	709.891602
644.722656	711.501587
648.503906	725.531738
652.283203	729.111145
656.060547	712.413452
659.835938	708.790649
663.609375	726.116577
667.382813	759.177734
671.152344	736.565735
674.921875	744.091248
678.689453	746.376038
682.455078	742.101074
686.220703	716.81665
689.982422	719.748779
693.744141	750.933594
697.503906	730.220825
701.261719	735.791992
705.017578	755.839783
708.773438	755.503235
712.525391	774.917725
716.277344	782.492493
720.027344	797.980835
723.775391	760.744263
727.523438	772.938538
731.267578	767.328857
735.011719	729.370972
738.753906	771.28241
742.494141	749.809143
746.232422	795.068909
749.970703	815.903015
753.707031	795.743652
757.439453	813.948242
761.171875	801.714783
764.904297	829.871521
768.632813	832.873535
772.361328	824.609131
776.087891	818.98999
779.8125	820.000244
783.535156	817.028809
787.255859	809.406738
790.976563	822.370422
794.695313	782.180481
798.412109	845.670654
802.126953	830.73053
805.839844	876.328735
809.552734	848.07489
813.263672	830.452332
816.972656	858.785217
820.679688	835.819641
824.384766	860.844238
828.089844	843.196289
831.791016	839.547974
835.492188	820.540344
839.193359	850.943298
842.890625	785.817383
846.587891	843.639099
850.28125	823.262695
853.974609	844.350342
857.666016	851.399475
861.357422	826.3125
865.044922	838.718689
868.732422	786.127136
872.417969	808.583435
876.101563	814.289673
879.785156	828.723877
883.464844	823.030579
887.144531	789.796875
890.822266	821.707153
894.5	822.72467
898.173828	802.224609
901.847656	779.016174
905.519531	799.53363
909.189453	794.482971
912.857422	756.422791
916.523438	793.802307
920.189453	779.304321
923.853516	790.421936
927.515625	792.777527
931.177734	778.260193
934.835938	761.029419
938.494141	782.290466
942.150391	769.777344
945.804688	743.054993
949.458984	771.098694
953.109375	787.661987
956.759766	796.792236
960.408203	788.321411
964.056641	765.61499
967.701172	784.914124
971.345703	779.817566
974.988281	754.364929
978.628906	745.857483
982.267578	736.663818
985.90625	758.027954
989.542969	782.127747
993.177734	782.454346
996.810547	790.942017
1000.443359	847.062622
1004.074219	835.84491
1007.703125	773.54718
1011.330078	780.682068
1014.955078	759.199341
1018.580078	739.743835
1022.203125	770.063477
1025.824219	731.489868
1029.443359	787.771423
1033.0625	771.026245
1036.679688	774.080139
1040.294922	801.74231
1043.908203	761.732849
1047.519531	759.313538
1051.130859	775.369446
1054.740234	766.791687
1058.347656	769.850159
1061.953125	777.707458
1065.558594	768.433777
1069.162109	787.954773
1072.763672	767.014221
1076.363281	772.823547
1079.962891	779.324036
1083.560547	813.993286
1087.15625	808.146301
1090.75	770.669983
1094.34375	732.474548
1097.933594	802.271851
1101.523438	772.317505
1105.113281	783.65564
1108.699219	781.913696
1112.285156	804.291931
1115.869141	786.698547
1119.451172	784.265259
1123.03125	774.239197
1126.611328	804.244263
1130.189453	783.858337
1133.765625	764.837158
1137.341797	732.667358
1140.914063	722.598145
1144.486328	740.19104
1148.056641	748.109619
1151.626953	759.496216
1155.193359	719.637695
1158.759766	778.139526
1162.324219	795.790833
1165.888672	782.249695
1169.449219	795.754211
1173.009766	771.096558
1176.568359	786.690247
1180.125	787.014771
1183.681641	763.712158
1187.236328	770.283875
1190.789063	774.774292
1194.339844	778.572449
1197.890625	783.06958
1201.439453	795.926453
1204.986328	842.232117
1208.53125	820.277405
1212.076172	819.220581
1215.619141	825.835205
1219.160156	859.668518
1222.699219	862.814392
1226.238281	848.503723
1229.775391	859.332275
1233.310547	871.567322
1236.84375	901.991882
1240.376953	894.667908
1243.908203	890.136841
1247.4375	906.604248
1250.964844	904.174988
1254.492188	873.717285
1258.017578	916.132385
1261.541016	878.641846
1265.064453	866.374878
1268.583984	877.959106
1272.103516	853.745789
1275.623047	863.226685
1279.138672	888.173828
1282.654297	887.834778
1286.167969	900.856873
1289.679688	908.261108
1293.191406	929.74762
1296.701172	937.873413
1300.208984	950.93634
1303.714844	983.740967
1307.220703	958.059326
1310.722656	993.714233
1314.226563	967.30957
1317.726563	981.821777
1321.226563	951.859558
1324.724609	953.661255
1328.220703	985.145813
1331.714844	997.567017
1335.208984	980.292297
1338.701172	985.645447
1342.191406	990.2948
1345.681641	948.210022
1349.169922	905.382141
1352.65625	912.129883
1356.140625	916.75592
1359.625	918.548218
1363.107422	888.410034
1366.587891	871.025024
1370.068359	891.974792
1373.544922	870.313782
1377.021484	896.255127
1380.498047	914.395935
1383.970703	902.675476
1387.443359	871.019958
1390.914063	884.900513
1394.384766	863.894531
1397.851563	884.907898
1401.318359	903.086975
1404.785156	907.732422
1408.248047	876.000244
1411.710938	868.506042
1415.171875	905.269409
1418.630859	902.78009
1422.089844	895.286926
1425.546875	900.653931
1429.001953	918.181641
1432.457031	909.969482
1435.908203	959.720154
1439.361328	998.05542
1442.810547	986.283691
1446.257813	990.266174
1449.705078	1045.146973
1453.152344	1043.418945
1456.595703	996.492065
1460.039063	1007.661194
1463.480469	1000.88916
1466.919922	981.900452
1470.359375	968.644775
1473.796875	970.474426
1477.232422	961.517822
1480.666016	934.567505
1484.099609	906.875366
1487.53125	905.801819
1490.962891	906.888184
1494.390625	858.973389
1497.818359	865.087585
1501.246094	868.321655
1504.669922	864.343323
1508.09375	884.902039
1511.515625	859.986633
1514.935547	853.832336
1518.355469	860.680603
1521.773438	863.196533
1525.189453	876.562805
1528.605469	869.680847
1532.019531	858.450195
1535.431641	837.072693
1538.841797	866.386047
1542.251953	880.50415
1545.660156	877.958679
1549.068359	925.4552
1552.472656	936.711182
1555.876953	942.894958
1559.28125	954.8927
1562.681641	944.380005
1566.082031	949.120178
1569.480469	947.320557
1572.878906	969.520996
1576.273438	972.820984
1579.667969	975.395508
1583.0625	967.777039
1586.453125	973.99353
1589.84375	932.115051
1593.234375	917.178528
1596.621094	907.335388
1600.007813	918.644287
1603.392578	946.750977
1606.777344	966.117004
1610.160156	979.654053
1613.541016	954.467529
1616.919922	970.203613
1620.298828	974.24939
1623.675781	938.054016
1627.050781	968.441772
1630.425781	952.718933
1633.798828	954.56543
1637.169922	941.755493
1640.541016	997.120544
1643.910156	995.318909
1647.277344	997.918213
1650.642578	1024.009155
1654.007813	1029.55896
1657.371094	1011.604248
1660.734375	1035.526367
1664.09375	1044.027466
1667.453125	1037.089233
1670.8125	1022.051086
1674.167969	1032.764526
1677.523438	1032.440308
1680.878906	995.280579
1684.230469	979.463684
1687.582031	948.15094
1690.933594	917.550598
1694.28125	914.226929
1697.628906	930.092834
1700.974609	917.171082
1704.320313	896.851196
1707.664063	891.295959
1711.005859	861.337646
1714.345703	860.940857
1717.685547	853.884155
1721.023438	854.964111
1724.361328	883.444092
1727.695313	854.16272
1731.03125	883.405762
1734.363281	838.531067
1737.695313	858.14856
1741.025391	836.97168
1744.353516	859.572876
1747.681641	876.993713
1751.007813	857.28418
1754.332031	844.247375
1757.65625	856.477966
1760.978516	885.824646
1764.298828	863.854248
1767.619141	858.242004
1770.9375	822.839111
1774.253906	872.331726
1777.570313	848.084534
1780.884766	833.509827
1784.197266	857.706665
1787.509766	840.139343
1790.818359	854.654053
1794.128906	849.018616
1797.435547	844.87262
1800.742188	854.921936
1804.048828	859.745789
1807.351563	838.396729
1810.654297	870.900696
1813.955078	851.035767
1817.255859	862.603943
1820.554688	853.206726
1823.851563	876.025208
1827.148438	871.123535
1830.443359	864.717773
1833.736328	867.309998
1837.027344	831.625244
1840.318359	836.458618
1843.609375	878.102234
1846.896484	882.957336
1850.183594	859.249573
1853.46875	862.596497
1856.753906	891.525513
1860.037109	873.813538
1863.318359	868.134338
1866.599609	883.540955
1869.878906	871.078918
1873.15625	869.160461
1876.433594	863.469604
1879.708984	857.774109
1882.982422	873.205933
1886.255859	850.144043
1889.527344	867.095154
1892.796875	863.658081
1896.066406	836.785095
1899.333984	884.754578
1902.599609	884.345703
1905.865234	868.04364
1909.128906	832.044128
1912.390625	883.115967
1915.652344	875.128052
1918.912109	860.31189
1922.169922	840.175842
1925.427734	857.194214
1928.683594	886.367676
1931.939453	870.772583
1935.191406	846.051392
1938.445313	905.64502
1941.695313	896.879089
1944.945313	885.064636
1948.193359	863.352051
1951.441406	880.431274
1954.6875	849.564392
1957.931641	873.505127
1961.173828	881.465515
1964.416016	865.04303
1967.658203	857.756836
1970.896484	873.347229
1974.134766	879.030029
1977.373047	911.434143
1980.607422	898.80835
1983.84375	864.782104
1987.076172	881.933167
1990.308594	890.6875
1993.539063	856.617615
1996.767578	886.792236
1999.996094	896.323547
2003.222656	854.557922
2006.449219	900.087158
2009.673828	885.111572
2012.896484	875.490479
2016.119141	869.696289
2019.339844	897.655396
2022.558594	900.307739
2025.777344	909.872314
2028.994141	894.096069
2032.208984	861.401978
2035.423828	874.036865
2038.636719	853.613464
2041.847656	877.025146
2045.058594	874.287842
2048.267578	868.468506
2051.476563	878.048828
2054.683594	886.095337
2057.888672	869.481689
2061.09375	875.217346
2064.296875	888.671448
2067.498047	902.135742
2070.699219	890.133789
2073.898438	932.956604
2077.097656	889.279663
2080.292969	873.393494
2083.490234	889.969849
2086.683594	855.506836
2089.876953	882.922058
2093.068359	870.10437
2096.259766	879.734619
2099.449219	888.597351
2102.636719	888.166565
2105.824219	917.972473
2109.009766	886.52771
2112.195313	867.473022
2115.378906	863.927734
2118.560547	858.049866
2121.742188	900.329895
2124.921875	894.461182
2128.099609	880.036133
2131.277344	867.932861
2134.453125	877.604492
2137.626953	853.037415
2140.800781	889.183472
2143.972656	898.873901
2147.144531	885.974243
2150.314453	871.505371
2153.482422	905.374146
2156.650391	881.539673
2159.816406	871.734192
2162.980469	875.193359
2166.144531	909.895996
2169.306641	899.308167
2172.46875	872.297791
2175.628906	869.506165
2178.787109	885.485779
2181.945313	903.825073
2185.101563	898.693298
2188.255859	883.376587
2191.410156	872.748474
2194.564453	873.868042
2197.714844	900.861572
2200.865234	907.482788
2204.013672	862.322449
2207.162109	858.729248
2210.308594	910.885559
2213.455078	886.098022
2216.599609	863.648804
2219.742188	883.634338
2222.884766	892.624634
2226.025391	883.526245
2229.164063	865.763
2232.302734	860.58374
2235.439453	886.119019
2238.576172	892.762634
2241.710938	889.951904
2244.84375	868.213196
2247.976563	855.924011
2251.107422	860.987061
2254.236328	884.21167
2257.365234	876.652527
2260.492188	894.369995
2263.619141	877.323975
2266.744141	894.26416
2269.867188	896.188293
2272.990234	894.157288
2276.111328	875.501099
2279.232422	875.835876
2282.351563	884.092651
2285.46875	901.073059
2288.585938	901.417419
2291.701172	917.623901
2294.816406	897.345703
2297.929688	903.244385
2301.041016	904.383179
2304.152344	882.487488
2307.261719	878.056458
2310.369141	874.416809
2313.476563	889.064392
2316.583984	887.016846
2319.6875	856.317444
2322.791016	903.615906
2325.894531	966.082642
2328.996094	995.133423
2332.095703	986.744934
2335.195313	916.156433
2338.292969	902.945068
2341.388672	903.288696
2344.484375	888.465454
2347.578125	857.659363
2350.671875	888.34259
2353.763672	867.102661
2356.853516	879.424438
2359.943359	873.360474
2363.03125	895.294556
2366.119141	913.243225
2369.205078	906.38385
2372.289063	889.907043
2375.373047	888.642273
2378.457031	880.161865
2381.537109	866.863403
2384.617188	890.45636
2387.697266	888.386536
2390.773438	898.357239
2393.851563	897.091492
2396.925781	882.969727
2400	891.341614
2403.074219	882.834839
2406.146484	893.62561
2409.216797	916.494141
2412.286133	873.373596
2415.355469	885.782959
2418.421875	904.646057
2421.488281	929.970093
2424.553711	923.872375
2427.617188	916.156921
2430.679688	885.84552
2433.741211	922.499146
2436.801758	896.203796
2439.861328	894.92688
2442.918945	909.000854
2445.976563	895.602844
2449.032227	915.347534
2452.086914	933.489075
2455.140625	888.524902
2458.192383	918.00293
2461.243164	929.686768
2464.293945	892.770935
2467.342773	920.662476
2470.390625	916.955627
2473.436523	914.86792
2476.482422	898.985291
2479.526367	942.34198
2482.569336	913.46582
2485.611328	914.621887
2488.652344	879.212463
2491.692383	887.672119
2494.730469	914.028076
2497.768555	903.796265
2500.804688	894.370361
2503.839844	871.911438
2506.873047	930.0625
2509.90625	930.411865
2512.938477	891.639954
2515.96875	902.574097
2518.998047	918.410034
2522.026367	916.306824
2525.053711	875.02179
2528.079102	936.591797
2531.104492	897.733582
2534.12793	907.05896
2537.150391	934.375671
2540.171875	915.09906
2543.192383	929.349365
2546.211914	938.699829
2549.230469	899.753601
2552.24707	912.375549
2555.262695	911.07843
2558.277344	908.140808
2561.291016	922.419312
2564.303711	939.169006
2567.31543	929.673645
2570.325195	939.050537
2573.333984	922.157166
2576.341797	952.895813
2579.348633	940.103455
2582.354492	934.700012
2585.359375	912.022278
2588.363281	931.284546
2591.365234	931.63208
2594.366211	964.088501
2597.366211	916.67865
2600.365234	921.140076
2603.363281	898.405212
2606.360352	888.845642
2609.355469	958.463379
2612.350586	931.590576
2615.34375	923.683044
2618.335938	941.36792
2621.327148	957.413696
2624.317383	899.09729
2627.306641	885.378174
2630.293945	928.71106
2633.280273	910.855896
2636.266602	937.677917
2639.250977	935.542725
2642.234375	923.467041
2645.216797	936.238098
2648.197266	909.234192
2651.177734	923.667297
2654.157227	966.312317
2657.134766	980.776855
2660.111328	928.016418
2663.086914	935.003723
2666.061523	957.778931
2669.035156	929.049316
2672.007813	943.525818
2674.978516	923.916931
2677.949219	911.780457
2680.917969	963.716125
2683.885742	933.269287
2686.852539	939.444702
2689.818359	967.286377
2692.783203	948.474792
2695.74707	926.313965
2698.708984	952.512878
2701.670898	982.902893
2704.630859	964.903015
2707.589844	953.569641
2710.547852	954.757324
2713.504883	958.452454
2716.460938	977.196777
2719.416016	1004.317078
2722.369141	966.206787
2725.322266	972.421326
2728.273438	1004.592163
2731.223633	1015.849792
2734.173828	1014.548828
2737.12207	995.646851
2740.069336	988.468262
2743.014648	1007.283936
2745.959961	985.840698
2748.904297	996.275574
2751.84668	994.123535
2754.788086	961.731812
2757.729492	970.48822
2760.668945	940.585144
2763.607422	994.746643
2766.544922	995.112427
2769.481445	999.685669
2772.416016	1004.262085
2775.350586	984.420593
2778.28418	974.673218
2781.21582	963.233032
2784.146484	1006.581421
2787.077148	966.470459
2790.005859	997.196594
2792.933594	951.144531
2795.860352	943.05072
2798.785156	954.376099
2801.709961	949.656616
2804.633789	948.31427
2807.555664	971.490479
2810.477539	987.071106
2813.397461	960.356445
2816.316406	991.179871
2819.234375	1014.404907
2822.151367	1003.764343
2825.067383	985.489502
2827.982422	979.916199
2830.896484	1037.089722
2833.80957	1047.648438
2836.720703	1084.521484
2839.631836	1067.090454
2842.541016	1120.132324
2845.450195	1204.645752
2848.357422	1292.619995
2851.263672	1288.840942
2854.168945	1346.292725
2857.073242	1327.215942
2859.976563	1356.637085
2862.878906	1389.484863
2865.779297	1492.196655
2868.679688	1497.852539
2871.579102	1569.141846
2874.476563	1617.461304
2877.374023	1662.403809
2880.269531	1640.824219
2883.164063	1674.710693
2886.057617	1688.982178
2888.950195	1722.05603
2891.841797	1726.10022
2894.732422	1679.713013
2897.62207	1790.634888
2900.510742	1739.959229
2903.398438	1773.965576
2906.28418	1858.503662
2909.169922	1878.875
2912.053711	1929.244507
2914.9375	1947.084473
2917.819336	2029.234619
2920.700195	2094.291504
2923.581055	2105.346191
2926.459961	2179.059326
2929.337891	2296.611328
2932.214844	2278.548828
2935.09082	2325.769287
2937.96582	2248.398926
2940.838867	2196.765625
2943.711914	2137.353516
2946.583984	2037.458618
2949.454102	1922.858643
2952.324219	1927.859253
2955.193359	1837.253418
2958.060547	1847.395874
2960.926758	1859.269043
2963.792969	1809.066162
2966.657227	1787.292114
2969.520508	1699.921265
2972.382813	1710.030273
2975.244141	1607.887695
2978.104492	1592.054932
2980.963867	1615.961182
2983.822266	1554.302734
2986.679688	1534.108398
2989.536133	1442.96228
2992.390625	1395.02002
2995.245117	1385.999756
2998.098633	1302.494873
3000.950195	1235.389893
3003.801758	1226.301392
3006.651367	1151.317505
3009.500977	1199.431396
3012.348633	1158.218994
3015.195313	1123.051758
3018.041992	1093.936523
3020.886719	1070.879761
3023.730469	1053.019043
3026.573242	1052.528076
3029.415039	1054.644897
3032.255859	1028.060791
3035.095703	1044.961182
3037.93457	1057.521484
3040.772461	1071.832031
3043.609375	1058.280151
3046.445313	1072.600708
3049.280273	1014.585388
3052.114258	1061.162231
3054.946289	1049.330688
3057.77832	1094.207642
3060.609375	1114.675781
3063.438477	1065.302368
3066.267578	1101.497437
3069.094727	1135.970581
3071.921875	1087.425171
3074.74707	1072.073853
3077.572266	1030.468384
3080.395508	1044.837769
3083.21875	1006.69397
3086.040039	1029.821655
3088.860352	991.644775
3091.679688	1034.062256
3094.499023	1000.242371
3097.316406	1008.491699
3100.132813	1011.483093
3102.948242	951.291077
3105.762695	1031.517822
3108.576172	981.828003
3111.388672	1000.626465
3114.201172	992.19458
3117.011719	1002.218323
3119.821289	1010.490112
3122.629883	1005.571045
3125.436523	992.727539
3128.243164	972.831604
3131.048828	981.984497
3133.853516	988.50061
3136.657227	958.00531
3139.459961	996.256226
3142.261719	977.207031
3145.0625	963.437622
3147.861328	984.078979
3150.660156	1011.797852
3153.458008	974.178833
3156.254883	1002.796936
3159.049805	956.309204
3161.844727	992.014099
3164.638672	972.022949
3167.430664	980.3302
3170.222656	1028.472168
3173.013672	1005.815796
3175.802734	994.657471
3178.591797	950.708008
3181.379883	1015.747192
3184.166016	1015.219727
3186.952148	992.517456
3189.737305	980.446289
3192.520508	952.389648
3195.303711	954.501831
3198.084961	993.032471
3200.866211	977.932678
