399.363281	875.216309
403.25	847.617859
407.134766	816.178284
411.017578	834.352295
414.898438	837.260986
418.777344	810.23407
422.654297	765.340393
426.53125	776.510132
430.404297	772.381958
434.277344	764.421448
438.148438	769.221008
442.017578	771.469971
445.884766	785.221069
449.751953	756.797424
453.615234	786.540161
457.478516	780.482971
461.339844	744.979553
465.199219	752.985107
469.056641	762.278564
472.912109	742.741638
476.765625	760.372864
480.619141	750.438782
484.470703	744.987732
488.320313	761.358154
492.167969	754.622192
496.013672	757.517761
499.857422	768.129089
503.699219	805.757935
507.541016	775.868286
511.380859	754.319702
515.21875	761.083679
519.054688	799.417664
522.888672	759.806091
526.720703	751.75177
530.552734	783.035583
534.380859	805.312134
538.208984	754.013855
542.035156	786.630005
545.859375	759.185303
549.683594	777.610718
553.503906	766.951538
557.324219	775.691406
561.140625	765.021729
564.957031	740.097656
568.773438	729.403076
572.585938	741.381287
576.396484	748.831177
580.207031	718.01886
584.015625	729.358032
587.820313	732.916687
591.626953	733.230896
595.429688	732.895386
599.230469	709.809143
603.03125	708.812683
606.828125	704.562256
610.625	687.942017
614.419922	703.863464
618.214844	736.083313
622.005859	722.713013
625.796875	715.850586
629.583984	716.80896
633.371094	750.393738
637.15625	738.311401
640.941406	771.933655
644.722656	733.062256
648.503906	701.347351
652.283203	717.340698
656.060547	716.338562
659.835938	726.461365
663.609375	765.401489
667.382813	774.243347
671.152344	799.475281
674.921875	760.480896
678.689453	752.934692
682.455078	753.911682
686.220703	737.822266
689.982422	759.151123
693.744141	768.67218
697.503906	762.426758
701.261719	750.257935
705.017578	788.073181
708.773438	806.835327
712.525391	824.954895
716.277344	825.305664
720.027344	856.626831
723.775391	851.057922
727.523438	882.416199
731.267578	836.60614
735.011719	806.598511
738.753906	787.130676
742.494141	803.980408
746.232422	801.017029
749.970703	825.820801
753.707031	842.046265
757.439453	846.37384
761.171875	859.973206
764.904297	842.455383
768.632813	854.738953
772.361328	899.513306
776.087891	919.788757
779.8125	986.521301
783.535156	975.655884
787.255859	960.796997
790.976563	922.675659
794.695313	903.129333
798.412109	878.912415
802.126953	920.52124
805.839844	956.841858
809.552734	971.891174
813.263672	939.669739
816.972656	900.758423
820.679688	903.138428
824.384766	897.518494
828.089844	893.227722
831.791016	884.928894
835.492188	897.98761
839.193359	866.973633
842.890625	866.671021
846.587891	863.025452
850.28125	893.484131
853.974609	917.277588
857.666016	911.640015
861.357422	863.811279
865.044922	872.213806
868.732422	848.454346
872.417969	858.868469
876.101563	878.010864
879.785156	883.748474
883.464844	880.76355
887.144531	867.030396
890.822266	858.660461
894.5	871.792358
898.173828	849.968079
901.847656	853.688721
905.519531	857.412292
909.189453	873.257996
912.857422	823.780151
916.523438	869.27417
920.189453	851.437195
923.853516	810.654602
927.515625	823.139221
931.177734	816.059509
934.835938	835.984375
938.494141	809.312622
942.150391	815.05835
945.804688	833.654968
949.458984	811.6828
953.109375	801.195679
956.759766	842.14917
960.408203	829.633789
964.056641	844.209106
967.701172	818.805115
971.345703	828.64093
974.988281	784.892273
978.628906	817.117798
982.267578	844.617371
985.90625	839.536316
989.542969	835.13031
993.177734	852.474121
996.810547	869.1521
1000.443359	939.59314
1004.074219	935.901306
1007.703125	864.793091
1011.330078	825.642761
1014.955078	810.312378
1018.580078	794.968994
1022.203125	793.936157
1025.824219	837.255615
1029.443359	847.844116
1033.0625	859.124023
1036.679688	833.519714
1040.294922	830.449158
1043.908203	828.743469
1047.519531	833.192688
1051.130859	823.273987
1054.740234	846.209351
1058.347656	833.547729
1061.953125	863.358032
1065.558594	853.434509
1069.162109	848.302917
1072.763672	847.283142
1076.363281	881.952271
1079.962891	869.959106
1083.560547	864.82489
1087.15625	914.66217
1090.75	886.854797
1094.34375	911.982361
1097.933594	935.066406
1101.523438	915.492249
1105.113281	895.212952
1108.699219	876.983337
1112.285156	847.022095
1115.869141	858.404663
1119.451172	843.585266
1123.03125	878.437195
1126.611328	867.755371
1130.189453	816.317688
1133.765625	855.346375
1137.341797	830.125916
1140.914063	818.022583
1144.486328	792.765381
1148.056641	778.559937
1151.626953	823.883728
1155.193359	833.228271
1158.759766	846.044861
1162.324219	832.530273
1165.888672	848.824158
1169.449219	849.868286
1173.009766	866.182312
1176.568359	894.313354
1180.125	841.195801
1183.681641	845.017273
1187.236328	857.184143
1190.789063	872.838196
1194.339844	851.628845
1197.890625	851.979736
1201.439453	864.864929
1204.986328	911.199036
1208.53125	965.237183
1212.076172	931.471252
1215.619141	973.704346
1219.160156	1008.99408
1222.699219	1027.55896
1226.238281	1025.886475
1229.775391	1096.172607
1233.310547	1063.773438
1236.84375	1065.609009
1240.376953	1068.844849
1243.908203	1098.675171
1247.4375	1120.828857
1250.964844	1072.963623
1254.492188	1061.49292
1258.017578	1057.7229
1261.541016	1046.235962
1265.064453	984.22998
1268.583984	1034.461792
1272.103516	1018.035645
1275.623047	1028.286255
1279.138672	998.49292
1282.654297	1015.77301
1286.167969	1056.977295
1289.679688	1072.184326
1293.191406	1090.922607
1296.701172	1105.451416
1300.208984	1153.098389
1303.714844	1116.926514
1307.220703	1125.138062
1310.722656	1191.187622
1314.226563	1199.435669
1317.726563	1163.22229
1321.226563	1186.293823
1324.724609	1179.007935
1328.220703	1181.609619
1331.714844	1156.640381
1335.208984	1201.671387
1338.701172	1180.934814
1342.191406	1159.473145
1345.681641	1123.122559
1349.169922	1111.537231
1352.65625	1084.35022
1356.140625	1055.013794
1359.625	1077.432251
1363.107422	1087.805664
1366.587891	1083.279663
1370.068359	1090.112427
1373.544922	1050.060181
1377.021484	1049.066284
1380.498047	1066.558228
1383.970703	1073.394287
1387.443359	1062.445068
1390.914063	1052.19873
1394.384766	1064.734009
1397.851563	1047.354736
1401.318359	1024.97168
1404.785156	994.726379
1408.248047	1025.091553
1411.710938	1024.080688
1415.171875	1006.648193
1418.630859	1033.483276
1422.089844	1019.612488
1425.546875	1052.907349
1429.001953	1058.34021
1432.457031	1068.06958
1435.908203	1071.365479
1439.361328	1114.041748
1442.810547	1151.022461
1446.257813	1157.937866
1449.705078	1199.983521
1453.152344	1168.198975
1456.595703	1205.260376
1460.039063	1169.145386
1463.480469	1159.566772
1466.919922	1164.345825
1470.359375	1176.314209
1473.796875	1164.569336
1477.232422	1200.998291
1480.666016	1173.425415
1484.099609	1183.976196
1487.53125	1164.293823
1490.962891	1066.800171
1494.390625	1048.495117
1497.818359	997.734314
1501.246094	979.386108
1504.669922	992.768311
1508.09375	1006.161011
1511.515625	985.627014
1514.935547	967.965576
1518.355469	966.910706
1521.773438	1001.279053
1525.189453	936.591431
1528.605469	959.398315
1532.019531	972.089905
1535.431641	979.722656
1538.841797	959.109619
1542.251953	981.961365
1545.660156	979.456787
1549.068359	1019.016113
1552.472656	1028.133057
1555.876953	1059.758789
1559.28125	1060.185059
1562.681641	1099.839478
1566.082031	1188.943726
1569.480469	1149.435059
1572.878906	1196.445557
1576.273438	1193.288208
1579.667969	1172.658325
1583.0625	1161.478027
1586.453125	1104.393555
1589.84375	1082.973389
1593.234375	1079.762573
1596.621094	1072.172852
1600.007813	1069.684326
1603.392578	1092.011963
1606.777344	1105.594238
1610.160156	1083.390747
1613.541016	1043.62915
1616.919922	1078.410156
1620.298828	1068.602295
1623.675781	1097.567139
1627.050781	1102.39856
1630.425781	1105.036865
1633.798828	1073.245117
1637.169922	1091.263794
1640.541016	1115.161987
1643.910156	1150.814575
1647.277344	1160.813721
1650.642578	1176.692993
1654.007813	1204.334229
1657.371094	1214.365845
1660.734375	1231.019653
1664.09375	1224.894287
1667.453125	1257.010986
1670.8125	1187.610107
1674.167969	1209.431396
1677.523438	1195.185913
1680.878906	1190.505859
1684.230469	1196.876587
1687.582031	1166.387817
1690.933594	1114.484619
1694.28125	1118.618286
1697.628906	1066.654053
1700.974609	1049.355957
1704.320313	1046.0802
1707.664063	1004.370789
1711.005859	992.201843
1714.345703	993.336426
1717.685547	963.394409
1721.023438	958.59613
1724.361328	996.744141
1727.695313	963.803772
1731.03125	956.034729
1734.363281	932.689758
1737.695313	933.060425
1741.025391	901.52533
1744.353516	933.802002
1747.681641	931.202515
1751.007813	939.001038
1754.332031	951.264648
1757.65625	927.851135
1760.978516	946.069641
1764.298828	941.236511
1767.619141	940.865479
1770.9375	933.792053
1774.253906	926.712769
1777.570313	927.080078
1780.884766	908.063477
1784.197266	923.339844
1787.509766	924.451721
1790.818359	900.932251
1794.128906	938.624817
1797.435547	909.115784
1800.742188	924.421692
1804.048828	912.825745
1807.351563	907.203613
1810.654297	915.044312
1813.955078	916.154602
1817.255859	947.96582
1820.554688	929.613281
1823.851563	935.975647
1827.148438	933.346619
1830.443359	933.71521
1833.736328	922.079529
1837.027344	923.194092
1840.318359	942.329895
1843.609375	936.692444
1846.896484	933.304688
1850.183594	892.326538
1853.46875	944.569519
1856.753906	918.609863
1860.037109	903.919128
1863.318359	927.616272
1866.599609	916.683167
1869.878906	904.987732
1873.15625	894.790527
1876.433594	947.177124
1879.708984	916.618774
1882.982422	906.413391
1886.255859	918.095154
1889.527344	935.828308
1892.796875	921.839783
1896.066406	898.769165
1899.333984	942.981995
1902.599609	950.917542
1905.865234	945.99353
1909.128906	923.652283
1912.390625	943.707092
1915.652344	931.196899
1918.912109	936.110291
1922.169922	917.520569
1925.427734	941.396423
1928.683594	906.098511
1931.939453	959.595947
1935.191406	931.112244
1938.445313	934.516235
1941.695313	912.080444
1944.945313	922.32251
1948.193359	922.683777
1951.441406	955.005432
1954.6875	927.973999
1957.931641	941.283691
1961.173828	923.367493
1964.416016	942.782532
1967.658203	930.189636
1970.896484	903.857178
1974.134766	912.604065
1977.373047	898.457275
1980.607422	917.899414
1983.84375	926.661438
1987.076172	928.551819
1990.308594	925.091736
1993.539063	935.395813
1996.767578	939.586609
1999.996094	933.829834
2003.222656	929.599731
2006.449219	944.516968
2009.673828	950.249634
2012.896484	932.221008
2016.119141	921.080444
2019.339844	926.809998
2022.558594	922.565979
2025.777344	932.139221
2028.994141	941.719727
2032.208984	924.412659
2035.423828	913.241699
2038.636719	936.667725
2041.847656	928.569641
2045.058594	931.239685
2048.267578	923.90271
2051.476563	931.964111
2054.683594	943.113647
2057.888672	955.042419
2061.09375	899.121948
2064.296875	953.470398
2067.498047	932.232666
2070.699219	933.366638
2073.898438	930.639709
2077.097656	911.685486
2080.292969	942.182922
2083.490234	929.403748
2086.683594	937.49939
2089.876953	941.731934
2093.068359	951.386414
2096.259766	971.115479
2099.449219	916.487061
2102.636719	905.216858
2105.824219	966.817322
2109.009766	888.854553
2112.195313	903.165161
2115.378906	913.605469
2118.560547	917.065063
2121.742188	925.187988
2124.921875	918.551758
2128.099609	909.577942
2131.277344	933.261108
2134.453125	951.516235
2137.626953	936.317505
2140.800781	920.328247
2143.972656	919.904785
2147.144531	918.701538
2150.314453	910.481445
2153.482422	953.723145
2156.650391	940.829041
2159.816406	916.218384
2162.980469	899.395813
2166.144531	938.012939
2169.306641	953.219788
2172.46875	919.977112
2175.628906	910.948486
2178.787109	892.525879
2181.945313	905.390137
2185.101563	926.875305
2188.255859	899.822388
2191.410156	951.875549
2194.564453	906.001282
2197.714844	933.791199
2200.865234	920.032227
2204.013672	956.479614
2207.162109	916.815125
2210.308594	928.946228
2213.455078	922.233215
2216.599609	940.662048
2219.742188	919.011108
2222.884766	947.676331
2226.025391	952.760681
2229.164063	929.514648
2232.302734	931.446045
2235.439453	966.46051
2238.576172	942.404297
2241.710938	953.013123
2244.84375	909.218689
2247.976563	939.54425
2251.107422	943.060974
2254.236328	937.895935
2257.365234	938.255188
2260.492188	920.442627
2263.619141	944.50647
2266.744141	925.891541
2269.867188	908.844116
2272.990234	934.513062
2276.111328	953.868713
2279.232422	911.47113
2282.351563	903.105408
2285.46875	926.433105
2288.585938	915.687866
2291.701172	935.072205
2294.816406	937.80957
2297.929688	897.688354
2301.041016	928.203674
2304.152344	930.940857
2307.261719	912.225159
2310.369141	923.702148
2313.476563	953.477844
2316.583984	894.176636
2319.6875	955.796692
2322.791016	916.354126
2325.894531	1013.86908
2328.996094	1038.954346
2332.095703	1044.132324
2335.195313	955.226624
2338.292969	932.458252
2341.388672	932.015198
2344.484375	945.940308
2347.578125	931.925964
2350.671875	929.0849
2353.763672	941.425781
2356.853516	916.200378
2359.943359	925.346191
2363.03125	923.297546
2366.119141	906.840088
2369.205078	931.205322
2372.289063	937.966858
2375.373047	925.502075
2378.457031	954.711121
2381.537109	919.789368
2384.617188	925.753723
2387.697266	922.894775
2390.773438	948.934998
2393.851563	929.216553
2396.925781	937.602966
2400	965.285217
2403.074219	920.624695
2406.146484	943.494934
2409.216797	917.298767
2412.286133	902.351868
2415.355469	955.840332
2418.421875	907.868286
2421.488281	925.134888
2424.553711	910.973633
2427.617188	905.672729
2430.679688	923.764221
2433.741211	913.621216
2436.801758	930.114197
2439.861328	947.427124
2442.918945	944.552917
2445.976563	960.267273
2449.032227	925.859497
2452.086914	929.444519
2455.140625	914.419983
2458.192383	948.764954
2461.243164	937.785095
2464.293945	955.961609
2467.342773	956.321899
2470.390625	954.250061
2473.436523	927.844788
2476.482422	959.837219
2479.526367	959.386963
2482.569336	942.696777
2485.611328	930.055115
2488.652344	888.150879
2491.692383	944.574158
2494.730469	931.105103
2497.768555	965.622131
2500.804688	970.86792
2503.839844	954.950623
2506.873047	936.57782
2509.90625	933.670776
2512.938477	945.431763
2515.96875	941.710083
2518.998047	933.091492
2522.026367	957.104126
2525.053711	991.745728
2528.079102	960.271973
2531.104492	954.914063
2534.12793	953.637695
2537.150391	926.200928
2540.171875	957.623718
2543.192383	989.069885
2546.211914	947.702148
2549.230469	961.15625
2552.24707	920.565674
2555.262695	953.6828
2558.277344	974.530151
2561.291016	951.936768
2564.303711	978.540283
2567.31543	973.98291
2570.325195	956.28833
2573.333984	929.547607
2576.341797	952.074341
2579.348633	929.420471
2582.354492	961.00647
2585.359375	971.233826
2588.363281	985.582092
2591.365234	987.595886
2594.366211	992.904114
2597.366211	977.625854
2600.365234	961.512085
2603.363281	954.452515
2606.360352	969.649841
2609.355469	975.785034
2612.350586	962.121033
2615.34375	987.242981
2618.335938	962.837708
2621.327148	995.412842
2624.317383	967.686523
2627.306641	963.086426
2630.293945	975.849548
2633.280273	992.758423
2636.266602	985.679077
2639.250977	962.03595
2642.234375	1001.319885
2645.216797	990.092468
2648.197266	983.000671
2651.177734	1004.09436
2654.157227	1004.467102
2657.134766	974.138794
2660.111328	1000.232361
2663.086914	1022.193176
2666.061523	981.038086
2669.035156	971.429932
2672.007813	966.802246
2674.978516	968.82373
2677.949219	970.014648
2680.917969	1016.978516
2683.885742	996.541809
2686.852539	985.250977
2689.818359	992.280823
2692.783203	1015.151367
2695.74707	1018.028259
2698.708984	1001.723267
2701.670898	1041.309692
2704.630859	991.613159
2707.589844	1017.029663
2710.547852	999.863953
2713.504883	1019.452454
2716.460938	1044.070801
2719.416016	1039.438843
2722.369141	1023.091675
2725.322266	1077.02771
2728.273438	1083.285156
2731.223633	1071.960205
2734.173828	1052.248779
2737.12207	1072.750854
2740.069336	1045.479126
2743.014648	1055.090088
2745.959961	1069.741943
2748.904297	1120.495361
2751.84668	1063.812988
2754.788086	1054.96521
2757.729492	1053.672852
2760.668945	1029.684326
2763.607422	1082.196899
2766.544922	1059.04187
2769.481445	1051.016357
2772.416016	1064.029541
2775.350586	1042.525757
2778.28418	1019.321167
2781.21582	1016.324646
2784.146484	1041.145752
2787.077148	1061.768188
2790.005859	1066.376099
2792.933594	1024.569214
2795.860352	999.616882
2798.785156	1023.631653
2801.709961	1007.954041
2804.633789	1026.917847
2807.555664	1001.083313
2810.477539	1046.278442
2813.397461	1016.200989
2816.316406	1045.351929
2819.234375	1056.74231
2822.151367	1056.281982
2825.067383	1050.736816
2827.982422	1079.942261
2830.896484	1093.904907
2833.80957	1107.877563
2836.720703	1121.011597
2839.631836	1179.996582
2842.541016	1242.421265
2845.450195	1316.784912
2848.357422	1428.595825
2851.263672	1439.319092
2854.168945	1474.713623
2857.073242	1539.910767
2859.976563	1576.218262
2862.878906	1649.161987
2865.779297	1687.238403
2868.679688	1790.095703
2871.579102	1874.276367
2874.476563	1957.665283
2877.374023	1990.790405
2880.269531	2015.406494
2883.164063	2031.504272
2886.057617	2051.029053
2888.950195	2013.336304
2891.841797	2059.357178
2894.732422	2063.525146
2897.62207	2101.045654
2900.510742	2121.484375
2903.398438	2140.225586
2906.28418	2235.169434
2909.169922	2271.948486
2912.053711	2359.298096
2914.9375	2489.560059
2917.819336	2539.329346
2920.700195	2596.853027
2923.581055	2710.182617
2926.459961	2722.322266
2929.337891	2848.656738
2932.214844	2867.724854
2935.09082	2868.763672
2937.96582	2929.966064
2940.838867	2882.878662
2943.711914	2752.326416
2946.583984	2648.352051
2949.454102	2526.226563
2952.324219	2419.510742
2955.193359	2391.099609
2958.060547	2324.754639
2960.926758	2290.253906
2963.792969	2241.069092
2966.657227	2228.077148
2969.520508	2256.494629
2972.382813	2159.765625
2975.244141	2114.77832
2978.104492	2008.425171
2980.963867	1957.300659
2983.822266	1975.295654
2986.679688	1871.370117
2989.536133	1806.298096
2992.390625	1720.409302
2995.245117	1634.45813
2998.098633	1541.516479
3000.950195	1482.294556
3003.801758	1458.562012
3006.651367	1379.326904
3009.500977	1307.839844
3012.348633	1322.191528
3015.195313	1252.367676
3018.041992	1243.267578
3020.886719	1207.236694
3023.730469	1201.588623
3026.573242	1195.936157
3029.415039	1165.934814
3032.255859	1168.962524
3035.095703	1148.500244
3037.93457	1181.116577
3040.772461	1185.023071
3043.609375	1181.092896
3046.445313	1202.428101
3049.280273	1167.99353
3052.114258	1158.820557
3054.946289	1202.848633
3057.77832	1183.210205
3060.609375	1213.31189
3063.438477	1203.2677
3066.267578	1214.180298
3069.094727	1256.558228
3071.921875	1201.062744
3074.74707	1173.509766
3077.572266	1139.813477
3080.395508	1156.847168
3083.21875	1177.394287
3086.040039	1165.554932
3088.860352	1133.558594
3091.679688	1146.231689
3094.499023	1183.459473
3097.316406	1126.00293
3100.132813	1151.845093
3102.948242	1102.233887
3105.762695	1092.969971
3108.576172	1145.173218
3111.388672	1130.646484
3114.201172	1141.594971
3117.011719	1140.243164
3119.821289	1147.68457
3122.629883	1119.060669
3125.436523	1113.298218
3128.243164	1146.268555
3131.048828	1140.511108
3133.853516	1121.53418
3136.657227	1147.491211
3139.459961	1166.41333
3142.261719	1100.680786
3145.0625	1111.658813
3147.861328	1123.526855
3150.660156	1113.330811
3153.458008	1134.922729
3156.254883	1145.043945
3159.049805	1132.192383
3161.844727	1110.489868
3164.638672	1109.114502
3167.430664	1132.511475
3170.222656	1114.325684
3173.013672	1130.657349
3175.802734	1105.371826
3178.591797	1105.762939
3181.379883	1111.472046
3184.166016	1080.832153
3186.952148	1146.849976
3189.737305	1117.974976
3192.520508	1072.214966
3195.303711	1101.006836
3198.084961	1095.177979
3200.866211	1093.401611
