399.363281	954.030273
403.25	955.716187
407.134766	928.77655
411.017578	941.271606
414.898438	900.93103
418.777344	915.335205
422.654297	899.80072
426.53125	903.378357
430.404297	878.257568
434.277344	867.152588
438.148438	890.508972
442.017578	887.701416
445.884766	870.196167
449.751953	900.614502
453.615234	874.146667
457.478516	852.13385
461.339844	884.503174
465.199219	888.087036
469.056641	850.036682
472.912109	841.432068
476.765625	858.464783
480.619141	890.905579
484.470703	856.639648
488.320313	879.477783
492.167969	844.534607
496.013672	853.894043
499.857422	869.046448
503.699219	868.135071
507.541016	838.272339
511.380859	857.942139
515.21875	864.106873
519.054688	876.074158
522.888672	870.651428
526.720703	873.605225
530.552734	868.821228
534.380859	882.100708
538.208984	846.974426
542.035156	885.443176
545.859375	868.378784
549.683594	853.238647
553.503906	859.425415
557.324219	842.97406
561.140625	873.755798
564.957031	855.353455
568.773438	838.878357
572.585938	839.886475
576.396484	835.060242
580.207031	832.175415
584.015625	803.332092
587.820313	815.361694
591.626953	830.648621
595.429688	812.162476
599.230469	796.260254
603.03125	816.109985
606.828125	815.80896
610.625	833.731079
614.419922	803.485168
618.214844	837.050537
622.005859	811.341431
625.796875	802.561096
629.583984	808.774414
633.371094	814.992859
637.15625	840.800232
640.941406	815.689636
644.722656	853.279236
648.503906	861.487244
652.283203	838.314331
656.060547	866.802368
659.835938	855.391846
663.609375	865.578064
667.382813	846.951538
671.152344	872.214417
674.921875	869.30835
678.689453	868.367188
682.455078	866.768799
686.220703	884.861572
689.982422	879.328125
693.744141	853.423218
697.503906	878.762573
701.261719	880.451721
705.017578	885.431152
708.773438	897.653687
712.525391	898.035461
716.277344	930.033203
720.027344	918.567566
723.775391	904.455017
727.523438	909.455872
731.267578	916.440063
735.011719	908.248413
738.753906	884.861633
742.494141	912.322876
746.232422	952.364319
749.970703	898.551208
753.707031	933.328552
757.439453	946.95929
761.171875	949.346863
764.904297	940.476929
768.632813	908.40863
772.361328	943.925537
776.087891	972.177612
779.8125	971.925842
783.535156	961.717896
787.255859	984.700684
790.976563	955.225037
794.695313	986.86322
798.412109	946.060791
802.126953	948.456177
805.839844	956.176453
809.552734	996.521301
813.263672	983.623108
816.972656	968.715088
820.679688	977.122437
824.384766	964.198914
828.089844	968.608398
831.791016	979.02771
835.492188	992.793701
839.193359	997.220032
842.890625	981.603516
846.587891	949.929626
850.28125	965.043091
853.974609	968.795044
857.666016	1006.016846
861.357422	989.700012
865.044922	989.446899
868.732422	960.375244
872.417969	963.461365
876.101563	959.842224
879.785156	996.48175
883.464844	944.538391
887.144531	969.784546
890.822266	954.067139
894.5	971.944336
898.173828	958.903809
901.847656	989.579285
905.519531	945.576355
909.189453	943.953491
912.857422	938.287598
916.523438	956.201599
920.189453	953.232117
923.853516	963.073853
927.515625	935.81488
931.177734	940.257141
934.835938	946.728699
938.494141	938.343262
942.150391	931.978027
945.804688	945.890808
949.458984	984.841797
953.109375	917.585571
956.759766	920.000549
960.408203	925.803589
964.056641	912.640198
967.701172	910.310608
971.345703	921.540894
974.988281	944.991272
978.628906	929.776855
982.267578	932.881226
985.90625	944.817932
989.542969	940.455933
993.177734	935.410217
996.810547	960.283875
1000.443359	971.570618
1004.074219	1020.302551
1007.703125	922.672913
1011.330078	922.376526
1014.955078	939.798828
1018.580078	902.692078
1022.203125	888.74469
1025.824219	933.468384
1029.443359	914.060547
1033.0625	936.294983
1036.679688	975.62793
1040.294922	935.707764
1043.908203	927.891785
1047.519531	924.857544
1051.130859	918.398743
1054.740234	924.257813
1058.347656	935.60083
1061.953125	961.342346
1065.558594	953.515991
1069.162109	957.341003
1072.763672	937.842957
1076.363281	979.413086
1079.962891	979.133118
1083.560547	959.61908
1087.15625	953.145325
1090.75	988.602478
1094.34375	940.180969
1097.933594	952.955811
1101.523438	976.066162
1105.113281	975.093506
1108.699219	955.519165
1112.285156	977.280151
1115.869141	963.895325
1119.451172	989.815918
1123.03125	968.144043
1126.611328	952.666992
1130.189453	972.398743
1133.765625	957.601013
1137.341797	912.378235
1140.914063	923.819214
1144.486328	919.358826
1148.056641	912.818298
1151.626953	917.349548
1155.193359	942.663086
1158.759766	966.61145
1162.324219	966.317444
1165.888672	962.555481
1169.449219	967.115417
1173.009766	971.678833
1176.568359	956.109863
1180.125	946.779419
1183.681641	969.407166
1187.236328	959.378845
1190.789063	928.477295
1194.339844	947.645813
1197.890625	977.270874
1201.439453	991.600403
1204.986328	994.795288
1208.53125	1020.990967
1212.076172	985.853577
1215.619141	1016.251587
1219.160156	1039.696533
1222.699219	1049.199097
1226.238281	1078.961548
1229.775391	1078.007813
1233.310547	1096.623169
1236.84375	1096.374634
1240.376953	1098.923584
1243.908203	1060.186523
1247.4375	1107.527344
1250.964844	1067.360718
1254.492188	1082.512573
1258.017578	1088.564331
1261.541016	1100.931885
1265.064453	1084.546997
1268.583984	1073.061157
1272.103516	1077.713623
1275.623047	1078.155396
1279.138672	1090.542603
1282.654297	1088.880493
1286.167969	1098.46875
1289.679688	1110.175049
1293.191406	1124.002197
1296.701172	1156.851318
1300.208984	1144.64563
1303.714844	1167.663818
1307.220703	1155.452026
1310.722656	1166.503418
1314.226563	1167.685913
1317.726563	1151.223145
1321.226563	1182.763184
1324.724609	1191.016968
1328.220703	1219.064941
1331.714844	1194.817993
1335.208984	1218.646118
1338.701172	1212.067871
1342.191406	1182.124634
1345.681641	1168.44397
1349.169922	1112.954102
1352.65625	1165.14502
1356.140625	1155.693848
1359.625	1141.269531
1363.107422	1142.444214
1366.587891	1169.885254
1370.068359	1090.822632
1373.544922	1135.31543
1377.021484	1142.885132
1380.498047	1154.015991
1383.970703	1134.568481
1387.443359	1108.700195
1390.914063	1110.575073
1394.384766	1136.665771
1397.851563	1135.703003
1401.318359	1129.749756
1404.785156	1129.49585
1408.248047	1102.133911
1411.710938	1128.98645
1415.171875	1130.158936
1418.630859	1124.904053
1422.089844	1132.505859
1425.546875	1123.672974
1429.001953	1154.878052
1432.457031	1165.361938
1435.908203	1221.657227
1439.361328	1202.821533
1442.810547	1240.554321
1446.257813	1249.655762
1449.705078	1248.011597
1453.152344	1199.752563
1456.595703	1226.782959
1460.039063	1253.117188
1463.480469	1211.980591
1466.919922	1231.864868
1470.359375	1202.182983
1473.796875	1197.637329
1477.232422	1180.861816
1480.666016	1207.239624
1484.099609	1201.25
1487.53125	1139.092651
1490.962891	1113.621216
1494.390625	1128.483398
1497.818359	1141.915527
1501.246094	1111.365234
1504.669922	1088.726318
1508.09375	1092.774658
1511.515625	1101.880493
1514.935547	1085.710693
1518.355469	1096.265747
1521.773438	1059.114624
1525.189453	1081.962036
1528.605469	1123.639282
1532.019531	1121.196777
1535.431641	1146.992432
1538.841797	1134.415161
1542.251953	1139.220093
1545.660156	1152.00354
1549.068359	1164.071777
1552.472656	1226.213745
1555.876953	1214.367432
1559.28125	1234.462036
1562.681641	1187.739502
1566.082031	1211.472656
1569.480469	1207.597412
1572.878906	1226.265869
1576.273438	1212.206299
1579.667969	1240.353638
1583.0625	1235.754395
1586.453125	1224.594727
1589.84375	1244.763428
1593.234375	1205.163818
1596.621094	1220.964111
1600.007813	1183.511475
1603.392578	1220.483887
1606.777344	1235.578247
1610.160156	1229.498657
1613.541016	1225.606445
1616.919922	1217.324097
1620.298828	1225.125854
1623.675781	1200.006714
1627.050781	1194.631104
1630.425781	1251.496338
1633.798828	1237.345337
1637.169922	1248.83374
1640.541016	1275.727783
1643.910156	1265.96936
1647.277344	1270.144409
1650.642578	1267.716064
1654.007813	1271.160156
1657.371094	1262.852295
1660.734375	1297.898926
1664.09375	1298.417358
1667.453125	1269.514893
1670.8125	1288.417114
1674.167969	1255.070313
1677.523438	1225.37854
1680.878906	1258.282104
1684.230469	1230.04126
1687.582031	1233.480957
1690.933594	1233.972778
1694.28125	1155.512085
1697.628906	1191.404663
1700.974609	1138.709961
1704.320313	1147.289917
1707.664063	1163.266846
1711.005859	1128.980713
1714.345703	1139.785156
1717.685547	1175.015625
1721.023438	1134.77063
1724.361328	1131.519409
1727.695313	1131.228516
1731.03125	1132.419434
1734.363281	1110.627441
1737.695313	1120.710938
1741.025391	1118.188232
1744.353516	1125.312988
1747.681641	1127.987671
1751.007813	1126.949829
1754.332031	1118.479126
1757.65625	1141.227173
1760.978516	1130.523438
1764.298828	1126.507568
1767.619141	1147.796387
1770.9375	1151.974731
1774.253906	1127.103271
1777.570313	1138.728638
1780.884766	1129.487793
1784.197266	1135.156128
1787.509766	1157.243408
1790.818359	1118.141235
1794.128906	1112.610229
1797.435547	1095.869263
1800.742188	1117.227539
1804.048828	1140.845337
1807.351563	1112.876343
1810.654297	1126.783936
1813.955078	1160.911499
1817.255859	1154.631348
1820.554688	1105.648071
1823.851563	1147.300781
1827.148438	1135.759155
1830.443359	1127.208008
1833.736328	1143.408691
1837.027344	1138.606079
1840.318359	1106.768433
1843.609375	1169.551025
1846.896484	1094.115601
1850.183594	1096.050659
1853.46875	1143.109619
1856.753906	1136.036743
1860.037109	1127.452759
1863.318359	1136.932251
1866.599609	1153.951172
1869.878906	1173.243896
1873.15625	1145.060425
1876.433594	1195.283203
1879.708984	1161.050415
1882.982422	1146.412964
1886.255859	1149.883911
1889.527344	1145.804321
1892.796875	1137.187622
1896.066406	1152.752686
1899.333984	1148.668579
1902.599609	1136.259399
1905.865234	1156.382446
1909.128906	1109.896973
1912.390625	1152.746582
1915.652344	1175.929688
1918.912109	1158.95752
1922.169922	1137.422119
1925.427734	1166.694336
1928.683594	1149.697876
1931.939453	1128.891724
1935.191406	1133.131714
1938.445313	1126.737915
1941.695313	1161.382446
1944.945313	1148.911255
1948.193359	1172.181152
1951.441406	1187.098389
1954.6875	1159.396484
1957.931641	1144.619263
1961.173828	1182.397949
1964.416016	1152.374512
1967.658203	1158.924805
1970.896484	1153.276001
1974.134766	1158.305176
1977.373047	1131.277466
1980.607422	1141.646973
1983.84375	1148.968506
1987.076172	1129.546997
1990.308594	1146.043457
1993.539063	1162.55249
1996.767578	1181.369507
1999.996094	1169.583618
2003.222656	1146.302124
2006.449219	1146.749268
2009.673828	1170.952759
2012.896484	1176.775757
2016.119141	1179.535156
2019.339844	1184.598267
2022.558594	1164.336548
2025.777344	1170.164917
2028.994141	1158.330688
2032.208984	1194.129028
2035.423828	1149.239258
2038.636719	1161.990845
2041.847656	1145.517944
2045.058594	1162.12561
2048.267578	1164.117432
2051.476563	1165.34021
2054.683594	1181.974121
2057.888672	1149.28833
2061.09375	1172.09729
2064.296875	1170.238281
2067.498047	1125.161621
2070.699219	1162.655151
2073.898438	1168.512695
2077.097656	1170.511475
2080.292969	1162.463623
2083.490234	1172.966309
2086.683594	1174.968262
2089.876953	1183.161987
2093.068359	1187.491211
2096.259766	1167.042236
2099.449219	1170.593384
2102.636719	1181.896973
2105.824219	1214.917969
2109.009766	1207.632202
2112.195313	1170.855835
2115.378906	1172.085205
2118.560547	1170.209229
2121.742188	1194.743164
2124.921875	1155.572388
2128.099609	1129.587036
2131.277344	1172.798096
2134.453125	1184.921631
2137.626953	1186.936157
2140.800781	1128.998291
2143.972656	1145.012695
2147.144531	1196.104248
2150.314453	1196.565918
2153.482422	1193.128662
2156.650391	1153.802734
2159.816406	1158.93042
2162.980469	1158.59668
2166.144531	1152.795288
2169.306641	1168.866211
2172.46875	1172.443237
2175.628906	1190.879395
2178.787109	1181.951416
2181.945313	1144.062622
2185.101563	1207.91272
2188.255859	1149.642578
2191.410156	1182.205933
2194.564453	1145.825195
2197.714844	1182.331787
2200.865234	1185.139526
2204.013672	1168.33313
2207.162109	1214.309082
2210.308594	1171.58728
2213.455078	1169.680786
2216.599609	1196.063232
2219.742188	1177.655029
2222.884766	1167.096802
2226.025391	1190.36084
2229.164063	1189.24353
2232.302734	1210.171265
2235.439453	1185.43042
2238.576172	1188.248901
2241.710938	1196.58728
2244.84375	1196.257446
2247.976563	1200.660278
2251.107422	1151.402466
2254.236328	1190.527832
2257.365234	1216.256714
2260.492188	1207.241455
2263.619141	1214.026733
2266.744141	1175.747803
2269.867188	1189.644531
2272.990234	1201.177734
2276.111328	1181.84729
2279.232422	1188.634399
2282.351563	1199.387329
2285.46875	1194.298218
2288.585938	1207.439453
2291.701172	1208.693848
2294.816406	1191.700562
2297.929688	1181.83728
2301.041016	1197.374756
2304.152344	1170.824951
2307.261719	1175.244873
2310.369141	1192.386597
2313.476563	1191.250854
2316.583984	1203.638062
2319.6875	1192.159424
2322.791016	1217.294067
2325.894531	1271.119385
2328.996094	1320.205078
2332.095703	1256.944092
2335.195313	1189.647827
2338.292969	1163.778076
2341.388672	1206.512817
2344.484375	1214.15625
2347.578125	1179.481323
2350.671875	1202.298218
2353.763672	1178.780151
2356.853516	1188.822021
2359.943359	1211.667603
2363.03125	1158.522339
2366.119141	1209.386963
2369.205078	1221.856689
2372.289063	1243.94751
2375.373047	1179.514404
2378.457031	1220.042236
2381.537109	1173.192505
2384.617188	1188.077393
2387.697266	1198.158203
2390.773438	1224.302734
2393.851563	1229.585571
2396.925781	1184.256104
2400	1205.601807
2403.074219	1197.214111
2406.146484	1208.928345
2409.216797	1236.744019
2412.286133	1222.723022
2415.355469	1173.259766
2418.421875	1233.315308
2421.488281	1265.210571
2424.553711	1211.675537
2427.617188	1216.166016
2430.679688	1250.510498
2433.741211	1246.947632
2436.801758	1215.123169
2439.861328	1244.65918
2442.918945	1195.841187
2445.976563	1183.359741
2449.032227	1213.724976
2452.086914	1195.577881
2455.140625	1200.075073
2458.192383	1215.099121
2461.243164	1234.993286
2464.293945	1216.015625
2467.342773	1214.042603
2470.390625	1221.796753
2473.436523	1214.146484
2476.482422	1192.697144
2479.526367	1212.626099
2482.569336	1226.074097
2485.611328	1215.163696
2488.652344	1256.25
2491.692383	1207.949341
2494.730469	1223.041138
2497.768555	1216.993042
2500.804688	1222.333252
2503.839844	1220.350342
2506.873047	1206.149414
2509.90625	1243.264893
2512.938477	1225.801147
2515.96875	1221.369385
2518.998047	1239.771973
2522.026367	1190.464478
2525.053711	1241.518799
2528.079102	1243.617554
2531.104492	1226.92981
2534.12793	1211.863525
2537.150391	1236.842041
2540.171875	1243.029907
2543.192383	1237.769043
2546.211914	1226.775024
2549.230469	1233.784058
2552.24707	1234.245972
2555.262695	1274.85437
2558.277344	1253.201538
2561.291016	1220.053345
2564.303711	1219.689331
2567.31543	1232.453491
2570.325195	1282.985962
2573.333984	1271.969238
2576.341797	1263.408447
2579.348633	1253.197388
2582.354492	1234.75769
2585.359375	1266.469116
2588.363281	1244.729248
2591.365234	1238.609863
2594.366211	1256.361328
2597.366211	1271.654907
2600.365234	1197.152588
2603.363281	1237.98584
2606.360352	1247.517212
2609.355469	1229.835571
2612.350586	1265.775024
2615.34375	1258.817383
2618.335938	1258.460327
2621.327148	1242.407349
2624.317383	1291.625977
2627.306641	1243.332153
2630.293945	1290.106201
2633.280273	1274.040039
2636.266602	1283.61731
2639.250977	1277.471191
2642.234375	1239.847656
2645.216797	1292.505615
2648.197266	1248.228516
2651.177734	1271.908081
2654.157227	1259.109009
2657.134766	1298.575073
2660.111328	1257.553589
2663.086914	1294.556641
2666.061523	1260.978638
2669.035156	1243.164429
2672.007813	1259.419922
2674.978516	1251.570557
2677.949219	1237.059814
2680.917969	1292.444824
2683.885742	1250.464355
2686.852539	1285.07373
2689.818359	1283.883057
2692.783203	1321.030396
2695.74707	1249.815186
2698.708984	1283.640381
2701.670898	1308.312134
2704.630859	1265.391846
2707.589844	1282.55957
2710.547852	1294.727783
2713.504883	1302.726563
2716.460938	1295.684326
2719.416016	1341.319336
2722.369141	1310.862427
2725.322266	1310.509277
2728.273438	1322.713013
2731.223633	1294.726929
2734.173828	1355.524292
2737.12207	1401.280762
2740.069336	1313.765625
2743.014648	1282.379028
2745.959961	1307.182739
2748.904297	1328.647217
2751.84668	1329.976074
2754.788086	1319.546387
2757.729492	1344.399292
2760.668945	1339.850464
2763.607422	1358.842407
2766.544922	1352.612671
2769.481445	1328.706787
2772.416016	1317.410034
2775.350586	1314.525635
2778.28418	1317.535767
2781.21582	1344.986816
2784.146484	1311.759399
2787.077148	1339.227783
2790.005859	1331.282715
2792.933594	1299.700684
2795.860352	1329.726807
2798.785156	1334.437378
2801.709961	1346.755005
2804.633789	1310.905029
2807.555664	1304.621216
2810.477539	1337.240356
2813.397461	1324.192017
2816.316406	1343.298462
2819.234375	1322.62146
2822.151367	1357.834839
2825.067383	1346.468384
2827.982422	1370.695923
2830.896484	1378.828979
2833.80957	1403.085449
2836.720703	1411.235596
2839.631836	1432.125366
2842.541016	1464.069946
2845.450195	1531.71814
2848.357422	1630.01001
2851.263672	1692.666504
2854.168945	1669.471069
2857.073242	1719.425293
2859.976563	1719.201294
2862.878906	1793.048584
2865.779297	1791.998779
2868.679688	1860.813477
2871.579102	1956.10022
2874.476563	2002.002686
2877.374023	2064.144287
2880.269531	1991.515137
2883.164063	2054.550781
2886.057617	2058.713867
2888.950195	2076.546631
2891.841797	2084.992432
2894.732422	2047.283691
2897.62207	2063.420166
2900.510742	2118.917969
2903.398438	2171.032715
2906.28418	2178.669678
2909.169922	2173.466064
2912.053711	2262.493164
2914.9375	2312.162842
2917.819336	2364.439697
2920.700195	2392.740967
2923.581055	2448.515869
2926.459961	2491.457031
2929.337891	2560.185059
2932.214844	2518.169922
2935.09082	2533.687988
2937.96582	2504.523682
2940.838867	2463.300781
2943.711914	2440.109375
2946.583984	2369.578125
2949.454102	2235.301514
2952.324219	2185.308838
2955.193359	2207.632813
2958.060547	2149.837891
2960.926758	2126.479736
2963.792969	2079.82251
2966.657227	2059.871582
2969.520508	2003.663574
2972.382813	1968.131836
2975.244141	2005.110229
2978.104492	1977.327026
2980.963867	1896.810059
2983.822266	1886.256104
2986.679688	1820.348511
2989.536133	1813.218872
2992.390625	1724.736206
2995.245117	1714.968994
2998.098633	1625.520508
3000.950195	1591.452393
3003.801758	1615.424683
3006.651367	1531.044189
3009.500977	1533.32959
3012.348633	1498.310181
3015.195313	1471.076416
3018.041992	1454.241089
3020.886719	1429.57666
3023.730469	1434.434448
3026.573242	1393.230835
3029.415039	1394.600586
3032.255859	1396.840698
3035.095703	1398.212036
3037.93457	1389.139404
3040.772461	1401.827393
3043.609375	1404.943115
3046.445313	1414.160034
3049.280273	1390.260986
3052.114258	1414.301636
3054.946289	1375.556396
3057.77832	1434.511475
3060.609375	1438.516479
3063.438477	1390.132202
3066.267578	1432.558105
3069.094727	1442.682617
3071.921875	1410.855469
3074.74707	1381.62854
3077.572266	1389.120361
3080.395508	1376.490601
3083.21875	1384.860718
3086.040039	1336.316162
3088.860352	1327.157104
3091.679688	1386.344482
3094.499023	1364.923218
3097.316406	1328.578247
3100.132813	1348.351685
3102.948242	1369.894165
3105.762695	1327.365967
3108.576172	1391.069336
3111.388672	1366.088013
3114.201172	1337.573242
3117.011719	1334.532837
3119.821289	1372.824219
3122.629883	1356.597168
3125.436523	1384.362061
3128.243164	1335.55249
3131.048828	1388.869507
3133.853516	1347.074341
3136.657227	1381.043579
3139.459961	1321.582397
3142.261719	1341.454712
3145.0625	1315.462891
3147.861328	1337.111816
3150.660156	1340.234863
3153.458008	1326.578979
3156.254883	1329.699951
3159.049805	1276.257446
3161.844727	1292.62439
3164.638672	1295.73584
3167.430664	1329.816162
3170.222656	1270.986206
3173.013672	1340.497437
3175.802734	1347.171875
3178.591797	1335.244141
3181.379883	1325.080322
3184.166016	1353.035156
3186.952148	1298.521484
3189.737305	1299.867676
3192.520508	1356.245483
3195.303711	1315.880737
3198.084961	1357.203613
3200.866211	1375.856201
