399.363281	1007.42041
403.25	994.504395
407.134766	994.935974
411.017578	972.45636
414.898438	958.23407
418.777344	972.663086
422.654297	973.084778
426.53125	930.792053
430.404297	940.124695
434.277344	936.70343
438.148438	916.681641
442.017578	941.34668
445.884766	923.225708
449.751953	915.955017
453.615234	905.480408
457.478516	952.573059
461.339844	899.223572
465.199219	930.346436
469.056641	973.026123
472.912109	924.742188
476.765625	941.810852
480.619141	910.789001
484.470703	894.498596
488.320313	926.982422
492.167969	928.024719
496.013672	945.772827
499.857422	955.179749
503.699219	960.736145
507.541016	974.01709
511.380859	931.314514
515.21875	956.827698
519.054688	962.39325
522.888672	966.029968
526.720703	961.288086
530.552734	950.736755
534.380859	970.504395
538.208984	934.125
542.035156	963.589478
545.859375	957.542664
549.683594	932.744995
553.503906	948.666016
557.324219	967.835144
561.140625	942.361816
564.957031	908.448792
568.773438	916.612244
572.585938	924.134399
576.396484	905.080811
580.207031	877.578613
584.015625	920.133179
587.820313	883.524902
591.626953	913.128967
595.429688	870.638184
599.230469	856.71106
603.03125	840.820862
606.828125	878.263245
610.625	899.466309
614.419922	882.922119
618.214844	923.68689
622.005859	933.857239
625.796875	910.786194
629.583984	892.913086
633.371094	911.565247
637.15625	922.399597
640.941406	923.446838
644.722656	933.641663
648.503906	913.124207
652.283203	935.74707
656.060547	934.838196
659.835938	929.346924
663.609375	942.83844
667.382813	943.895691
671.152344	975.097717
674.921875	958.468201
678.689453	947.071167
682.455078	947.474731
686.220703	945.90918
689.982422	927.267639
693.744141	935.546326
697.503906	967.493286
701.261719	975.795593
705.017578	977.526489
708.773438	991.762512
712.525391	990.209229
716.277344	1015.659485
720.027344	1012.137573
723.775391	1066.624146
727.523438	1031.464111
731.267578	1037.180542
735.011719	1028.380127
738.753906	996.459839
742.494141	1049.732788
746.232422	1050.839233
749.970703	1085.005493
753.707031	1070.913452
757.439453	1058.794434
761.171875	1064.539551
764.904297	1033.199951
768.632813	1034.963013
772.361328	1065.893433
776.087891	1104.144409
779.8125	1109.919434
783.535156	1135.610352
787.255859	1106.875244
790.976563	1122.621948
794.695313	1077.907104
798.412109	1082.352051
802.126953	1098.107422
805.839844	1121.195068
809.552734	1128.991333
813.263672	1121.476929
816.972656	1104.628296
820.679688	1107.760864
824.384766	1093.55896
828.089844	1132.711548
831.791016	1122.511597
835.492188	1124.988159
839.193359	1090.062378
842.890625	1079.830688
846.587891	1084.965332
850.28125	1120.867798
853.974609	1136.059326
857.666016	1115.788452
861.357422	1095.500122
865.044922	1078.543945
868.732422	1071.625977
872.417969	1084.815918
876.101563	1112.102295
879.785156	1091.097168
883.464844	1081.486328
887.144531	1081.94104
890.822266	1107.255371
894.5	1115.786743
898.173828	1098.099609
901.847656	1076.36084
905.519531	1045.181519
909.189453	1087.36438
912.857422	1094.556641
916.523438	1081.538818
920.189453	1071.880493
923.853516	1073.004517
927.515625	1070.755737
931.177734	1067.154785
934.835938	1081.107422
938.494141	1086.289429
942.150391	1104.316284
945.804688	1099.369873
949.458984	1082.920166
953.109375	1105.704102
956.759766	1092.627563
960.408203	1099.8573
964.056641	1069.828369
967.701172	1091.966064
971.345703	1065.298584
974.988281	1030.467896
978.628906	1085.192139
982.267578	1072.745483
985.90625	1073.193604
989.542969	1107.61792
993.177734	1127.114868
996.810547	1094.261108
1000.443359	1173.640991
1004.074219	1220.415283
1007.703125	1124.911987
1011.330078	1100.175781
1014.955078	1076.78186
1018.580078	1112.002075
1022.203125	1059.263672
1025.824219	1091.093506
1029.443359	1084.72168
1033.0625	1114.539307
1036.679688	1084.258789
1040.294922	1099.74707
1043.908203	1091.99939
1047.519531	1095.874146
1051.130859	1072.377686
1054.740234	1081.039307
1058.347656	1082.173706
1061.953125	1112.772583
1065.558594	1124.888306
1069.162109	1141.12854
1072.763672	1134.055908
1076.363281	1155.803589
1079.962891	1148.043945
1083.560547	1099.062622
1087.15625	1128.381104
1090.75	1136.411621
1094.34375	1143.072998
1097.933594	1149.051392
1101.523438	1164.671387
1105.113281	1159.645142
1108.699219	1149.103149
1112.285156	1090.30835
1115.869141	1119.71814
1119.451172	1128.459106
1123.03125	1150.317993
1126.611328	1197.046753
1130.189453	1139.529785
1133.765625	1089.564819
1137.341797	1083.794678
1140.914063	1065.572876
1144.486328	1072.23938
1148.056641	1107.285278
1151.626953	1078.664551
1155.193359	1128.979248
1158.759766	1132.217285
1162.324219	1102.877319
1165.888672	1137.313354
1169.449219	1150.964478
1173.009766	1138.946411
1176.568359	1166.495728
1180.125	1139.19165
1183.681641	1134.797119
1187.236328	1115.104126
1190.789063	1139.210327
1194.339844	1134.809326
1197.890625	1132.492676
1201.439453	1163.598511
1204.986328	1188.459839
1208.53125	1183.373779
1212.076172	1232.665527
1215.619141	1252.702759
1219.160156	1267.173706
1222.699219	1282.354492
1226.238281	1326.179932
1229.775391	1291.09436
1233.310547	1353.829956
1236.84375	1323.620605
1240.376953	1332.558472
1243.908203	1342.203125
1247.4375	1328.752808
1250.964844	1306.186157
1254.492188	1283.600708
1258.017578	1311.464233
1261.541016	1334.44165
1265.064453	1280.27063
1268.583984	1279.391968
1272.103516	1281.320801
1275.623047	1259.369751
1279.138672	1307.667358
1282.654297	1351.786499
1286.167969	1299.596802
1289.679688	1315.606689
1293.191406	1351.336426
1296.701172	1401.177246
1300.208984	1400.341797
1303.714844	1405.142944
1307.220703	1428.276855
1310.722656	1418.281982
1314.226563	1437.911743
1317.726563	1443.440308
1321.226563	1414.372925
1324.724609	1440.381714
1328.220703	1426.129272
1331.714844	1456.405396
1335.208984	1507.217041
1338.701172	1466.793213
1342.191406	1499.245483
1345.681641	1418.420166
1349.169922	1389.952881
1352.65625	1376.345215
1356.140625	1370.525269
1359.625	1354.769897
1363.107422	1362.417969
1366.587891	1356.584106
1370.068359	1367.079224
1373.544922	1358.399902
1377.021484	1331.233765
1380.498047	1306.889404
1383.970703	1315.24585
1387.443359	1310.799683
1390.914063	1310.620972
1394.384766	1346.051636
1397.851563	1305.987183
1401.318359	1317.209717
1404.785156	1294.213867
1408.248047	1299.733276
1411.710938	1287.415649
1415.171875	1309.356567
1418.630859	1277.033936
1422.089844	1320.423218
1425.546875	1342.403198
1429.001953	1320.780029
1432.457031	1354.223511
1435.908203	1417.752075
1439.361328	1451.261353
1442.810547	1467.6073
1446.257813	1491.131592
1449.705078	1504.638916
1453.152344	1513.854004
1456.595703	1461.378296
1460.039063	1470.58252
1463.480469	1435.277954
1466.919922	1449.506348
1470.359375	1383.983643
1473.796875	1429.832275
1477.232422	1418.904053
1480.666016	1407.24707
1484.099609	1375.427612
1487.53125	1347.182251
1490.962891	1331.879517
1494.390625	1274.047729
1497.818359	1237.796143
1501.246094	1266.422607
1504.669922	1241.681885
1508.09375	1247.235474
1511.515625	1203.692505
1514.935547	1238.12915
1518.355469	1198.159912
1521.773438	1246.357422
1525.189453	1233.118408
1528.605469	1235.786133
1532.019531	1258.722534
1535.431641	1246.9198
1538.841797	1261.910034
1542.251953	1299.377686
1545.660156	1309.325684
1549.068359	1323.632935
1552.472656	1371.327759
1555.876953	1344.296753
1559.28125	1339.028198
1562.681641	1366.44519
1566.082031	1406.96521
1569.480469	1405.349731
1572.878906	1437.189331
1576.273438	1483.606567
1579.667969	1435.432739
1583.0625	1434.552856
1586.453125	1405.989136
1589.84375	1402.180908
1593.234375	1368.477051
1596.621094	1363.191162
1600.007813	1367.386353
1603.392578	1359.175293
1606.777344	1393.311646
1610.160156	1364.64856
1613.541016	1390.774658
1616.919922	1381.827271
1620.298828	1368.483887
1623.675781	1369.031982
1627.050781	1347.620117
1630.425781	1374.522217
1633.798828	1405.108643
1637.169922	1380.019897
1640.541016	1408.432739
1643.910156	1454.471191
1647.277344	1497.611084
1650.642578	1498.209839
1654.007813	1499.542969
1657.371094	1513.365845
1660.734375	1524.259521
1664.09375	1547.660522
1667.453125	1530.625977
1670.8125	1531.237061
1674.167969	1500.195435
1677.523438	1459.55542
1680.878906	1455.717529
1684.230469	1412.815552
1687.582031	1429.599243
1690.933594	1363.049438
1694.28125	1356.951904
1697.628906	1313.202515
1700.974609	1287.140991
1704.320313	1272.139893
1707.664063	1260.082642
1711.005859	1242.839966
1714.345703	1215.968018
1717.685547	1196.473755
1721.023438	1216.195679
1724.361328	1258.889282
1727.695313	1190.493896
1731.03125	1214.682861
1734.363281	1195.88916
1737.695313	1217.873779
1741.025391	1184.22583
1744.353516	1215.872559
1747.681641	1191.107544
1751.007813	1163.350952
1754.332031	1196.512573
1757.65625	1172.452881
1760.978516	1190.024658
1764.298828	1186.776489
1767.619141	1179.059326
1770.9375	1186.973267
1774.253906	1209.047241
1777.570313	1184.933594
1780.884766	1166.019165
1784.197266	1173.939331
1787.509766	1200.518799
1790.818359	1189.051392
1794.128906	1159.653442
1797.435547	1172.811646
1800.742188	1198.684326
1804.048828	1185.70166
1807.351563	1219.826172
1810.654297	1193.373413
1813.955078	1216.300049
1817.255859	1177.094971
1820.554688	1185.800049
1823.851563	1193.762329
1827.148438	1199.481567
1830.443359	1190.955566
1833.736328	1203.430176
1837.027344	1163.374634
1840.318359	1161.581177
1843.609375	1150.020996
1846.896484	1191.053101
1850.183594	1197.536743
1853.46875	1182.968018
1856.753906	1171.396851
1860.037109	1169.600586
1863.318359	1172.32019
1866.599609	1213.456543
1869.878906	1215.441528
1873.15625	1247.580688
1876.433594	1184.725586
1879.708984	1185.946289
1882.982422	1221.129761
1886.255859	1186.879517
1889.527344	1209.250366
1892.796875	1171.945435
1896.066406	1207.933594
1899.333984	1202.358765
1902.599609	1168.788818
1905.865234	1166.220825
1909.128906	1153.051147
1912.390625	1198.947266
1915.652344	1183.506592
1918.912109	1193.824829
1922.169922	1184.435669
1925.427734	1187.93457
1928.683594	1164.116455
1931.939453	1201.772461
1935.191406	1199.96521
1938.445313	1201.195313
1941.695313	1208.506592
1944.945313	1205.178223
1948.193359	1207.171631
1951.441406	1171.118164
1954.6875	1201.265747
1957.931641	1201.735962
1961.173828	1196.873169
1964.416016	1230.114014
1967.658203	1180.273438
1970.896484	1219.635132
1974.134766	1189.590088
1977.373047	1242.725952
1980.607422	1191.283813
1983.84375	1183.345825
1987.076172	1235.012207
1990.308594	1200.325684
1993.539063	1177.849243
1996.767578	1228.042725
1999.996094	1194.842896
2003.222656	1192.246094
2006.449219	1201.903564
2009.673828	1185.513062
2012.896484	1182.908691
2016.119141	1239.355591
2019.339844	1216.821777
2022.558594	1165.104126
2025.777344	1210.091797
2028.994141	1182.142456
2032.208984	1179.529053
2035.423828	1218.424316
2038.636719	1185.830566
2041.847656	1235.528442
2045.058594	1200.606567
2048.267578	1202.613281
2051.476563	1220.795898
2054.683594	1194.302368
2057.888672	1177.808594
2061.09375	1186.748535
2064.296875	1187.209473
2067.498047	1194.615967
2070.699219	1235.224609
2073.898438	1223.347168
2077.097656	1182.100708
2080.292969	1164.782349
2083.490234	1211.627075
2086.683594	1194.306152
2089.876953	1209.47168
2093.068359	1222.326416
2096.259766	1198.793213
2099.449219	1179.889893
2102.636719	1199.72229
2105.824219	1196.310425
2109.009766	1233.227539
2112.195313	1203.444214
2115.378906	1217.105713
2118.560547	1207.481934
2121.742188	1201.734497
2124.921875	1197.536621
2128.099609	1211.21582
2131.277344	1191.463379
2134.453125	1167.805298
2137.626953	1211.064087
2140.800781	1171.043701
2143.972656	1169.159302
2147.144531	1197.662598
2150.314453	1222.290161
2153.482422	1216.523315
2156.650391	1223.233765
2159.816406	1169.856445
2162.980469	1201.536621
2166.144531	1166.072754
2169.306641	1218.871216
2172.46875	1224.812378
2175.628906	1189.315552
2178.787109	1184.298096
2181.945313	1186.319336
2185.101563	1224.352173
2188.255859	1234.221191
2191.410156	1204.925537
2194.564453	1193.633179
2197.714844	1205.06897
2200.865234	1208.6698
2204.013672	1246.797485
2207.162109	1219.018799
2210.308594	1216.346313
2213.455078	1199.531616
2216.599609	1188.990601
2219.742188	1202.025635
2222.884766	1204.846558
2226.025391	1192.721069
2229.164063	1245.124634
2232.302734	1228.280518
2235.439453	1216.14917
2238.576172	1222.919312
2241.710938	1211.564331
2244.84375	1226.223022
2247.976563	1243.259277
2251.107422	1206.644531
2254.236328	1236.317383
2257.365234	1234.421509
2260.492188	1202.500977
2263.619141	1194.26709
2266.744141	1214.491333
2269.867188	1229.984863
2272.990234	1215.420898
2276.111328	1235.675537
2279.232422	1203.68042
2282.351563	1191.465332
2285.46875	1210.148315
2288.585938	1213.78186
2291.701172	1206.314575
2294.816406	1225.023682
2297.929688	1242.953125
2301.041016	1237.075562
2304.152344	1216.101074
2307.261719	1222.922119
2310.369141	1248.03125
2313.476563	1238.169312
2316.583984	1229.890625
2319.6875	1238.317871
2322.791016	1258.693237
2325.894531	1283.06604
2328.996094	1367.213013
2332.095703	1368.530762
2335.195313	1298.087646
2338.292969	1208.446777
2341.388672	1220.078125
2344.484375	1231.718018
2347.578125	1256.942139
2350.671875	1235.850708
2353.763672	1237.119751
2356.853516	1221.600586
2359.943359	1206.069214
2363.03125	1232.130127
2366.119141	1237.400513
2369.205078	1239.471924
2372.289063	1231.131592
2375.373047	1221.983276
2378.457031	1224.851807
2381.537109	1226.92041
2384.617188	1255.463257
2387.697266	1200.565674
2390.773438	1237.147827
2393.851563	1219.144897
2396.925781	1238.085815
2400	1197.564453
2403.074219	1218.923096
2406.146484	1209.732666
2409.216797	1202.144165
2412.286133	1255.726074
2415.355469	1212.717407
2418.421875	1224.454102
2421.488281	1236.199341
2424.553711	1250.371826
2427.617188	1225.037231
2430.679688	1244.056274
2433.741211	1228.384644
2436.801758	1192.516235
2439.861328	1267.274658
2442.918945	1236.241211
2445.976563	1266.615234
2449.032227	1246.878052
2452.086914	1226.31665
2455.140625	1234.871582
2458.192383	1232.099243
2461.243164	1237.422852
2464.293945	1249.231201
2467.342773	1259.427368
2470.390625	1219.364502
2473.436523	1222.25708
2476.482422	1268.153442
2479.526367	1210.191162
2482.569336	1210.646729
2485.611328	1233.033813
2488.652344	1225.371948
2491.692383	1234.774658
2494.730469	1246.623657
2497.768555	1242.211426
2500.804688	1259.768311
2503.839844	1235.818481
2506.873047	1246.055786
2509.90625	1271.780151
2512.938477	1207.870605
2515.96875	1236.04541
2518.998047	1234.878052
2522.026367	1216.574829
2525.053711	1221.112427
2528.079102	1256.682495
2531.104492	1309.432983
2534.12793	1268.248291
2537.150391	1276.080933
2540.171875	1238.94104
2543.192383	1268.856445
2546.211914	1270.150024
2549.230469	1291.911865
2552.24707	1253.9021
2555.262695	1250.274902
2558.277344	1246.644531
2561.291016	1302.866089
2564.303711	1230.352417
2567.31543	1309.584473
2570.325195	1250.9729
2573.333984	1288.392334
2576.341797	1205.906128
2579.348633	1307.434082
2582.354492	1291.480835
2585.359375	1271.403442
2588.363281	1298.204102
2591.365234	1287.989624
2594.366211	1272.827393
2597.366211	1257.653442
2600.365234	1258.946411
2603.363281	1311.341919
2606.360352	1264.007813
2609.355469	1337.889526
2612.350586	1299.605957
2615.34375	1308.344604
2618.335938	1307.180176
2621.327148	1280.406494
2624.317383	1277.577515
2627.306641	1267.30603
2630.293945	1278.52832
2633.280273	1271.558105
2636.266602	1263.754761
2639.250977	1312.24353
2642.234375	1268.007202
2645.216797	1269.306885
2648.197266	1283.86853
2651.177734	1308.390503
2654.157227	1264.915283
2657.134766	1274.512085
2660.111328	1320.638794
2663.086914	1267.154175
2666.061523	1272.608276
2669.035156	1298.009888
2672.007813	1297.65979
2674.978516	1317.2677
2677.949219	1296.957764
2680.917969	1297.438232
2683.885742	1329.554932
2686.852539	1380.850464
2689.818359	1337.204712
2692.783203	1327.697998
2695.74707	1320.685303
2698.708984	1312.833008
2701.670898	1302.471436
2704.630859	1313.803955
2707.589844	1339.339478
2710.547852	1344.846191
2713.504883	1322.781372
2716.460938	1312.402832
2719.416016	1348.845459
2722.369141	1367.747314
2725.322266	1411.768311
2728.273438	1347.827759
2731.223633	1346.650024
2734.173828	1384.008789
2737.12207	1316.634033
2740.069336	1362.392578
2743.014648	1348.636597
2745.959961	1352.489502
2748.904297	1380.685181
2751.84668	1371.957642
2754.788086	1375.822388
2757.729492	1389.772705
2760.668945	1356.661621
2763.607422	1407.612793
2766.544922	1368.594971
2769.481445	1329.54834
2772.416016	1344.347534
2775.350586	1352.42041
2778.28418	1347.862671
2781.21582	1369.425781
2784.146484	1368.242554
2787.077148	1361.154663
2790.005859	1343.9375
2792.933594	1368.061523
2795.860352	1356.74353
2798.785156	1346.261475
2801.709961	1366.1875
2804.633789	1379.366211
2807.555664	1369.725464
2810.477539	1333.01123
2813.397461	1367.344482
2816.316406	1385.620361
2819.234375	1416.610474
2822.151367	1384.093628
2825.067383	1316.810547
2827.982422	1397.821655
2830.896484	1433.10022
2833.80957	1417.50647
2836.720703	1430.753662
2839.631836	1495.794189
2842.541016	1550.691162
2845.450195	1710.121216
2848.357422	1744.739502
2851.263672	1826.991577
2854.168945	1883.789307
2857.073242	1876.819458
2859.976563	1935.378052
2862.878906	2006.75
2865.779297	2113.093506
2868.679688	2274.043457
2871.579102	2329.421387
2874.476563	2400.186279
2877.374023	2417.266357
2880.269531	2424.119385
2883.164063	2479.630371
2886.057617	2433.568848
2888.950195	2480.580566
2891.841797	2514.80835
2894.732422	2519.14209
2897.62207	2577.351074
2900.510742	2545.78125
2903.398438	2645.972656
2906.28418	2679.464111
2909.169922	2737.813721
2912.053711	2893.01001
2914.9375	2947.193359
2917.819336	3089.717529
2920.700195	3138.864502
2923.581055	3210.352539
2926.459961	3316.221191
2929.337891	3344.037842
2932.214844	3324.636963
2935.09082	3435.814941
2937.96582	3391.506836
2940.838867	3360.922363
2943.711914	3249.465576
2946.583984	3147.391846
2949.454102	2941.956543
2952.324219	2848.306641
2955.193359	2752.865479
2958.060547	2772.817139
2960.926758	2697.96582
2963.792969	2675.658936
2966.657227	2669.724609
2969.520508	2630.994873
2972.382813	2551.665527
2975.244141	2473.14209
2978.104492	2395.425049
2980.963867	2397.153076
2983.822266	2321.080566
2986.679688	2171.446533
2989.536133	2188.665771
2992.390625	2050.990967
2995.245117	1998.921509
2998.098633	1941.618042
3000.950195	1853.951172
3003.801758	1768.820679
3006.651367	1746.91626
3009.500977	1707.650391
3012.348633	1607.625244
3015.195313	1586.505981
3018.041992	1574.921387
3020.886719	1487.767212
3023.730469	1495.252319
3026.573242	1530.554932
3029.415039	1497.195923
3032.255859	1481.207764
3035.095703	1466.078003
3037.93457	1451.807373
3040.772461	1454.940186
3043.609375	1501.625488
3046.445313	1492.579224
3049.280273	1478.296265
3052.114258	1551.197632
3054.946289	1515.990601
3057.77832	1582.848999
3060.609375	1565.085083
3063.438477	1575.250366
3066.267578	1534.758911
3069.094727	1537.929321
3071.921875	1496.520752
3074.74707	1465.575562
3077.572266	1425.860352
3080.395508	1470.123535
3083.21875	1448.763916
3086.040039	1466.795288
3088.860352	1398.98999
3091.679688	1393.355103
3094.499023	1369.306396
3097.316406	1382.949097
3100.132813	1420.287231
3102.948242	1397.098999
3105.762695	1396.719116
3108.576172	1402.485962
3111.388672	1416.163208
3114.201172	1405.242798
3117.011719	1367.060913
3119.821289	1389.533813
3122.629883	1428.737793
3125.436523	1438.92688
3128.243164	1403.342651
3131.048828	1379.181763
3133.853516	1356.765503
3136.657227	1364.298218
3139.459961	1414.154907
3142.261719	1385.55249
3145.0625	1380.750854
3147.861328	1392.714478
3150.660156	1398.505981
3153.458008	1356.608032
3156.254883	1396.847534
3159.049805	1374.363037
3161.844727	1382.807495
3164.638672	1371.799438
3167.430664	1383.787476
3170.222656	1391.358154
3173.013672	1361.74707
3175.802734	1384.371948
3178.591797	1342.332397
3181.379883	1408.396484
3184.166016	1377.861572
3186.952148	1387.218262
3189.737305	1376.17395
3192.520508	1408.613525
3195.303711	1339.854248
3198.084961	1358.091797
3200.866211	1366.973999
