399.363281	1092.590332
403.25	1080.983032
407.134766	1080.81604
411.017578	1085.739868
414.898438	1098.944824
418.777344	1063.750732
422.654297	1053.37854
426.53125	1027.696411
430.404297	1040.897827
434.277344	1063.681641
438.148438	1044.353149
442.017578	1014.789551
445.884766	1038.229614
449.751953	1040.596436
453.615234	1022.502258
457.478516	1018.466309
461.339844	1022.106812
465.199219	1024.469604
469.056641	1012.100891
472.912109	1029.200195
476.765625	1057.854248
480.619141	1036.50354
484.470703	1010.000549
488.320313	1021.991699
492.167969	1035.277344
496.013672	1038.936523
499.857422	1040.670288
503.699219	1058.481689
507.541016	1048.001221
511.380859	1042.016724
515.21875	1035.382935
519.054688	1084.786011
522.888672	1045.941772
526.720703	1087.654541
530.552734	1075.867676
534.380859	1055.036377
538.208984	1038.060181
542.035156	1062.402588
545.859375	1068.674438
549.683594	1035.521484
553.503906	1045.666626
557.324219	1027.35437
561.140625	1042.034668
564.957031	1030.827148
568.773438	1038.395386
572.585938	1019.399292
576.396484	1023.07843
580.207031	1030.6521
584.015625	1004.489563
587.820313	1002.972778
591.626953	1019.639038
595.429688	1040.217651
599.230469	997.112854
603.03125	1036.557251
606.828125	1009.026855
610.625	1021.824951
614.419922	996.217468
618.214844	1026.608276
622.005859	1045.946167
625.796875	1013.795654
629.583984	1022.708313
633.371094	1032.280762
637.15625	1015.096558
640.941406	1020.754883
644.722656	1064.312256
648.503906	1058.884155
652.283203	1050.181641
656.060547	1072.872437
659.835938	1057.623047
663.609375	1054.800537
667.382813	1063.11084
671.152344	1071.427856
674.921875	1075.818237
678.689453	1071.029907
682.455078	1084.609253
686.220703	1081.789185
689.982422	1070.429321
693.744141	1076.797974
697.503906	1043.078735
701.261719	1060.618774
705.017578	1078.831421
708.773438	1097.059204
712.525391	1088.30835
716.277344	1128.291016
720.027344	1124.816895
723.775391	1128.591064
727.523438	1131.708618
731.267578	1117.674194
735.011719	1119.468994
738.753906	1121.265015
742.494141	1130.989624
746.232422	1144.687744
749.970703	1166.992554
753.707031	1163.518677
757.439453	1197.099487
761.171875	1180.394287
764.904297	1158.376099
768.632813	1131.700928
772.361328	1171.952515
776.087891	1188.364502
779.8125	1215.404907
783.535156	1230.521118
787.255859	1233.033813
790.976563	1212.298828
794.695313	1216.134399
798.412109	1210.665283
802.126953	1186.567871
805.839844	1232.981934
809.552734	1246.816528
813.263672	1207.385742
816.972656	1225.884277
820.679688	1193.74231
824.384766	1237.588623
828.089844	1236.109741
831.791016	1249.311401
835.492188	1253.176758
839.193359	1233.667358
842.890625	1234.855835
846.587891	1197.272339
850.28125	1235.897217
853.974609	1243.777588
857.666016	1230.914795
861.357422	1181.881348
865.044922	1191.087646
868.732422	1229.119507
872.417969	1202.818115
876.101563	1220.093018
879.785156	1228.658569
883.464844	1254.014038
887.144531	1202.156738
890.822266	1185.865234
894.5	1196.445923
898.173828	1215.104614
901.847656	1204.85144
905.519531	1206.703491
909.189453	1214.616333
912.857422	1211.084717
916.523438	1198.115845
920.189453	1213.449585
923.853516	1215.307495
927.515625	1200.973633
931.177734	1201.477173
934.835938	1174.969971
938.494141	1222.751099
942.150391	1195.554077
945.804688	1168.333984
949.458984	1208.730957
953.109375	1187.58313
956.759766	1195.526855
960.408203	1208.894897
964.056641	1191.78479
967.701172	1187.538452
971.345703	1209.734375
974.988281	1179.034424
978.628906	1209.388672
982.267578	1205.820313
985.90625	1194.097778
989.542969	1208.866455
993.177734	1216.169189
996.810547	1241.160156
1000.443359	1300.190063
1004.074219	1332.723389
1007.703125	1267.90918
1011.330078	1221.433594
1014.955078	1191.275024
1018.580078	1239.49707
1022.203125	1196.36084
1025.824219	1197.541748
1029.443359	1201.453735
1033.0625	1216.295654
1036.679688	1204.504272
1040.294922	1214.574585
1043.908203	1236.961182
1047.519531	1238.159912
1051.130859	1216.775757
1054.740234	1247.405762
1058.347656	1220.527588
1061.953125	1262.832397
1065.558594	1242.792603
1069.162109	1263.196411
1072.763672	1274.69812
1076.363281	1296.50415
1079.962891	1279.876709
1083.560547	1233.697876
1087.15625	1211.532227
1090.75	1262.908691
1094.34375	1264.120361
1097.933594	1285.286255
1101.523438	1287.195801
1105.113281	1289.795288
1108.699219	1251.06189
1112.285156	1270.877686
1115.869141	1262.440918
1119.451172	1254.686523
1123.03125	1291.778809
1126.611328	1313.713989
1130.189453	1245.19519
1133.765625	1217.383057
1137.341797	1219.960205
1140.914063	1216.315918
1144.486328	1196.065796
1148.056641	1217.321777
1151.626953	1198.439331
1155.193359	1246.725586
1158.759766	1257.634277
1162.324219	1232.505249
1165.888672	1258.673096
1169.449219	1273.761719
1173.009766	1278.451782
1176.568359	1268.564087
1180.125	1278.117554
1183.681641	1263.356445
1187.236328	1283.343018
1190.789063	1265.789307
1194.339844	1261.44043
1197.890625	1299.547485
1201.439453	1330.722168
1204.986328	1291.56189
1208.53125	1346.453613
1212.076172	1364.437988
1215.619141	1369.881958
1219.160156	1383.703491
1222.699219	1427.552979
1226.238281	1387.635376
1229.775391	1430.82312
1233.310547	1457.271729
1236.84375	1471.155762
1240.376953	1445.178955
1243.908203	1423.37915
1247.4375	1441.465698
1250.964844	1487.581421
1254.492188	1469.274414
1258.017578	1443.241455
1261.541016	1462.065552
1265.064453	1466.172974
1268.583984	1435.894775
1272.103516	1434.377197
1275.623047	1445.500854
1279.138672	1445.390503
1282.654297	1426.299927
1286.167969	1486.660034
1289.679688	1453.499268
1293.191406	1508.99231
1296.701172	1544.111328
1300.208984	1560.23999
1303.714844	1551.717529
1307.220703	1559.401978
1310.722656	1586.8396
1314.226563	1603.716064
1317.726563	1570.491333
1321.226563	1562.659668
1324.724609	1561.178833
1328.220703	1564.643311
1331.714844	1577.30127
1335.208984	1588.554443
1338.701172	1599.816406
1342.191406	1572.154907
1345.681641	1523.226074
1349.169922	1504.01123
1352.65625	1547.856812
1356.140625	1494.602783
1359.625	1490.956299
1363.107422	1505.755737
1366.587891	1468.035645
1370.068359	1497.75061
1373.544922	1509.017456
1377.021484	1482.623413
1380.498047	1490.337402
1383.970703	1505.17041
1387.443359	1465.220703
1390.914063	1513.514526
1394.384766	1516.97876
1397.851563	1509.758301
1401.318359	1455.488281
1404.785156	1481.750122
1408.248047	1492.339233
1411.710938	1527.914063
1415.171875	1484.27063
1418.630859	1487.730225
1422.089844	1539.779175
1425.546875	1523.963623
1429.001953	1538.883911
1432.457031	1561.685059
1435.908203	1602.39624
1439.361328	1614.501465
1442.810547	1639.508667
1446.257813	1659.519897
1449.705078	1693.883667
1453.152344	1679.510132
1456.595703	1665.124634
1460.039063	1696.660278
1463.480469	1625.547363
1466.919922	1634.106445
1470.359375	1623.989014
1473.796875	1616.738525
1477.232422	1585.030151
1480.666016	1591.426758
1484.099609	1546.726318
1487.53125	1524.310425
1490.962891	1518.443481
1494.390625	1457.804565
1497.818359	1471.369751
1501.246094	1506.581421
1504.669922	1494.924316
1508.09375	1483.979248
1511.515625	1467.248413
1514.935547	1486.621826
1518.355469	1495.893311
1521.773438	1463.240967
1525.189453	1482.635132
1528.605469	1495.532715
1532.019531	1478.039917
1535.431641	1506.151611
1538.841797	1539.356445
1542.251953	1490.697144
1545.660156	1584.820557
1549.068359	1582.557373
1552.472656	1555.622559
1555.876953	1634.641602
1559.28125	1623.680664
1562.681641	1594.549316
1566.082031	1623.533203
1569.480469	1655.44812
1572.878906	1691.024902
1576.273438	1634.950439
1579.667969	1634.879272
1583.0625	1634.079468
1586.453125	1601.953491
1589.84375	1585.834473
1593.234375	1581.367432
1596.621094	1629.410889
1600.007813	1645.387451
1603.392578	1628.528442
1606.777344	1624.799927
1610.160156	1678.050171
1613.541016	1613.678589
1616.919922	1603.358276
1620.298828	1617.166138
1623.675781	1645.618896
1627.050781	1630.905762
1630.425781	1594.943848
1633.798828	1561.150391
1637.169922	1628.467529
1640.541016	1640.849854
1643.910156	1693.58252
1647.277344	1685.45459
1650.642578	1737.512329
1654.007813	1708.098389
1657.371094	1744.043945
1660.734375	1771.198364
1664.09375	1696.912354
1667.453125	1718.184692
1670.8125	1728.436279
1674.167969	1739.431641
1677.523438	1715.824463
1680.878906	1694.408081
1684.230469	1664.130249
1687.582031	1638.251465
1690.933594	1583.58606
1694.28125	1588.644531
1697.628906	1567.870728
1700.974609	1553.726196
1704.320313	1546.95752
1707.664063	1523.92395
1711.005859	1539.317627
1714.345703	1493.333008
1717.685547	1530.184082
1721.023438	1522.650391
1724.361328	1514.369873
1727.695313	1519.416992
1731.03125	1502.975586
1734.363281	1480.589355
1737.695313	1490.078247
1741.025391	1512.930176
1744.353516	1510.562012
1747.681641	1500.023193
1751.007813	1527.362427
1754.332031	1510.875732
1757.65625	1515.192749
1760.978516	1498.687378
1764.298828	1469.519531
1767.619141	1546.770996
1770.9375	1512.385742
1774.253906	1522.669556
1777.570313	1487.501465
1780.884766	1494.800781
1784.197266	1584.146851
1787.509766	1551.944702
1790.818359	1523.448853
1794.128906	1525.54541
1797.435547	1547.065552
1800.742188	1520.774658
1804.048828	1497.452881
1807.351563	1510.011597
1810.654297	1485.170044
1813.955078	1479.769287
1817.255859	1524.532715
1820.554688	1578.320068
1823.851563	1522.740112
1827.148438	1522.591919
1830.443359	1537.442749
1833.736328	1466.774292
1837.027344	1516.890503
1840.318359	1546.772583
1843.609375	1555.64563
1846.896484	1497.645874
1850.183594	1532.817017
1853.46875	1534.17334
1856.753906	1537.035156
1860.037109	1554.95166
1863.318359	1558.57605
1866.599609	1559.189941
1869.878906	1544.733398
1873.15625	1568.710205
1876.433594	1552.737061
1879.708984	1573.717407
1882.982422	1540.374512
1886.255859	1592.321289
1889.527344	1534.033325
1892.796875	1523.30249
1896.066406	1535.239868
1899.333984	1534.330811
1902.599609	1519.047241
1905.865234	1512.07605
1909.128906	1580.808228
1912.390625	1526.896851
1915.652344	1573.71521
1918.912109	1525.821899
1922.169922	1535.519897
1925.427734	1563.431152
1928.683594	1539.760376
1931.939453	1522.903076
1935.191406	1523.500122
1938.445313	1568.923584
1941.695313	1550.536743
1944.945313	1521.48999
1948.193359	1509.154663
1951.441406	1534.8573
1954.6875	1599.403931
1957.931641	1538.343872
1961.173828	1524.470581
1964.416016	1593.660767
1967.658203	1537.862793
1970.896484	1555.244629
1974.134766	1558.904785
1977.373047	1578.597778
1980.607422	1533.396118
1983.84375	1576.011963
1987.076172	1547.586426
1990.308594	1562.717041
1993.539063	1548.795166
1996.767578	1563.937378
1999.996094	1561.485962
2003.222656	1590.427246
2006.449219	1589.515625
2009.673828	1614.658081
2012.896484	1583.855713
2016.119141	1580.63855
2019.339844	1565.1427
2022.558594	1566.52002
2025.777344	1570.201538
2028.994141	1553.914307
2032.208984	1599.856323
2035.423828	1546.668579
2038.636719	1589.56665
2041.847656	1610.956787
2045.058594	1605.426514
2048.267578	1574.484131
2051.476563	1587.4198
2054.683594	1543.346924
2057.888672	1578.633423
2061.09375	1580.017944
2064.296875	1584.48877
2067.498047	1543.431519
2070.699219	1563.331177
2073.898438	1609.504639
2077.097656	1565.317627
2080.292969	1582.929077
2083.490234	1601.327148
2086.683594	1581.836792
2089.876953	1592.509766
2093.068359	1596.223511
2096.259766	1599.939819
2099.449219	1609.856323
2102.636719	1596.529785
2105.824219	1568.461426
2109.009766	1569.068726
2112.195313	1590.625854
2115.378906	1618.409058
2118.560547	1612.82312
2121.742188	1594.803467
2124.921875	1565.889893
2128.099609	1611.585571
2131.277344	1654.983032
2134.453125	1616.721802
2137.626953	1610.341675
2140.800781	1596.169922
2143.972656	1567.1875
2147.144531	1620.000488
2150.314453	1579.311157
2153.482422	1595.517212
2156.650391	1604.714233
2159.816406	1567.092529
2162.980469	1567.696899
2166.144531	1597.980469
2169.306641	1618.911011
2172.46875	1601.557495
2175.628906	1584.190186
2178.787109	1599.662964
2181.945313	1582.280762
2185.101563	1600.112427
2188.255859	1617.174316
2191.410156	1602.911377
2194.564453	1599.609497
2197.714844	1609.633423
2200.865234	1631.429688
2204.013672	1589.686279
2207.162109	1603.641479
2210.308594	1561.069336
2213.455078	1585.235718
2216.599609	1594.489014
2219.742188	1613.969116
2222.884766	1568.974487
2226.025391	1587.672241
2229.164063	1562.308716
2232.302734	1586.529053
2235.439453	1587.925293
2238.576172	1627.144531
2241.710938	1585.202148
2244.84375	1613.40979
2247.976563	1595.095337
2251.107422	1655.683594
2254.236328	1612.896851
2257.365234	1626.940796
2260.492188	1620.453003
2263.619141	1542.825562
2266.744141	1592.438599
2269.867188	1625.478394
2272.990234	1614.230835
2276.111328	1614.848267
2279.232422	1588.541382
2282.351563	1635.096069
2285.46875	1603.228516
2288.585938	1575.300171
2291.701172	1628.24707
2294.816406	1592.37207
2297.929688	1612.029297
2301.041016	1579.296021
2304.152344	1634.706787
2307.261719	1597.188721
2310.369141	1592.233521
2313.476563	1582.502808
2316.583984	1602.994507
2319.6875	1659.314087
2322.791016	1671.88855
2325.894531	1732.258667
2328.996094	1748.056641
2332.095703	1714.449341
2335.195313	1620.217407
2338.292969	1655.133423
2341.388672	1594.320557
2344.484375	1615.682007
2347.578125	1601.922485
2350.671875	1624.900024
2353.763672	1615.128662
2356.853516	1622.937866
2359.943359	1612.357788
2363.03125	1550.563843
2366.119141	1638.395142
2369.205078	1658.234009
2372.289063	1630.027832
2375.373047	1642.666016
2378.457031	1672.147217
2381.537109	1670.375977
2384.617188	1657.371948
2387.697266	1655.593018
2390.773438	1621.699341
2393.851563	1607.054688
2396.925781	1618.911743
2400	1614.702759
2403.074219	1613.706299
2406.146484	1617.53479
2409.216797	1637.45874
2412.286133	1629.224121
2415.355469	1652.387817
2418.421875	1626.429443
2421.488281	1661.697021
2424.553711	1635.72168
2427.617188	1654.082642
2430.679688	1620.016235
2433.741211	1642.4198
2436.801758	1644.655029
2439.861328	1657.391724
2442.918945	1612.769531
2445.976563	1646.518921
2449.032227	1643.09729
2452.086914	1659.086792
2455.140625	1649.192749
2458.192383	1635.243408
2461.243164	1677.971191
2464.293945	1639.717285
2467.342773	1665.458984
2470.390625	1600.415894
2473.436523	1640.760498
2476.482422	1677.889526
2479.526367	1643.619751
2482.569336	1618.255493
2485.611328	1627.799561
2488.652344	1631.662354
2491.692383	1595.696289
2494.730469	1705.26416
2497.768555	1642.452515
2500.804688	1686.201416
2503.839844	1612.751221
2506.873047	1633.717529
2509.90625	1656.328613
2512.938477	1617.829346
2515.96875	1639.635498
2518.998047	1710.395874
2522.026367	1702.062378
2525.053711	1659.439575
2528.079102	1660.87854
2531.104492	1693.359131
2534.12793	1716.057495
2537.150391	1648.032715
2540.171875	1691.174927
2543.192383	1686.900024
2546.211914	1649.88562
2549.230469	1663.602661
2552.24707	1674.872559
2555.262695	1679.595947
2558.277344	1636.784546
2561.291016	1661.994629
2564.303711	1702.807739
2567.31543	1720.675781
2570.325195	1725.423218
2573.333984	1699.791138
2576.341797	1705.35498
2579.348633	1684.625977
2582.354492	1677.034302
2585.359375	1687.529053
2588.363281	1698.03125
2591.365234	1721.70874
2594.366211	1756.106567
2597.366211	1701.579712
2600.365234	1645.363892
2603.363281	1646.801514
2606.360352	1681.221069
2609.355469	1657.927124
2612.350586	1679.998657
2615.34375	1705.387939
2618.335938	1724.189697
2621.327148	1732.266113
2624.317383	1736.216309
2627.306641	1666.594238
2630.293945	1687.062012
2633.280273	1706.717163
2636.266602	1704.868896
2639.250977	1725.372559
2642.234375	1663.06897
2645.216797	1711.741455
2648.197266	1686.68335
2651.177734	1679.847412
2654.157227	1701.207275
2657.134766	1688.5625
2660.111328	1732.352661
2663.086914	1753.754761
2666.061523	1720.347046
2669.035156	1730.956909
2672.007813	1697.515259
2674.978516	1709.786865
2677.949219	1722.899048
2680.917969	1689.416016
2683.885742	1784.11792
2686.852539	1700.661499
2689.818359	1717.120728
2692.783203	1732.758423
2695.74707	1750.908569
2698.708984	1715.690918
2701.670898	1758.878906
2704.630859	1746.174072
2707.589844	1731.789429
2710.547852	1785.889038
2713.504883	1767.329468
2716.460938	1789.716187
2719.416016	1748.565308
2722.369141	1762.595459
2725.322266	1782.493408
2728.273438	1842.589478
2731.223633	1804.745483
2734.173828	1748.442139
2737.12207	1770.038818
2740.069336	1840.278076
2743.014648	1827.536865
2745.959961	1803.039673
2748.904297	1721.450073
2751.84668	1764.06543
2754.788086	1817.631104
2757.729492	1773.766724
2760.668945	1776.100464
2763.607422	1788.525879
2766.544922	1838.812988
2769.481445	1809.195435
2772.416016	1781.23938
2775.350586	1780.209717
2778.28418	1765.700195
2781.21582	1776.461304
2784.146484	1777.113525
2787.077148	1771.019165
2790.005859	1797.822266
2792.933594	1753.751953
2795.860352	1781.411865
2798.785156	1761.795166
2801.709961	1741.318726
2804.633789	1818.024902
2807.555664	1789.098267
2810.477539	1771.991455
2813.397461	1802.254883
2816.316406	1806.300537
2819.234375	1823.049927
2822.151367	1799.152344
2825.067383	1802.352661
2827.982422	1802.164185
2830.896484	1812.151001
2833.80957	1881.525635
2836.720703	1886.456299
2839.631836	1909.217407
2842.541016	1942.185547
2845.450195	2031.246826
2848.357422	2105.075439
2851.263672	2210.41333
2854.168945	2203.565674
2857.073242	2232.445313
2859.976563	2369.433838
2862.878906	2331.133301
2865.779297	2494.659912
2868.679688	2467.452393
2871.579102	2624.327881
2874.476563	2667.063232
2877.374023	2706.417236
2880.269531	2686.071045
2883.164063	2713.509277
2886.057617	2733.282227
2888.950195	2773.569336
2891.841797	2781.414063
2894.732422	2798.666748
2897.62207	2783.436768
2900.510742	2887.956055
2903.398438	2890.716797
2906.28418	2979.084473
2909.169922	3000.719238
2912.053711	3025.79541
2914.9375	3173.439209
2917.819336	3215.740967
2920.700195	3300.095947
2923.581055	3332.177734
2926.459961	3383.163574
2929.337891	3486.556641
2932.214844	3511.86792
2935.09082	3524.309326
2937.96582	3528.164063
2940.838867	3415.948975
2943.711914	3418.905518
2946.583984	3287.63916
2949.454102	3089.140381
2952.324219	3019.652588
2955.193359	2930.302979
2958.060547	2914.990723
2960.926758	2915.182129
2963.792969	2878.294922
2966.657227	2856.044678
2969.520508	2840.680664
2972.382813	2755.384521
2975.244141	2734.790771
2978.104492	2653.712891
2980.963867	2601.092773
2983.822266	2575.232422
2986.679688	2483.629883
2989.536133	2450.786621
2992.390625	2374.649414
2995.245117	2330.488037
2998.098633	2292.356201
3000.950195	2176.226807
3003.801758	2143.210938
3006.651367	2095.432617
3009.500977	2071.902832
3012.348633	2075.250732
3015.195313	1944.077271
3018.041992	1959.535522
3020.886719	1899.443604
3023.730469	1950.517944
3026.573242	1875.603394
3029.415039	1916.271606
3032.255859	1835.20166
3035.095703	1868.052979
3037.93457	1854.796997
3040.772461	1891.161011
3043.609375	1917.969482
3046.445313	1860.278198
3049.280273	1858.329956
3052.114258	1899.977417
3054.946289	1871.000977
3057.77832	1923.152832
3060.609375	2001.528198
3063.438477	1915.797852
3066.267578	1933.953491
3069.094727	1959.986084
3071.921875	1885.51123
3074.74707	1916.791016
3077.572266	1876.362305
3080.395508	1887.533569
3083.21875	1910.092407
3086.040039	1900.266113
3088.860352	1845.755737
3091.679688	1874.456909
3094.499023	1826.910645
3097.316406	1862.640381
3100.132813	1822.073242
3102.948242	1827.988281
3105.762695	1834.784912
3108.576172	1845.098877
3111.388672	1836.092529
3114.201172	1846.413452
3117.011719	1827.729736
3119.821289	1847.728149
3122.629883	1837.828491
3125.436523	1830.561523
3128.243164	1831.212402
3131.048828	1822.175659
3133.853516	1851.896851
3136.657227	1817.301758
3139.459961	1802.959351
3142.261719	1800.953735
3145.0625	1780.418579
3147.861328	1751.925293
3150.660156	1777.267944
3153.458008	1839.723022
3156.254883	1801.500488
3159.049805	1845.447021
3161.844727	1815.155884
3164.638672	1777.767212
3167.430664	1796.092407
3170.222656	1767.520508
3173.013672	1784.968872
3175.802734	1831.657715
3178.591797	1736.614746
3181.379883	1769.137329
3184.166016	1782.176147
3186.952148	1793.449707
3189.737305	1793.196289
3192.520508	1802.705811
3195.303711	1803.342529
3198.084961	1786.214844
3200.866211	1783.550171
