399.363281	985.1745
403.25	967.797729
407.134766	982.849182
411.017578	995.367676
414.898438	977.971802
418.777344	931.259583
422.654297	917.006531
426.53125	926.329346
430.404297	920.99054
434.277344	938.617676
438.148438	953.706421
442.017578	924.103516
445.884766	927.059204
449.751953	924.264404
453.615234	941.92981
457.478516	907.79126
461.339844	938.264587
465.199219	914.97937
469.056641	927.545654
472.912109	922.178833
476.765625	884.109741
480.619141	930.672424
484.470703	909.898865
488.320313	917.995056
492.167969	944.722717
496.013672	913.6474
499.857422	921.754883
503.699219	948.517944
507.541016	932.843323
511.380859	941.612427
515.21875	952.964355
519.054688	948.865662
522.888672	910.6073
526.720703	921.315002
530.552734	941.061707
534.380859	962.115723
538.208984	932.833923
542.035156	915.151672
545.859375	911.0224
549.683594	917.231567
553.503906	915.039124
557.324219	908.96283
561.140625	887.347595
564.957031	881.253601
568.773438	899.122131
572.585938	905.340637
576.396484	871.367188
580.207031	885.362
584.015625	866.923767
587.820313	864.049683
591.626953	895.593811
595.429688	917.418701
599.230469	878.81134
603.03125	873.985535
606.828125	863.950806
610.625	872.130859
614.419922	886.177734
618.214844	887.859802
622.005859	899.318237
625.796875	887.967651
629.583984	890.95636
633.371094	901.125
637.15625	902.162964
640.941406	906.466919
644.722656	902.280701
648.503906	927.504089
652.283203	910.244568
656.060547	911.287354
659.835938	890.078735
663.609375	897.660767
667.382813	929.485046
671.152344	926.604919
674.921875	937.48938
678.689453	933.297974
682.455078	940.913269
686.220703	929.498535
689.982422	941.058411
693.744141	904.66803
697.503906	934.630066
701.261719	976.453186
705.017578	946.608765
708.773438	931.21698
712.525391	969.14093
716.277344	959.673035
720.027344	981.167236
723.775391	996.746338
727.523438	985.298828
731.267578	964.604248
735.011719	943.891907
738.753906	985.894348
742.494141	1000.846558
746.232422	1018.454834
749.970703	1008.307983
753.707031	971.693604
757.439453	1016.442688
761.171875	1019.521729
764.904297	1023.927673
768.632813	1001.833557
772.361328	975.743225
776.087891	1061.702881
779.8125	1058.171875
783.535156	1055.30127
787.255859	1055.747925
790.976563	1027.630859
794.695313	1030.059204
798.412109	1033.154175
802.126953	1057.535278
805.839844	1109.217896
809.552734	1071.743042
813.263672	1055.546875
816.972656	1085.973633
820.679688	1083.766113
824.384766	1059.55188
828.089844	1056.663696
831.791016	1067.120117
835.492188	1045.537964
839.193359	1063.345215
842.890625	1083.839966
846.587891	1057.557129
850.28125	1070.709595
853.974609	1059.786865
857.666016	1052.870605
861.357422	1107.553345
865.044922	1041.699341
868.732422	1048.839722
872.417969	1037.883179
876.101563	1054.417847
879.785156	1058.887695
883.464844	1054.633789
887.144531	1073.881958
890.822266	1062.911499
894.5	1057.980835
898.173828	1026.820557
901.847656	1056.851807
905.519531	1039.797485
909.189453	1059.759521
912.857422	1050.774292
916.523438	1031.673462
920.189453	1024.690796
923.853516	1037.260254
927.515625	1031.622925
931.177734	1026.655518
934.835938	1061.524658
938.494141	1024.814087
942.150391	1036.056763
945.804688	994.57135
949.458984	1027.4552
953.109375	1021.795166
956.759766	1041.177979
960.408203	1023.327881
964.056641	1026.466064
967.701172	1015.372559
971.345703	1038.852661
974.988281	1023.684021
978.628906	1030.219971
982.267578	1006.20813
985.90625	1002.55304
989.542969	1046.46106
993.177734	1072.730591
996.810547	1033.733398
1000.443359	1121.932739
1004.074219	1129.207397
1007.703125	1083.374634
1011.330078	1030.009766
1014.955078	1037.254395
1018.580078	1013.142273
1022.203125	1012.882446
1025.824219	1027.634033
1029.443359	1051.954712
1033.0625	1041.465942
1036.679688	1058.97998
1040.294922	1040.966309
1043.908203	1024.98877
1047.519531	1019.258667
1051.130859	1051.162842
1054.740234	1062.554199
1058.347656	1050.667358
1061.953125	1053.15979
1065.558594	1087.186401
1069.162109	1070.493774
1072.763672	1067.508179
1076.363281	1041.184082
1079.962891	1072.514648
1083.560547	1077.081421
1087.15625	1107.765137
1090.75	1090.35022
1094.34375	1073.608276
1097.933594	1082.310181
1101.523438	1094.460693
1105.113281	1077.01001
1108.699219	1058.855835
1112.285156	1071.700073
1115.869141	1076.970337
1119.451172	1072.588013
1123.03125	1070.961914
1126.611328	1076.927856
1130.189453	1075.301758
1133.765625	1058.473877
1137.341797	1029.190308
1140.914063	1008.179932
1144.486328	1029.349854
1148.056641	1010.397827
1151.626953	1059.971436
1155.193359	1057.638916
1158.759766	1043.524658
1162.324219	1050.887573
1165.888672	1096.397827
1169.449219	1074.64978
1173.009766	1105.631714
1176.568359	1085.951904
1180.125	1089.178345
1183.681641	1080.593628
1187.236328	1090.076782
1190.789063	1086.353149
1194.339844	1091.671265
1197.890625	1099.77771
1201.439453	1122.513916
1204.986328	1118.796387
1208.53125	1152.012329
1212.076172	1165.036255
1215.619141	1177.373169
1219.160156	1197.395508
1222.699219	1213.245483
1226.238281	1242.377075
1229.775391	1215.640747
1233.310547	1214.742554
1236.84375	1267.683105
1240.376953	1277.297607
1243.908203	1249.830444
1247.4375	1262.245117
1250.964844	1248.755981
1254.492188	1298.314453
1258.017578	1279.921753
1261.541016	1279.044434
1265.064453	1248.702271
1268.583984	1263.250488
1272.103516	1214.621826
1275.623047	1275.524536
1279.138672	1243.724487
1282.654297	1256.887207
1286.167969	1271.467041
1289.679688	1319.12439
1293.191406	1318.960693
1296.701172	1329.358032
1300.208984	1351.738403
1303.714844	1348.063354
1307.220703	1386.68335
1310.722656	1340.703125
1314.226563	1370.178833
1317.726563	1368.62146
1321.226563	1374.829712
1324.724609	1387.400513
1328.220703	1394.327637
1331.714844	1421.055786
1335.208984	1417.392334
1338.701172	1420.093628
1342.191406	1399.437378
1345.681641	1385.137207
1349.169922	1408.372192
1352.65625	1339.491455
1356.140625	1367.689209
1359.625	1317.886108
1363.107422	1347.516602
1366.587891	1313.281372
1370.068359	1337.962158
1373.544922	1332.112915
1377.021484	1281.481323
1380.498047	1312.577637
1383.970703	1308.843872
1387.443359	1342.822388
1390.914063	1312.756714
1394.384766	1308.305176
1397.851563	1319.524414
1401.318359	1308.656494
1404.785156	1317.031982
1408.248047	1319.707275
1411.710938	1330.947998
1415.171875	1310.784424
1418.630859	1309.17395
1422.089844	1329.711914
1425.546875	1322.388672
1429.001953	1334.366821
1432.457031	1380.692749
1435.908203	1409.164063
1439.361328	1431.214355
1442.810547	1443.254639
1446.257813	1489.698486
1449.705078	1522.559814
1453.152344	1469.39209
1456.595703	1495.096802
1460.039063	1492.11377
1463.480469	1475.48584
1466.919922	1412.155273
1470.359375	1393.325073
1473.796875	1395.326538
1477.232422	1407.397461
1480.666016	1405.808228
1484.099609	1376.867065
1487.53125	1375.983521
1490.962891	1304.507202
1494.390625	1333.138184
1497.818359	1291.864136
1501.246094	1272.913452
1504.669922	1299.400879
1508.09375	1286.93335
1511.515625	1319.223877
1514.935547	1282.915527
1518.355469	1313.06189
1521.773438	1296.963623
1525.189453	1291.700684
1528.605469	1336.356445
1532.019531	1324.590088
1535.431641	1341.77832
1538.841797	1298.130249
1542.251953	1339.23584
1545.660156	1401.398926
1549.068359	1421.545532
1552.472656	1413.410767
1555.876953	1421.963989
1559.28125	1396.394409
1562.681641	1413.664185
1566.082031	1434.581299
1569.480469	1443.155273
1572.878906	1441.553345
1576.273438	1475.602783
1579.667969	1441.983887
1583.0625	1454.214233
1586.453125	1485.394775
1589.84375	1384.690063
1593.234375	1413.67981
1596.621094	1448.527344
1600.007813	1476.105957
1603.392578	1437.280396
1606.777344	1448.0802
1610.160156	1394.600708
1613.541016	1433.162964
1616.919922	1442.510742
1620.298828	1401.397705
1623.675781	1421.71521
1627.050781	1429.604614
1630.425781	1413.333984
1633.798828	1396.317505
1637.169922	1407.869507
1640.541016	1447.291138
1643.910156	1462.539429
1647.277344	1424.234741
1650.642578	1469.581665
1654.007813	1492.199463
1657.371094	1529.527954
1660.734375	1519.11499
1664.09375	1502.076172
1667.453125	1514.444458
1670.8125	1506.955078
1674.167969	1471.487061
1677.523438	1432.30835
1680.878906	1397.518311
1684.230469	1465.879028
1687.582031	1400.107788
1690.933594	1377.063477
1694.28125	1361.37915
1697.628906	1353.063599
1700.974609	1365.418091
1704.320313	1323.852783
1707.664063	1299.252319
1711.005859	1293.115479
1714.345703	1296.588745
1717.685547	1307.463867
1721.023438	1287.25769
1724.361328	1270.737671
1727.695313	1254.945068
1731.03125	1268.042969
1734.363281	1265.581421
1737.695313	1255.700562
1741.025391	1277.717407
1744.353516	1241.110474
1747.681641	1276.504883
1751.007813	1257.696777
1754.332031	1281.977661
1757.65625	1249.773804
1760.978516	1264.401245
1764.298828	1251.509766
1767.619141	1275.081177
1770.9375	1272.608154
1774.253906	1247.784546
1777.570313	1234.864746
1780.884766	1281.577271
1784.197266	1272.38916
1787.509766	1256.478394
1790.818359	1272.650757
1794.128906	1270.914429
1797.435547	1277.393555
1800.742188	1294.339844
1804.048828	1264.200073
1807.351563	1272.179199
1810.654297	1282.408813
1813.955078	1251.479126
1817.255859	1254.220215
1820.554688	1276.439209
1823.851563	1257.459595
1827.148438	1256.457031
1830.443359	1285.452148
1833.736328	1280.707764
1837.027344	1278.21106
1840.318359	1254.687866
1843.609375	1250.676025
1846.896484	1273.712891
1850.183594	1249.407471
1853.46875	1295.022827
1856.753906	1244.374023
1860.037109	1266.690918
1863.318359	1292.036865
1866.599609	1278.987671
1869.878906	1256.131958
1873.15625	1284.518188
1876.433594	1293.319092
1879.708984	1242.527588
1882.982422	1277.733398
1886.255859	1300.886475
1889.527344	1290.82373
1892.796875	1270.174316
1896.066406	1245.72876
1899.333984	1321.838501
1902.599609	1290.584961
1905.865234	1322.120483
1909.128906	1301.441162
1912.390625	1304.224365
1915.652344	1319.890137
1918.912109	1293.120728
1922.169922	1259.505493
1925.427734	1259.240967
1928.683594	1290.848877
1931.939453	1279.208252
1935.191406	1284.266602
1938.445313	1272.613647
1941.695313	1301.234741
1944.945313	1308.587769
1948.193359	1292.365845
1951.441406	1282.97937
1954.6875	1281.959106
1957.931641	1306.069214
1961.173828	1292.866821
1964.416016	1335.291016
1967.658203	1287.778931
1970.896484	1289.808105
1974.134766	1303.284058
1977.373047	1259.519531
1980.607422	1288.266479
1983.84375	1330.022705
1987.076172	1351.940918
1990.308594	1374.640503
1993.539063	1298.693481
1996.767578	1316.798462
1999.996094	1312.719727
2003.222656	1308.637573
2006.449219	1304.55188
2009.673828	1318.088135
2012.896484	1301.736206
2016.119141	1276.935059
2019.339844	1298.147827
2022.558594	1307.096313
2025.777344	1323.729858
2028.994141	1292.752319
2032.208984	1301.708252
2035.423828	1320.664307
2038.636719	1298.107666
2041.847656	1317.076416
2045.058594	1290.6521
2048.267578	1342.738525
2051.476563	1299.358154
2054.683594	1336.077637
2057.888672	1333.513672
2061.09375	1300.102661
2064.296875	1326.064331
2067.498047	1386.001465
2070.699219	1312.426147
2073.898438	1319.114136
2077.097656	1318.853516
2080.292969	1320.138184
2083.490234	1341.5271
2086.683594	1311.106812
2089.876953	1335.603394
2093.068359	1355.473999
2096.259766	1312.632202
2099.449219	1313.915527
2102.636719	1335.349854
2105.824219	1302.528564
2109.009766	1300.706055
2112.195313	1351.644043
2115.378906	1318.013672
2118.560547	1317.747192
2121.742188	1322.140991
2124.921875	1335.086304
2128.099609	1309.947754
2131.277344	1344.673706
2134.453125	1323.408936
2137.626953	1352.71814
2140.800781	1321.317261
2143.972656	1343.637329
2147.144531	1348.052368
2150.314453	1322.06897
2153.482422	1313.221436
2156.650391	1339.472168
2159.816406	1333.745483
2162.980469	1323.329834
2166.144531	1380.85498
2169.306641	1321.225098
2172.46875	1316.262939
2175.628906	1315.988281
2178.787109	1317.277466
2181.945313	1370.99707
2185.101563	1336.297363
2188.255859	1338.378174
2191.410156	1340.460083
2194.564453	1366.055542
2197.714844	1295.233521
2200.865234	1342.792114
2204.013672	1321.338501
2207.162109	1343.039917
2210.308594	1335.703735
2213.455078	1362.140015
2216.599609	1295.866089
2219.742188	1333.312988
2222.884766	1325.17395
2226.025391	1328.042969
2229.164063	1318.320923
2232.302734	1324.338379
2235.439453	1347.688599
2238.576172	1334.022217
2241.710938	1336.110229
2244.84375	1372.896606
2247.976563	1311.890869
2251.107422	1316.339478
2254.236328	1341.317505
2257.365234	1344.990356
2260.492188	1358.146606
2263.619141	1367.36084
2266.744141	1323.605835
2269.867188	1328.858276
2272.990234	1361.018188
2276.111328	1318.792725
2279.232422	1374.729736
2282.351563	1335.645386
2285.46875	1338.533325
2288.585938	1352.522461
2291.701172	1364.1427
2294.816406	1355.936157
2297.929688	1317.562012
2301.041016	1354.589722
2304.152344	1363.049927
2307.261719	1354.829224
2310.369141	1358.525757
2313.476563	1378.924561
2316.583984	1336.491699
2319.6875	1350.530396
2322.791016	1343.08374
2325.894531	1466.247437
2328.996094	1442.106934
2332.095703	1460.191162
2335.195313	1369.849243
2338.292969	1350.429321
2341.388672	1350.145264
2344.484375	1384.186035
2347.578125	1332.805786
2350.671875	1297.363647
2353.763672	1345.807251
2356.853516	1350.316284
2359.943359	1360.42688
2363.03125	1325.740112
2366.119141	1332.646729
2369.205078	1317.139038
2372.289063	1312.83313
2375.373047	1326.152344
2378.457031	1352.307007
2381.537109	1393.717407
2384.617188	1342.904541
2387.697266	1350.636475
2390.773438	1357.571167
2393.851563	1390.210693
2396.925781	1336.907837
2400	1340.629272
2403.074219	1375.710815
2406.146484	1364.970947
2409.216797	1314.794922
2412.286133	1355.540283
2415.355469	1375.379395
2418.421875	1346.093994
2421.488281	1372.390869
2424.553711	1396.288818
2427.617188	1375.04187
2430.679688	1356.198853
2433.741211	1362.360962
2436.801758	1326.543091
2439.861328	1365.813477
2442.918945	1376.833252
2445.976563	1341.787598
2449.032227	1385.959106
2452.086914	1410.749512
2455.140625	1345.734863
2458.192383	1398.052124
2461.243164	1366.99585
2464.293945	1365.080811
2467.342773	1373.699707
2470.390625	1380.703369
2473.436523	1411.232422
2476.482422	1373.630127
2479.526367	1340.057373
2482.569336	1381.97229
2485.611328	1344.315552
2488.652344	1361.885498
2491.692383	1377.842651
2494.730469	1406.822632
2497.768555	1371.557617
2500.804688	1409.508179
2503.839844	1402.710938
2506.873047	1386.135254
2509.90625	1369.546753
2512.938477	1371.691162
2515.96875	1378.72876
2518.998047	1401.268555
2522.026367	1397.714722
2525.053711	1373.751465
2528.079102	1373.450195
2531.104492	1400.10498
2534.12793	1382.6521
2537.150391	1366.003296
2540.171875	1377.146362
2543.192383	1412.021973
2546.211914	1374.904663
2549.230469	1368.869873
2552.24707	1391.495605
2555.262695	1389.558472
2558.277344	1382.701782
2561.291016	1384.858887
2564.303711	1393.579102
2567.31543	1362.919678
2570.325195	1384.771118
2573.333984	1386.109863
2576.341797	1384.16333
2579.348633	1406.046387
2582.354492	1391.774048
2585.359375	1405.451782
2588.363281	1400.217651
2591.365234	1404.855103
2594.366211	1348.571289
2597.366211	1382.842285
2600.365234	1418.786499
2603.363281	1428.381836
2606.360352	1453.650146
2609.355469	1407.176025
2612.350586	1434.930054
2615.34375	1432.16272
2618.335938	1422.786743
2621.327148	1405.968994
2624.317383	1448.637451
2627.306641	1410.322266
2630.293945	1423.251831
2633.280273	1437.845093
2636.266602	1416.861938
2639.250977	1438.086426
2642.234375	1434.479736
2645.216797	1449.92627
2648.197266	1386.644287
2651.177734	1434.420532
2654.157227	1453.200928
2657.134766	1444.612915
2660.111328	1437.678345
2663.086914	1382.576538
2666.061523	1443.729248
2669.035156	1458.391357
2672.007813	1452.281616
2674.978516	1442.840576
2677.949219	1441.711304
2680.917969	1478.863159
2683.885742	1452.769775
2686.852539	1440.815063
2689.818359	1461.343872
2692.783203	1459.384277
2695.74707	1460.757935
2698.708984	1508.00647
2701.670898	1458.501099
2704.630859	1446.519897
2707.589844	1499.659424
2710.547852	1475.989624
2713.504883	1505.781494
2716.460938	1531.415283
2719.416016	1498.531372
2722.369141	1527.526978
2725.322266	1493.779785
2728.273438	1533.677368
2731.223633	1519.168579
2734.173828	1504.648804
2737.12207	1529.507935
2740.069336	1503.243042
2743.014648	1498.764771
2745.959961	1501.833862
2748.904297	1506.583618
2751.84668	1521.411987
2754.788086	1512.732666
2757.729492	1478.839111
2760.668945	1513.846191
2763.607422	1502.630859
2766.544922	1535.989258
2769.481445	1516.358276
2772.416016	1537.960449
2775.350586	1491.367676
2778.28418	1523.927246
2781.21582	1462.96814
2784.146484	1482.89502
2787.077148	1518.859741
2790.005859	1492.420288
2792.933594	1509.003052
2795.860352	1511.245117
2798.785156	1488.995605
2801.709961	1453.211182
2804.633789	1479.944946
2807.555664	1520.226196
2810.477539	1524.166382
2813.397461	1536.570313
2816.316406	1498.196777
2819.234375	1537.695557
2822.151367	1530.634766
2825.067383	1521.026367
2827.982422	1503.781372
2830.896484	1546.730713
2833.80957	1557.475708
2836.720703	1556.347656
2839.631836	1625.678711
2842.541016	1747.71228
2845.450195	1767.040283
2848.357422	1865.418091
2851.263672	1962.16687
2854.168945	1953.52771
2857.073242	2003.585571
2859.976563	2003.46521
2862.878906	2100.404053
2865.779297	2147.161865
2868.679688	2232.294434
2871.579102	2295.328125
2874.476563	2331.122314
2877.374023	2393.383789
2880.269531	2367.803955
2883.164063	2363.544189
2886.057617	2466.016602
2888.950195	2416.516113
2891.841797	2424.230957
2894.732422	2487.513916
2897.62207	2561.10376
2900.510742	2533.804932
2903.398438	2598.906738
2906.28418	2625.532227
2909.169922	2668.447754
2912.053711	2746.517578
2914.9375	2779.223145
2917.819336	2946.548096
2920.700195	2970.772461
2923.581055	3008.740479
2926.459961	3061.325195
2929.337891	3091.625244
2932.214844	3130.535156
2935.09082	3111.908447
2937.96582	3206.71875
2940.838867	3165.749756
2943.711914	3088.626465
2946.583984	2928.84668
2949.454102	2761.204346
2952.324219	2682.126709
2955.193359	2624.524658
2958.060547	2574.635498
2960.926758	2545.396973
2963.792969	2548.903564
2966.657227	2474.778564
2969.520508	2465.317383
2972.382813	2429.089111
2975.244141	2362.610596
2978.104492	2349.641602
2980.963867	2301.232422
2983.822266	2271.806152
2986.679688	2225.0625
2989.536133	2111.67334
2992.390625	2101.184082
2995.245117	2021.429932
2998.098633	1940.751953
3000.950195	1897.2677
3003.801758	1866.751465
3006.651367	1831.010986
3009.500977	1781.368164
3012.348633	1711.734863
3015.195313	1721.897095
3018.041992	1663.478149
3020.886719	1654.522217
3023.730469	1633.395874
3026.573242	1630.505981
3029.415039	1605.877319
3032.255859	1597.756104
3035.095703	1600.069702
3037.93457	1564.957764
3040.772461	1578.57959
3043.609375	1593.081787
3046.445313	1590.167603
3049.280273	1594.223999
3052.114258	1608.746338
3054.946289	1674.742188
3057.77832	1624.732544
3060.609375	1658.483887
3063.438477	1638.993774
3066.267578	1693.737915
3069.094727	1677.741089
3071.921875	1657.361816
3074.74707	1643.963135
3077.572266	1565.822144
3080.395508	1548.005005
3083.21875	1538.928711
3086.040039	1552.61377
3088.860352	1587.33252
3091.679688	1580.012085
3094.499023	1558.659912
3097.316406	1513.614502
3100.132813	1522.049561
3102.948242	1577.001831
3105.762695	1526.646484
3108.576172	1560.562012
3111.388672	1530.369873
3114.201172	1511.580688
3117.011719	1491.898682
3119.821289	1494.188599
3122.629883	1516.714355
3125.436523	1535.735474
3128.243164	1538.042358
3131.048828	1500.718872
3133.853516	1487.156006
3136.657227	1567.885376
3139.459961	1499.674194
3142.261719	1531.957153
3145.0625	1513.091187
3147.861328	1523.336548
3150.660156	1544.183716
3153.458008	1528.833618
3156.254883	1520.540527
3159.049805	1495.448486
3161.844727	1484.484497
3164.638672	1536.309204
3167.430664	1509.425415
3170.222656	1476.326538
3173.013672	1534.400269
3175.802734	1494.200439
3178.591797	1490.299072
3181.379883	1508.552979
3184.166016	1541.005981
3186.952148	1499.863281
3189.737305	1521.68811
3192.520508	1475.183228
3195.303711	1468.600952
3198.084961	1519.748291
3200.866211	1505.536621
