399.363281	868.224792
403.25	891.493042
407.134766	873.431641
411.017578	885.266235
414.898438	886.286926
418.777344	840.171997
422.654297	857.104797
426.53125	824.324768
430.404297	838.075867
434.277344	798.239807
438.148438	804.969055
442.017578	793.822205
445.884766	805.666199
449.751953	843.726868
453.615234	798.690002
457.478516	841.258301
461.339844	804.501099
465.199219	829.820313
469.056641	815.445862
472.912109	815.798218
476.765625	815.50946
480.619141	829.331116
484.470703	801.455322
488.320313	820.417969
492.167969	790.587158
496.013672	794.140747
499.857422	789.983765
503.699219	811.545532
507.541016	800.315247
511.380859	830.910217
515.21875	831.268188
519.054688	850.307312
522.888672	844.229004
526.720703	820.737549
530.552734	808.190796
534.380859	806.602722
538.208984	836.645508
542.035156	824.734436
545.859375	819.274048
549.683594	802.173645
553.503906	811.571777
557.324219	835.210693
561.140625	796.73584
564.957031	794.488037
568.773438	796.772461
572.585938	782.857178
576.396484	773.468018
580.207031	760.178955
584.015625	770.887329
587.820313	769.919556
591.626953	772.847412
595.429688	749.788391
599.230469	722.809326
603.03125	745.228699
606.828125	727.332092
610.625	771.900879
614.419922	740.326294
618.214844	786.241211
622.005859	767.678894
625.796875	789.521912
629.583984	773.553589
633.371094	772.579285
637.15625	799.674133
640.941406	783.688965
644.722656	802.971008
648.503906	808.54303
652.283203	776.84668
656.060547	785.682739
659.835938	796.489624
663.609375	807.30542
667.382813	812.234985
671.152344	789.64563
674.921875	814.894653
678.689453	814.586121
682.455078	804.434937
686.220703	796.900574
689.982422	795.926575
693.744141	827.143799
697.503906	807.778015
701.261719	823.902893
705.017578	816.359619
708.773438	808.15155
712.525391	862.482727
716.277344	872.070801
720.027344	853.991089
723.775391	864.901611
727.523438	840.867493
731.267578	849.14209
735.011719	874.585144
738.753906	870.334045
742.494141	869.382263
746.232422	892.882874
749.970703	877.39325
753.707031	892.979126
757.439453	905.269226
761.171875	900.356812
764.904297	869.609985
768.632813	879.917297
772.361328	918.736511
776.087891	930.39917
779.8125	934.110291
783.535156	924.55011
787.255859	928.261353
790.976563	902.747498
794.695313	887.180054
798.412109	907.500305
802.126953	935.818909
805.839844	902.279236
809.552734	939.272888
813.263672	935.008057
816.972656	941.39917
820.679688	931.798889
824.384766	945.528381
828.089844	931.251648
831.791016	969.68457
835.492188	929.367065
839.193359	931.762878
842.890625	938.837952
846.587891	913.162476
850.28125	946.986145
853.974609	951.399536
857.666016	943.768311
861.357422	928.09491
865.044922	946.573059
868.732422	918.153625
872.417969	910.494446
876.101563	914.902039
879.785156	941.457153
883.464844	903.588257
887.144531	889.193054
890.822266	920.473267
894.5	916.827148
898.173828	898.383972
901.847656	883.288635
905.519531	917.309998
909.189453	894.130005
912.857422	895.852478
916.523438	922.508789
920.189453	881.773438
923.853516	887.538635
927.515625	912.200195
931.177734	887.608154
934.835938	888.655457
938.494141	894.432312
942.150391	882.641968
945.804688	891.125122
949.458984	913.143188
953.109375	875.631104
956.759766	877.351501
960.408203	894.649963
964.056641	878.763428
967.701172	895.398621
971.345703	875.429993
974.988281	854.765991
978.628906	869.375305
982.267578	879.243958
985.90625	883.007446
989.542969	921.429382
993.177734	913.656494
996.810547	918.118408
1000.443359	978.374329
1004.074219	1012.815369
1007.703125	901.563782
1011.330078	914.201843
1014.955078	888.004211
1018.580078	877.465759
1022.203125	879.877686
1025.824219	881.609009
1029.443359	907.916748
1033.0625	882.343628
1036.679688	886.810303
1040.294922	903.583374
1043.908203	901.908081
1047.519531	886.549866
1051.130859	893.07782
1054.740234	894.818481
1058.347656	891.080994
1061.953125	904.470337
1065.558594	904.160706
1069.162109	904.536377
1072.763672	917.26123
1076.363281	888.815674
1079.962891	944.115051
1083.560547	941.759277
1087.15625	944.898926
1090.75	941.166077
1094.34375	905.104675
1097.933594	904.791992
1101.523438	933.389099
1105.113281	906.919617
1108.699219	919.695862
1112.285156	900.09021
1115.869141	879.778564
1119.451172	931.875488
1123.03125	953.652893
1126.611328	951.976685
1130.189453	950.298767
1133.765625	903.710083
1137.341797	863.994507
1140.914063	883.02179
1144.486328	884.078674
1148.056641	874.063293
1151.626953	916.657227
1155.193359	883.789917
1158.759766	900.784851
1162.324219	901.15686
1165.888672	916.092041
1169.449219	921.326599
1173.009766	898.108887
1176.568359	922.087097
1180.125	907.185547
1183.681641	873.50885
1187.236328	916.276306
1190.789063	907.61261
1194.339844	919.814819
1197.890625	923.674072
1201.439453	928.929016
1204.986328	948.120728
1208.53125	989.629456
1212.076172	983.761902
1215.619141	985.561768
1219.160156	999.922913
1222.699219	1011.503296
1226.238281	1004.93573
1229.775391	1033.993286
1233.310547	998.772827
1236.84375	1020.859009
1240.376953	1043.662598
1243.908203	1032.894653
1247.4375	1072.523315
1250.964844	1042.847778
1254.492188	1046.078491
1258.017578	1039.498413
1261.541016	1058.15686
1265.064453	1020.007385
1268.583984	1022.531067
1272.103516	1034.183838
1275.623047	1059.893433
1279.138672	1037.139771
1282.654297	1040.376465
1286.167969	1085.810303
1289.679688	1049.671265
1293.191406	1066.992676
1296.701172	1092.777466
1300.208984	1108.016968
1303.714844	1126.792114
1307.220703	1139.237549
1310.722656	1131.240356
1314.226563	1119.00293
1317.726563	1124.401245
1321.226563	1121.330078
1324.724609	1108.366333
1328.220703	1110.939209
1331.714844	1129.067749
1335.208984	1117.504883
1338.701172	1166.783447
1342.191406	1107.091553
1345.681641	1084.174438
1349.169922	1092.409424
1352.65625	1085.05896
1356.140625	1078.411255
1359.625	1099.420654
1363.107422	1070.065796
1366.587891	1064.822754
1370.068359	1053.893799
1373.544922	1083.451782
1377.021484	1060.438232
1380.498047	1050.204346
1383.970703	1057.033691
1387.443359	1071.696167
1390.914063	1073.555908
1394.384766	1039.807129
1397.851563	1061.604492
1401.318359	1084.13208
1404.785156	1073.163574
1408.248047	1050.772339
1411.710938	1063.331177
1415.171875	1053.053955
1418.630859	1088.478516
1422.089844	1100.352661
1425.546875	1086.503174
1429.001953	1146.296875
1432.457031	1116.715698
1435.908203	1157.24646
1439.361328	1130.509033
1442.810547	1191.132813
1446.257813	1208.812622
1449.705078	1242.993774
1453.152344	1245.648682
1456.595703	1228.935181
1460.039063	1194.982788
1463.480469	1164.592651
1466.919922	1177.275024
1470.359375	1140.385254
1473.796875	1125.750366
1477.232422	1122.609863
1480.666016	1072.702148
1484.099609	1093.288574
1487.53125	1109.571289
1490.962891	1055.275024
1494.390625	1029.759155
1497.818359	1008.547913
1501.246094	1054.390625
1504.669922	994.932739
1508.09375	1022.761963
1511.515625	1018.842285
1514.935547	1027.921631
1518.355469	1012.437866
1521.773438	1038.872192
1525.189453	1078.345825
1528.605469	1044.051147
1532.019531	1019.862
1535.431641	1050.685547
1538.841797	1054.006348
1542.251953	1065.30127
1545.660156	1068.630127
1549.068359	1065.43396
1552.472656	1137.694092
1555.876953	1101.858765
1559.28125	1079.79126
1562.681641	1088.216309
1566.082031	1122.810547
1569.480469	1110.902466
1572.878906	1168.807373
1576.273438	1137.261963
1579.667969	1174.842041
1583.0625	1117.786133
1586.453125	1132.80481
1589.84375	1106.294434
1593.234375	1118.403687
1596.621094	1127.604858
1600.007813	1130.97583
1603.392578	1167.197266
1606.777344	1166.204712
1610.160156	1167.402832
1613.541016	1103.557373
1616.919922	1125.93335
1620.298828	1116.875977
1623.675781	1148.055176
1627.050781	1136.070801
1630.425781	1155.565308
1633.798828	1153.097534
1637.169922	1133.038208
1640.541016	1162.085327
1643.910156	1186.754639
1647.277344	1174.021484
1650.642578	1180.363281
1654.007813	1221.958618
1657.371094	1246.690186
1660.734375	1225.140137
1664.09375	1232.981812
1667.453125	1248.184692
1670.8125	1231.023315
1674.167969	1187.348022
1677.523438	1191.503906
1680.878906	1195.66272
1684.230469	1160.026978
1687.582031	1149.430298
1690.933594	1127.02356
1694.28125	1091.316895
1697.628906	1083.631958
1700.974609	1093.663696
1704.320313	1059.377808
1707.664063	1085.666504
1711.005859	1072.790527
1714.345703	1057.685059
1717.685547	1072.904663
1721.023438	1051.86499
1724.361328	1049.321289
1727.695313	1032.699829
1731.03125	1030.887085
1734.363281	1079.488281
1737.695313	1042.832275
1741.025391	1051.408569
1744.353516	1061.475952
1747.681641	1072.293823
1751.007813	1043.747192
1754.332031	1038.959351
1757.65625	1043.088989
1760.978516	1014.496094
1764.298828	1051.357544
1767.619141	1019.022827
1770.9375	1049.95752
1774.253906	1021.320923
1777.570313	1026.197144
1780.884766	1031.077026
1784.197266	1041.927124
1787.509766	1021.448242
1790.818359	1021.852722
1794.128906	1046.898926
1797.435547	1052.54248
1800.742188	1026.055786
1804.048828	1027.209351
1807.351563	1026.867676
1810.654297	1039.244995
1813.955078	1062.110596
1817.255859	1054.293701
1820.554688	1055.459473
1823.851563	1034.144409
1827.148438	1044.298706
1830.443359	1017.712097
1833.736328	1039.871704
1837.027344	1050.790039
1840.318359	1059.464111
1843.609375	1036.596313
1846.896484	1054.288574
1850.183594	1044.179932
1853.46875	1025.790405
1856.753906	1020.176086
1860.037109	1080.789185
1863.318359	1051.097656
1866.599609	1054.524658
1869.878906	1066.996338
1873.15625	1055.355225
1876.433594	1039.934204
1879.708984	1062.975952
1882.982422	1030.941406
1886.255859	1084.952881
1889.527344	1071.028687
1892.796875	1051.048462
1896.066406	1049.19397
1899.333984	1056.412109
1902.599609	1054.557739
1905.865234	1039.83606
1909.128906	1062.957275
1912.390625	1061.102417
1915.652344	1014.542419
1918.912109	1046.017944
1922.169922	1057.044312
1925.427734	1048.356079
1928.683594	1021.447693
1931.939453	1034.75415
1935.191406	1046.55188
1938.445313	1075.833374
1941.695313	1026.850586
1944.945313	1065.271118
1948.193359	1030.697876
1951.441406	1056.974121
1954.6875	1054.342896
1957.931641	1038.762817
1961.173828	1049.073486
1964.416016	1069.299805
1967.658203	1061.331177
1970.896484	1075.475708
1974.134766	1082.76355
1977.373047	1061.049805
1980.607422	1036.26416
1983.84375	1054.239746
1987.076172	1025.610352
1990.308594	1035.185303
1993.539063	1079.950073
1996.767578	1055.12207
1999.996094	1071.608032
2003.222656	1025.316406
2006.449219	1060.953735
2009.673828	1101.983032
2012.896484	1089.380005
2016.119141	1036.886597
2019.339844	1060.307495
2022.558594	1045.370117
2025.777344	1050.384277
2028.994141	1053.097656
2032.208984	1025.07605
2035.423828	1088.510254
2038.636719	1082.781738
2041.847656	1063.969971
2045.058594	1092.09021
2048.267578	1040.930298
2051.476563	1037.484009
2054.683594	1055.609253
2057.888672	1079.143921
2061.09375	1059.514282
2064.296875	1067.640015
2067.498047	1069.598022
2070.699219	1073.873413
2073.898438	1085.875
2077.097656	1039.939575
2080.292969	1095.219971
2083.490234	1084.046631
2086.683594	1127.010376
2089.876953	1065.542236
2093.068359	1100.790405
2096.259766	1072.563721
2099.449219	1072.97937
2102.636719	1091.995361
2105.824219	1094.744263
2109.009766	1064.143555
2112.195313	1078.521973
2115.378906	1096.016113
2118.560547	1085.56897
2121.742188	1068.122192
2124.921875	1059.209839
2128.099609	1054.954956
2131.277344	1099.692627
2134.453125	1086.891357
2137.626953	1067.853394
2140.800781	1063.594238
2143.972656	1059.331543
2147.144531	1069.870361
2150.314453	1087.432861
2153.482422	1069.136841
2156.650391	1062.52832
2159.816406	1073.864136
2162.980469	1069.593994
2166.144531	1070.00647
2169.306641	1054.011108
2172.46875	1082.555908
2175.628906	1086.10083
2178.787109	1068.527954
2181.945313	1061.896606
2185.101563	1088.139038
2188.255859	1032.955444
2191.410156	1074.091675
2194.564453	1057.262695
2197.714844	1072.566284
2200.865234	1061.998047
2204.013672	1066.32959
2207.162109	1059.675049
2210.308594	1067.149536
2213.455078	1091.911621
2216.599609	1071.898926
2219.742188	1088.033691
2222.884766	1090.810913
2226.025391	1076.28125
2229.164063	1059.37915
2232.302734	1062.147705
2235.439453	1073.582397
2238.576172	1081.873901
2241.710938	1079.92395
2244.84375	1082.703613
2247.976563	1046.041748
2251.107422	1083.533691
2254.236328	1081.580322
2257.365234	1074.096802
2260.492188	1090.309692
2263.619141	1093.888672
2266.744141	1090.353882
2269.867188	1041.72998
2272.990234	1103.057739
2276.111328	1057.567261
2279.232422	1092.023193
2282.351563	1078.181152
2285.46875	1103.160767
2288.585938	1090.104614
2291.701172	1075.452026
2294.816406	1077.449585
2297.929688	1096.116455
2301.041016	1079.066528
2304.152344	1061.208984
2307.261719	1063.997803
2310.369141	1070.763184
2313.476563	1089.461792
2316.583984	1121.698364
2319.6875	1079.946777
2322.791016	1068.416382
2325.894531	1172.36084
2328.996094	1190.335815
2332.095703	1189.195068
2335.195313	1120.27832
2338.292969	1075.238403
2341.388672	1071.657837
2344.484375	1070.469116
2347.578125	1070.077759
2350.671875	1056.903931
2353.763672	1084.477783
2356.853516	1081.692139
2359.943359	1100.498169
2363.03125	1128.119141
2366.119141	1082.925537
2369.205078	1041.700806
2372.289063	1110.982056
2375.373047	1091.371338
2378.457031	1070.943726
2381.537109	1071.350098
2384.617188	1070.954346
2387.697266	1093.830933
2390.773438	1083.006226
2393.851563	1060.929199
2396.925781	1108.733643
2400	1078.611816
2403.074219	1066.155762
2406.146484	1061.733398
2409.216797	1079.837646
2412.286133	1064.952271
2415.355469	1119.307617
2418.421875	1063.341675
2421.488281	1078.249512
2424.553711	1077.851074
2427.617188	1079.871582
2430.679688	1096.415405
2433.741211	1105.707642
2436.801758	1096.436646
2439.861328	1088.773926
2442.918945	1084.337036
2445.976563	1089.596191
2449.032227	1115.074463
2452.086914	1037.030396
2455.140625	1085.974854
2458.192383	1079.908203
2461.243164	1113.518555
2464.293945	1106.647095
2467.342773	1042.22876
2470.390625	1107.481323
2473.436523	1090.866455
2476.482422	1075.050171
2479.526367	1093.311523
2482.569336	1067.740112
2485.611328	1107.943359
2488.652344	1079.919922
2491.692383	1108.777222
2494.730469	1098.622681
2497.768555	1107.984253
2500.804688	1078.290039
2503.839844	1096.605713
2506.873047	1096.203247
2509.90625	1095.800293
2512.938477	1103.547119
2515.96875	1105.592041
2518.998047	1078.275391
2522.026367	1121.109131
2525.053711	1070.105957
2528.079102	1112.151733
2531.104492	1113.38562
2534.12793	1095.008179
2537.150391	1089.696289
2540.171875	1112.184692
2543.192383	1089.694824
2546.211914	1106.470947
2549.230469	1097.879517
2552.24707	1108.937622
2555.262695	1090.508423
2558.277344	1102.391113
2561.291016	1112.6427
2564.303711	1108.137451
2567.31543	1124.141968
2570.325195	1111.428711
2573.333984	1121.697876
2576.341797	1115.545288
2579.348633	1159.515747
2582.354492	1090.072266
2585.359375	1123.374634
2588.363281	1113.098999
2591.365234	1108.576294
2594.366211	1099.110352
2597.366211	1100.343872
2600.365234	1122.176025
2603.363281	1109.406738
2606.360352	1133.731689
2609.355469	1128.380249
2612.350586	1116.423462
2615.34375	1127.57019
2618.335938	1121.383911
2621.327148	1140.800903
2624.317383	1094.948486
2627.306641	1134.209961
2630.293945	1101.552246
2633.280273	1121.817017
2636.266602	1109.820068
2639.250977	1118.511719
2642.234375	1133.835327
2645.216797	1140.056274
2648.197266	1116.443481
2651.177734	1114.370605
2654.157227	1144.644653
2657.134766	1134.282593
2660.111328	1093.200073
2663.086914	1135.12439
2666.061523	1194.523926
2669.035156	1149.262329
2672.007813	1129.737061
2674.978516	1135.977051
2677.949219	1168.010742
2680.917969	1180.094604
2683.885742	1172.206177
2686.852539	1112.675659
2689.818359	1208.899658
2692.783203	1173.508301
2695.74707	1139.758057
2698.708984	1139.345581
2701.670898	1141.435669
2704.630859	1147.700439
2707.589844	1193.2146
2710.547852	1153.560669
2713.504883	1176.548462
2716.460938	1144.381836
2719.416016	1193.305908
2722.369141	1182.871338
2725.322266	1193.350098
2728.273438	1188.767334
2731.223633	1222.70459
2734.173828	1185.455444
2737.12207	1164.102295
2740.069336	1174.592041
2743.014648	1205.21814
2745.959961	1151.965332
2748.904297	1189.319702
2751.84668	1172.125366
2754.788086	1176.75647
2757.729492	1167.106567
2760.668945	1160.811523
2763.607422	1169.647095
2766.544922	1191.947876
2769.481445	1144.421387
2772.416016	1173.463013
2775.350586	1166.315186
2778.28418	1158.31958
2781.21582	1146.104126
2784.146484	1172.658936
2787.077148	1199.23291
2790.005859	1177.738159
2792.933594	1182.390015
2795.860352	1189.577881
2798.785156	1180.723633
2801.709961	1174.397461
2804.633789	1189.196167
2807.555664	1159.193604
2810.477539	1174.843018
2813.397461	1172.734863
2816.316406	1192.632324
2819.234375	1208.310303
2822.151367	1198.587769
2825.067383	1210.889526
2827.982422	1213.875366
2830.896484	1191.423584
2833.80957	1278.385498
2836.720703	1280.549927
2839.631836	1304.787598
2842.541016	1375.750122
2845.450195	1493.488892
2848.357422	1570.520508
2851.263672	1650.158569
2854.168945	1636.302734
2857.073242	1627.541138
2859.976563	1732.818726
2862.878906	1708.759888
2865.779297	1796.257324
2868.679688	1887.226074
2871.579102	1985.931763
2874.476563	2004.560669
2877.374023	2079.497314
2880.269531	2035.031494
2883.164063	2143.32251
2886.057617	2131.293945
2888.950195	2109.860352
2891.841797	2190.096436
2894.732422	2137.894287
2897.62207	2117.293213
2900.510742	2164.256104
2903.398438	2212.108643
2906.28418	2248.010254
2909.169922	2308.772461
2912.053711	2377.28833
2914.9375	2398.718994
2917.819336	2497.321533
2920.700195	2530.81665
2923.581055	2656.991455
2926.459961	2693.142334
2929.337891	2656.342285
2932.214844	2731.166504
2935.09082	2727.860107
2937.96582	2720.253174
2940.838867	2655.03418
2943.711914	2552.782959
2946.583984	2496.058838
2949.454102	2354.081543
2952.324219	2234.387939
2955.193359	2225.720947
2958.060547	2194.644287
2960.926758	2141.995117
2963.792969	2097.93042
2966.657227	2075.398193
2969.520508	2076.147461
2972.382813	2093.298096
2975.244141	1961.070313
2978.104492	1941.045776
2980.963867	1924.462891
2983.822266	1826.608154
2986.679688	1807.376953
2989.536133	1768.234375
2992.390625	1678.004883
2995.245117	1625.801025
2998.098633	1560.56897
3000.950195	1490.957886
3003.801758	1464.62854
3006.651367	1469.490356
3009.500977	1436.195557
3012.348633	1360.36499
3015.195313	1342.628418
3018.041992	1344.847412
3020.886719	1294.956787
3023.730469	1270.225952
3026.573242	1289.803223
3029.415039	1244.185425
3032.255859	1246.371582
3035.095703	1289.452515
3037.93457	1260.321899
3040.772461	1246.842773
3043.609375	1265.581055
3046.445313	1238.152344
3049.280273	1271.718262
3052.114258	1298.332397
3054.946289	1315.370361
3057.77832	1300.135132
3060.609375	1304.964966
3063.438477	1338.613525
3066.267578	1332.10437
3069.094727	1310.735229
3071.921875	1301.588379
3074.74707	1263.578003
3077.572266	1254.407227
3080.395508	1234.72876
3083.21875	1253.552856
3086.040039	1240.86499
3088.860352	1195.755371
3091.679688	1187.418945
3094.499023	1208.005249
3097.316406	1208.436157
3100.132813	1183.426514
3102.948242	1160.153809
3105.762695	1186.026123
3108.576172	1209.28186
3111.388672	1229.039917
3114.201172	1183.778687
3117.011719	1159.584229
3119.821289	1157.358521
3122.629883	1174.48584
3125.436523	1167.863037
3128.243164	1193.809692
3131.048828	1232.984985
3133.853516	1146.202637
3136.657227	1209.184204
3139.459961	1206.968872
3142.261719	1217.980957
3145.0625	1185.769409
3147.861328	1186.190186
3150.660156	1168.070313
3153.458008	1183.499146
3156.254883	1170.666016
3159.049805	1172.848755
3161.844727	1159.118042
3164.638672	1190.484863
3167.430664	1197.099976
3170.222656	1225.84668
3173.013672	1199.718628
3175.802734	1192.171875
3178.591797	1180.189209
3181.379883	1217.833008
3184.166016	1199.643921
3186.952148	1177.006836
3189.737305	1148.142456
3192.520508	1220.443359
3195.303711	1180.918579
3198.084961	1191.105957
3200.866211	1188.441284
