399.363281	781.78363
403.25	782.758911
407.134766	755.744202
411.017578	746.525757
414.898438	747.486267
418.777344	722.968323
422.654297	728.379761
426.53125	727.42041
430.404297	713.06604
434.277344	704.441833
438.148438	711.76886
442.017578	710.161133
445.884766	727.0802
449.751953	736.982666
453.615234	734.743652
457.478516	728.664001
461.339844	729.619141
465.199219	708.804871
469.056641	709.111206
472.912109	714.544373
476.765625	715.494202
480.619141	697.202576
484.470703	718.037231
488.320313	704.224182
492.167969	739.208618
496.013672	691.339355
499.857422	712.849487
503.699219	742.737793
507.541016	700.597534
511.380859	736.942017
515.21875	728.888916
519.054688	698.282654
522.888672	737.250366
526.720703	733.699402
530.552734	710.795044
534.380859	738.20282
538.208984	715.280273
542.035156	711.712891
545.859375	707.496094
549.683594	704.568298
553.503906	695.171082
557.324219	708.408752
561.140625	707.418579
564.957031	683.117249
568.773438	662.033691
572.585938	673.982971
576.396484	660.008789
580.207031	662.237793
584.015625	663.170715
587.820313	679.035278
591.626953	668.285706
595.429688	665.973206
599.230469	665.608582
603.03125	699.708618
606.828125	655.119324
610.625	661.908264
614.419922	665.447205
618.214844	671.594604
622.005859	682.308838
625.796875	685.860474
629.583984	676.370239
633.371094	691.014771
637.15625	688.698914
640.941406	713.156982
644.722656	682.754028
648.503906	656.900391
652.283203	670.259094
656.060547	698.675415
659.835938	706.172791
663.609375	690.760132
667.382813	683.849487
671.152344	697.902588
674.921875	691.644287
678.689453	713.582703
682.455078	727.665833
686.220703	693.841736
689.982422	700.704346
693.744141	695.746887
697.503906	715.760986
701.261719	726.586365
705.017578	731.500305
708.773438	760.768066
712.525391	744.63208
716.277344	754.169983
720.027344	767.669434
723.775391	767.995728
727.523438	737.984863
731.267578	752.813599
735.011719	776.235535
738.753906	752.132385
742.494141	758.397278
746.232422	744.840149
749.970703	761.685791
753.707031	786.483093
757.439453	780.199158
761.171875	780.529907
764.904297	777.549255
768.632813	795.106018
772.361328	803.397278
776.087891	826.947815
779.8125	805.404785
783.535156	817.692505
787.255859	793.470886
790.976563	802.4422
794.695313	800.123413
798.412109	803.121155
802.126953	814.1026
805.839844	828.420105
809.552734	842.749451
813.263672	845.769409
816.972656	820.14325
820.679688	827.154846
824.384766	814.834778
828.089844	841.862122
831.791016	779.484924
835.492188	799.843201
839.193359	796.840942
842.890625	789.82666
846.587891	833.611694
850.28125	813.231018
853.974609	841.674133
857.666016	826.633911
861.357422	820.285889
865.044922	810.582764
868.732422	788.807861
872.417969	777.071472
876.101563	768.007935
879.785156	775.712402
883.464844	790.807556
887.144531	791.140076
890.822266	817.003967
894.5	766.263123
898.173828	780.033997
901.847656	780.361633
905.519531	729.540771
909.189453	769.571228
912.857422	771.914978
916.523438	767.521973
920.189453	755.035339
923.853516	743.886902
927.515625	775.909973
931.177734	737.760986
934.835938	733.343323
938.494141	731.624023
942.150391	718.413818
945.804688	764.690857
949.458984	748.777405
953.109375	739.61731
956.759766	771.067444
960.408203	750.395264
964.056641	744.611389
967.701172	730.68866
971.345703	724.213196
974.988281	757.07843
978.628906	747.893494
982.267578	746.169189
985.90625	758.707153
989.542969	761.062622
993.177734	752.542969
996.810547	772.579651
1000.443359	806.920715
1004.074219	807.938049
1007.703125	779.675659
1011.330078	760.926575
1014.955078	739.435608
1018.580078	719.971924
1022.203125	736.641785
1025.824219	726.713318
1029.443359	750.90863
1033.0625	716.391968
1036.679688	737.869873
1040.294922	753.213989
1043.908203	730.27887
1047.519531	747.684387
1051.130859	748.679749
1054.740234	734.61377
1058.347656	749.987488
1061.953125	764.003357
1065.558594	762.264404
1069.162109	755.723328
1072.763672	755.351196
1076.363281	772.137207
1079.962891	757.351929
1083.560547	762.474731
1087.15625	744.236755
1090.75	778.919739
1094.34375	775.116272
1097.933594	760.988525
1101.523438	735.83551
1105.113281	749.913025
1108.699219	772.957825
1112.285156	747.777832
1115.869141	739.813782
1119.451172	742.189514
1123.03125	775.619324
1126.611328	764.894958
1130.189453	730.680298
1133.765625	737.200806
1137.341797	758.9328
1140.914063	696.321838
1144.486328	731.889832
1148.056641	710.046692
1151.626953	732.494934
1155.193359	732.10498
1158.759766	728.94281
1162.324219	723.698242
1165.888672	759.364746
1169.449219	731.927368
1173.009766	773.872803
1176.568359	756.13916
1180.125	750.894043
1183.681641	733.830811
1187.236328	726.486145
1190.789063	739.304382
1194.339844	736.130188
1197.890625	733.649231
1201.439453	739.522217
1204.986328	783.714783
1208.53125	760.342041
1212.076172	759.957825
1215.619141	796.540344
1219.160156	789.890259
1222.699219	818.835999
1226.238281	834.536621
1229.775391	853.044434
1233.310547	824.738892
1236.84375	824.378601
1240.376953	832.411865
1243.908203	843.9505
1247.4375	856.898499
1250.964844	836.239319
1254.492188	825.37207
1258.017578	859.356018
1261.541016	821.842163
1265.064453	848.135437
1268.583984	826.025452
1272.103516	824.257874
1275.623047	825.298096
1279.138672	810.880249
1282.654297	840.736694
1286.167969	832.64209
1289.679688	844.239624
1293.191406	839.658508
1296.701172	892.810425
1300.208984	911.490112
1303.714844	911.158325
1307.220703	906.596252
1310.722656	906.96698
1314.226563	910.86554
1317.726563	904.179504
1321.226563	907.373535
1324.724609	891.496704
1328.220703	898.927917
1331.714844	892.932068
1335.208984	904.613159
1338.701172	887.293152
1342.191406	889.070984
1345.681641	889.433716
1349.169922	886.254333
1352.65625	875.984924
1356.140625	880.59613
1359.625	890.885376
1363.107422	867.831848
1366.587891	871.734863
1370.068359	882.032349
1373.544922	868.182373
1377.021484	877.775635
1380.498047	856.801758
1383.970703	861.418457
1387.443359	862.48053
1390.914063	870.662354
1394.384766	856.772522
1397.851563	871.370605
1401.318359	867.448181
1404.785156	849.261047
1408.248047	861.733154
1411.710938	851.37854
1415.171875	851.010376
1418.630859	843.499451
1422.089844	868.135376
1425.546875	852.762024
1429.001953	872.415588
1432.457031	940.731079
1435.908203	936.102844
1439.361328	943.64209
1442.810547	930.415771
1446.257813	937.241821
1449.705078	967.728699
1453.152344	952.343933
1456.595703	975.687012
1460.039063	939.479004
1463.480469	933.397339
1466.919922	926.592224
1470.359375	911.158447
1473.796875	900.025146
1477.232422	901.827515
1480.666016	905.789429
1484.099609	890.321289
1487.53125	861.879822
1490.962891	843.499695
1494.390625	846.002258
1497.818359	828.32135
1501.246094	854.618958
1504.669922	793.637451
1508.09375	845.925903
1511.515625	844.101074
1514.935547	844.441589
1518.355469	870.075134
1521.773438	850.906433
1525.189453	832.445374
1528.605469	857.380859
1532.019531	877.993347
1535.431641	835.624512
1538.841797	873.630066
1542.251953	868.908997
1545.660156	870.708801
1549.068359	850.026245
1552.472656	921.474182
1555.876953	912.408752
1559.28125	909.871155
1562.681641	881.90564
1566.082031	870.632446
1569.480469	915.331238
1572.878906	918.608398
1576.273438	965.544861
1579.667969	928.081543
1583.0625	944.47467
1586.453125	915.714172
1589.84375	958.351257
1593.234375	924.469299
1596.621094	909.523499
1600.007813	914.995972
1603.392578	935.071716
1606.777344	930.3349
1610.160156	921.210815
1613.541016	931.080872
1616.919922	920.487061
1620.298828	923.050049
1623.675781	927.078308
1627.050781	903.293396
1630.425781	898.528931
1633.798828	928.1922
1637.169922	936.625305
1640.541016	924.536011
1643.910156	920.505005
1647.277344	930.411987
1650.642578	955.007813
1654.007813	971.545227
1657.371094	1002.788513
1660.734375	989.225342
1664.09375	988.885193
1667.453125	992.957703
1670.8125	976.430359
1674.167969	970.195068
1677.523438	980.891907
1680.878906	951.815308
1684.230469	950.720947
1687.582031	903.176453
1690.933594	887.309753
1694.28125	913.489075
1697.628906	893.922546
1700.974609	851.447876
1704.320313	876.166016
1707.664063	860.255798
1711.005859	863.555664
1714.345703	868.33728
1717.685547	850.184509
1721.023438	883.092834
1724.361328	853.082642
1727.695313	851.940308
1731.03125	841.162354
1734.363281	865.963135
1737.695313	823.288635
1741.025391	864.425537
1744.353516	822.458313
1747.681641	845.062561
1751.007813	840.197937
1754.332031	839.788269
1757.65625	858.708374
1760.978516	844.917542
1764.298828	852.693359
1767.619141	835.911316
1770.9375	851.135803
1774.253906	831.35968
1777.570313	854.046448
1780.884766	859.603638
1784.197266	856.214966
1787.509766	850.585083
1790.818359	851.668335
1794.128906	841.551453
1797.435547	830.679321
1800.742188	841.470398
1804.048828	848.531738
1807.351563	860.83374
1810.654297	867.159729
1813.955078	843.550842
1817.255859	829.657288
1820.554688	848.712219
1823.851563	827.315552
1827.148438	865.875793
1830.443359	878.967224
1833.736328	836.549011
1837.027344	865.400635
1840.318359	849.97406
1843.609375	808.995789
1846.896484	833.36145
1850.183594	860.001282
1853.46875	877.637451
1856.753906	890.020874
1860.037109	874.566223
1863.318359	864.36969
1866.599609	847.385864
1869.878906	854.501343
1873.15625	845.038025
1876.433594	861.207275
1879.708984	883.424316
1882.982422	873.205933
1886.255859	878.079468
1889.527344	871.627014
1892.796875	879.525818
1896.066406	836.785095
1899.333984	857.531372
1902.599609	868.45929
1905.865234	870.314026
1909.128906	836.586731
1912.390625	852.820374
1915.652344	844.820618
1918.912109	875.471558
1922.169922	868.99054
1925.427734	863.262817
1928.683594	862.842529
1931.939453	869.254272
1935.191406	887.062866
1938.445313	859.299072
1941.695313	863.436157
1944.945313	876.700623
1948.193359	848.899475
1951.441406	854.558655
1954.6875	888.38855
1957.931641	878.83606
1961.173828	867.752136
1964.416016	870.378052
1967.658203	856.994385
1970.896484	880.211975
1974.134766	885.134399
1977.373047	880.136963
1980.607422	882.771851
1983.84375	862.490295
1987.076172	872.762329
1990.308594	876.161316
1993.539063	896.38916
1996.767578	848.535461
1999.996094	865.706177
2003.222656	881.358582
2006.449219	834.208435
2009.673828	872.083923
2012.896484	857.857971
2016.119141	868.162415
2019.339844	876.940247
2022.558594	884.189697
2025.777344	882.230652
2028.994141	920.21228
2032.208984	889.065186
2035.423828	889.411316
2038.636719	868.224854
2041.847656	860.100159
2045.058594	856.586609
2048.267578	886.946594
2051.476563	894.223389
2054.683594	910.751892
2057.888672	877.960693
2061.09375	865.963989
2064.296875	860.129028
2067.498047	898.277161
2070.699219	871.605408
2073.898438	874.260681
2077.097656	860.692932
2080.292969	891.170532
2083.490234	876.052002
2086.683594	867.109558
2089.876953	910.005554
2093.068359	885.58667
2096.259766	900.643799
2099.449219	877.751343
2102.636719	878.09137
2105.824219	858.273254
2109.009766	877.995972
2112.195313	888.422729
2115.378906	883.333069
2118.560547	872.80365
2121.742188	881.686279
2124.921875	899.12384
2128.099609	891.697388
2131.277344	850.823059
2134.453125	888.496765
2137.626953	922.3078
2140.800781	892.297913
2143.972656	866.938171
2147.144531	868.831421
2150.314453	892.55249
2153.482422	888.218018
2156.650391	907.283752
2159.816406	876.416748
2162.980469	884.562073
2166.144531	893.494446
2169.306641	867.273743
2172.46875	879.332458
2175.628906	858.559143
2178.787109	888.614685
2181.945313	871.741272
2185.101563	855.637451
2188.255859	905.304321
2191.410156	880.582825
2194.564453	883.272888
2197.714844	874.98822
2200.865234	896.502014
2204.013672	910.185669
2207.162109	898.761414
2210.308594	865.341248
2213.455078	897.881226
2216.599609	930.446045
2219.742188	889.13739
2222.884766	890.265259
2226.025391	888.246765
2229.164063	892.522949
2232.302734	911.762085
2235.439453	890.057373
2238.576172	896.702454
2241.710938	874.186584
2244.84375	897.390198
2247.976563	923.766846
2251.107422	901.234863
2254.236328	878.685364
2257.365234	904.294739
2260.492188	893.579895
2263.619141	906.568115
2266.744141	902.171021
2269.867188	896.979309
2272.990234	887.035706
2276.111328	903.998413
2279.232422	894.049438
2282.351563	902.313232
2285.46875	905.035583
2288.585938	897.453369
2291.701172	899.382446
2294.816406	890.998474
2297.929688	907.212891
2301.041016	896.443054
2304.152344	903.934082
2307.261719	889.975769
2310.369141	903.034119
2313.476563	889.064392
2316.583984	887.016846
2319.6875	900.088318
2322.791016	939.442139
2325.894531	966.082642
2328.996094	1026.206421
2332.095703	970.803955
2335.195313	924.927246
2338.292969	912.516907
2341.388672	897.703003
2344.484375	907.623718
2347.578125	909.566101
2350.671875	895.53241
2353.763672	939.028259
2356.853516	891.416626
2359.943359	918.148193
2363.03125	907.295837
2366.119141	913.243225
2369.205078	911.988647
2372.289063	907.528992
2375.373047	905.469604
2378.457031	928.258118
2381.537109	927.006531
2384.617188	915.325012
2387.697266	899.621765
2390.773438	893.540283
2393.851563	915.563416
2396.925781	899.841797
2400	896.967773
2403.074219	907.760071
2406.146484	933.842834
2409.216797	898.79187
2412.286133	908.791504
2415.355469	941.345703
2418.421875	889.340332
2421.488281	897.735413
2424.553711	929.515564
2427.617188	933.092896
2430.679688	911.662537
2433.741211	965.274719
2436.801758	922.847656
2439.861328	927.234741
2442.918945	898.496826
2445.976563	915.002197
2449.032227	891.089233
2452.086914	895.470032
2455.140625	928.176697
2458.192383	920.431519
2461.243164	945.883362
2464.293945	922.746033
2467.342773	933.629517
2470.390625	937.224304
2473.436523	944.065857
2476.482422	974.44165
2479.526367	891.207153
2482.569336	926.457336
2485.611328	925.993774
2488.652344	931.217651
2491.692383	933.193726
2494.730469	933.544678
2497.768555	952.60614
2500.804688	930.991516
2503.839844	932.155518
2506.873047	918.660706
2509.90625	913.302734
2512.938477	951.952026
2515.96875	922.957397
2518.998047	905.359802
2522.026367	923.65033
2525.053711	918.283081
2528.079102	902.296387
2531.104492	957.364624
2534.12793	929.939758
2537.150391	953.177673
2540.171875	931.454712
2543.192383	939.166443
2546.211914	928.879089
2549.230469	923.495972
2552.24707	945.135925
2555.262695	947.128296
2558.277344	929.450989
2561.291016	969.155212
2564.303711	939.989258
2567.31543	968.239136
2570.325195	943.154724
2573.333984	955.824524
2576.341797	936.466614
2579.348633	941.747009
2582.354492	938.810425
2585.359375	926.002808
2588.363281	936.220703
2591.365234	920.110168
2594.366211	931.979675
2597.366211	964.44812
2600.365234	915.372681
2603.363281	950.33136
2606.360352	935.843994
2609.355469	944.441101
2612.350586	961.295898
2615.34375	964.130249
2618.335938	947.148254
2621.327148	952.457275
2624.317383	962.72821
2627.306641	946.552795
2630.293945	993.21637
2633.280273	982.830872
2636.266602	977.403015
2639.250977	965.347595
2642.234375	940.85968
2645.216797	979.321594
2648.197266	945.703064
2651.177734	965.124512
2654.157227	952.211609
2657.134766	994.882813
2660.111328	961.219177
2663.086914	981.504761
2666.061523	957.778931
2669.035156	952.317139
2672.007813	939.369324
2674.978516	977.971436
2677.949219	950.880554
2680.917969	980.360657
2683.885742	939.097046
2686.852539	924.453552
2689.818359	962.287476
2692.783203	981.81311
2695.74707	966.334778
2698.708984	971.696594
2701.670898	962.877686
2704.630859	959.894897
2707.589844	965.259644
2710.547852	952.251404
2713.504883	976.000427
2716.460938	993.915283
2719.416016	1013.515625
2722.369141	987.956909
2725.322266	1020.958679
2728.273438	1003.755005
2731.223633	983.188477
2734.173828	936.635498
2737.12207	972.18042
2740.069336	998.528992
2743.014648	991.348572
2745.959961	1003.459961
2748.904297	982.007141
2751.84668	1014.274658
2754.788086	977.690674
2757.729492	974.689453
2760.668945	1013.713745
2763.607422	985.49707
2766.544922	983.335938
2769.481445	987.063416
2772.416016	984.900818
2775.350586	974.315308
2778.28418	974.673218
2781.21582	967.446655
2784.146484	955.156372
2787.077148	985.86731
2790.005859	1002.258484
2792.933594	1001.782227
2795.860352	971.75592
2798.785156	980.558044
2801.709961	992.746033
2804.633789	989.729065
2807.555664	1014.61145
2810.477539	978.612915
2813.397461	980.663574
2816.316406	992.872742
2819.234375	1011.864685
2822.151367	1003.764343
2825.067383	1004.131592
2827.982422	976.525452
2830.896484	1032.849731
2833.80957	1019.654541
2836.720703	1080.278442
2839.631836	1078.97522
2842.541016	1148.15686
2845.450195	1200.398071
2848.357422	1223.782227
2851.263672	1251.43396
2854.168945	1307.171143
2857.073242	1317.857422
2859.976563	1331.10437
2862.878906	1392.039063
2865.779297	1399.360229
2868.679688	1422.874756
2871.579102	1464.305054
2874.476563	1493.828247
2877.374023	1529.343262
2880.269531	1551.231567
2883.164063	1605.571289
2886.057617	1572.000122
2888.950195	1594.781006
2891.841797	1607.324097
2894.732422	1634.407715
2897.62207	1596.521118
2900.510742	1627.896973
2903.398438	1653.305054
2906.28418	1680.443359
2909.169922	1716.164673
2912.053711	1719.357788
2914.9375	1822.820679
2917.819336	1860.346069
2920.700195	1872.1698
2923.581055	1889.14917
2926.459961	1950.768799
2929.337891	1945.465942
2932.214844	1986.537231
2935.09082	1997.566772
2937.96582	1952.737793
2940.838867	1976.65918
2943.711914	1948.991211
2946.583984	1817.192871
2949.454102	1766.206787
2952.324219	1679.880859
2955.193359	1666.706787
2958.060547	1650.07605
2960.926758	1602.401978
2963.792969	1574.525635
2966.657227	1560.430298
2969.520508	1553.227539
2972.382813	1530.481445
2975.244141	1485.266846
2978.104492	1488.394287
2980.963867	1445.723633
2983.822266	1437.600342
2986.679688	1372.395752
2989.536133	1362.509399
2992.390625	1303.287964
2995.245117	1292.503174
2998.098633	1234.079224
3000.950195	1216.330566
3003.801758	1194.235596
3006.651367	1179.060059
3009.500977	1130.917236
3012.348633	1120.04541
3015.195313	1088.336182
3018.041992	1048.789917
3020.886719	1021.374329
3023.730469	1041.724365
3026.573242	1038.621948
3029.415039	1028.561401
3032.255859	1035.018921
3035.095703	997.977112
3037.93457	1029.669067
3040.772461	1011.753723
3043.609375	1006.019409
3046.445313	1031.648438
3049.280273	1059.910522
3052.114258	1049.826904
3054.946289	1057.18103
3057.77832	1063.667603
3060.609375	1060.556763
3063.438477	1032.120728
3066.267578	1057.821899
3069.094727	1083.541138
3071.921875	1046.340698
3074.74707	1030.10022
3077.572266	1030.468384
3080.395508	1004.584412
3083.21875	1016.323242
3086.040039	1012.307678
3088.860352	1027.561279
3091.679688	993.751343
3094.499023	1005.502197
3097.316406	1009.368652
3100.132813	990.428833
3102.948242	1020.619446
3105.762695	1022.739014
3108.576172	992.366394
3111.388672	975.149597
3114.201172	975.496887
3117.011719	982.877258
3119.821289	993.780518
3122.629883	1008.210327
3125.436523	1012.96936
3128.243164	971.951233
3131.048828	968.773926
3133.853516	978.809448
3136.657227	967.699951
3139.459961	986.558167
3142.261719	1001.901794
3145.0625	965.202148
3147.861328	980.548645
3150.660156	1012.680786
3153.458008	969.762756
3156.254883	1001.913452
3159.049805	966.031433
3161.844727	999.971436
3164.638672	960.524963
3167.430664	949.363098
3170.222656	974.48175
3173.013672	965.972717
3175.802734	969.857483
3178.591797	989.693237
3181.379883	979.407227
3184.166016	962.020447
3186.952148	991.630493
3189.737305	1001.741028
3192.520508	1008.308105
3195.303711	981.139099
3198.084961	1020.567322
3200.866211	977.044434
