399.363281	1266.108154
403.25	1247.581543
407.134766	1251.939941
411.017578	1258.84729
414.898438	1202.727051
418.777344	1237.645264
422.654297	1213.966309
426.53125	1181.978394
430.404297	1188.230835
434.277344	1248.72522
438.148438	1164.364502
442.017578	1201.909302
445.884766	1206.901978
449.751953	1220.847168
453.615234	1218.178101
457.478516	1225.102417
461.339844	1169.950684
465.199219	1221.679932
469.056641	1200.428589
472.912109	1218.890991
476.765625	1175.821045
480.619141	1200.702148
484.470703	1202.503906
488.320313	1187.615967
492.167969	1211.891113
496.013672	1204.061279
499.857422	1206.509033
503.699219	1238.539307
507.541016	1201.759521
511.380859	1235.745605
515.21875	1225.331909
519.054688	1225.215454
522.888672	1230.898804
526.720703	1269.467651
530.552734	1240.343872
534.380859	1244.749268
538.208984	1271.752808
542.035156	1240.653809
545.859375	1234.079956
549.683594	1238.488892
553.503906	1214.447632
557.324219	1224.026733
561.140625	1224.552612
564.957031	1200.473389
568.773438	1212.001099
572.585938	1217.705811
576.396484	1203.964966
580.207031	1218.751099
584.015625	1188.775757
587.820313	1199.023071
591.626953	1174.858032
595.429688	1192.254517
599.230469	1243.466064
603.03125	1190.675171
606.828125	1224.364014
610.625	1207.31543
614.419922	1183.0896
618.214844	1221.377197
622.005859	1233.630005
625.796875	1207.427368
629.583984	1203.378052
633.371094	1254.788818
637.15625	1248.144409
640.941406	1246.065552
644.722656	1279.265503
648.503906	1236.672119
652.283203	1203.196777
656.060547	1195.860229
659.835938	1254.618408
663.609375	1287.23645
667.382813	1265.514526
671.152344	1264.088379
674.921875	1286.261719
678.689453	1255.328369
682.455078	1287.358398
686.220703	1313.507446
689.982422	1305.529785
693.744141	1289.661133
697.503906	1273.121216
701.261719	1296.677246
705.017578	1284.07251
708.773438	1314.891479
712.525391	1351.00354
716.277344	1335.77002
720.027344	1355.447266
723.775391	1371.185425
727.523438	1361.216064
731.267578	1351.237671
735.011719	1320.788574
738.753906	1343.801025
742.494141	1376.742065
746.232422	1400.458008
749.970703	1393.779175
753.707031	1394.370361
757.439453	1404.226074
761.171875	1384.298584
764.904297	1394.157715
768.632813	1365.594604
772.361328	1434.448608
776.087891	1497.392212
779.8125	1495.372559
783.535156	1464.811279
787.255859	1453.47937
790.976563	1436.158936
794.695313	1467.33606
798.412109	1452.665405
802.126953	1475.228394
805.839844	1451.2323
809.552734	1475.144409
813.263672	1485.75708
816.972656	1468.396118
820.679688	1481.680176
824.384766	1464.968872
828.089844	1454.246826
831.791016	1433.504761
835.492188	1462.818481
839.193359	1490.15271
842.890625	1508.154541
846.587891	1503.442505
850.28125	1457.930664
853.974609	1449.84729
857.666016	1489.949097
861.357422	1475.175293
865.044922	1465.747925
868.732422	1444.919067
872.417969	1473.68689
876.101563	1453.513794
879.785156	1470.22998
883.464844	1474.876221
887.144531	1489.599854
890.822266	1462.679077
894.5	1488.835815
898.173828	1469.960571
901.847656	1487.39624
905.519531	1480.617798
909.189453	1493.358643
912.857422	1473.77832
916.523438	1475.070679
920.189453	1496.587891
923.853516	1501.936646
927.515625	1487.723022
931.177734	1459.322266
934.835938	1467.361938
938.494141	1467.976929
942.150391	1482.108643
945.804688	1484.081665
949.458984	1440.736938
953.109375	1472.467773
956.759766	1519.11792
960.408203	1443.901367
964.056641	1495.998169
967.701172	1474.933716
971.345703	1502.674561
974.988281	1489.056641
978.628906	1512.753784
982.267578	1486.906738
985.90625	1512.659668
989.542969	1506.496216
993.177734	1486.731201
996.810547	1530.877441
1000.443359	1613.841431
1004.074219	1636.295776
1007.703125	1550.499023
1011.330078	1504.82251
1014.955078	1512.946655
1018.580078	1478.805908
1022.203125	1461.006226
1025.824219	1502.556641
1029.443359	1527.75769
1033.0625	1506.540283
1036.679688	1503.068237
1040.294922	1505.744507
1043.908203	1481.755005
1047.519531	1517.942993
1051.130859	1507.624756
1054.740234	1506.882568
1058.347656	1486.961426
1061.953125	1556.100098
1065.558594	1534.811157
1069.162109	1525.162231
1072.763672	1538.830933
1076.363281	1520.252319
1079.962891	1517.450317
1083.560547	1554.486694
1087.15625	1563.378296
1090.75	1560.589478
1094.34375	1587.37207
1097.933594	1567.388672
1101.523438	1592.130493
1105.113281	1570.754395
1108.699219	1602.406372
1112.285156	1601.002686
1115.869141	1580.291992
1119.451172	1578.877075
1123.03125	1576.77063
1126.611328	1635.411621
1130.189453	1589.125977
1133.765625	1517.928833
1137.341797	1541.366211
1140.914063	1529.557007
1144.486328	1517.737549
1148.056641	1556.427856
1151.626953	1559.148071
1155.193359	1606.19812
1158.759766	1550.735718
1162.324219	1592.27478
1165.888672	1582.529907
1169.449219	1579.714355
1173.009766	1613.680908
1176.568359	1603.237183
1180.125	1587.922119
1183.681641	1584.407471
1187.236328	1597.574341
1190.789063	1574.586182
1194.339844	1594.020996
1197.890625	1621.128052
1201.439453	1620.403198
1204.986328	1674.014771
1208.53125	1674.006958
1212.076172	1673.301636
1215.619141	1739.55481
1219.160156	1705.38147
1222.699219	1784.964844
1226.238281	1771.033325
1229.775391	1792.022095
1233.310547	1810.930908
1236.84375	1823.56189
1240.376953	1786.53772
1243.908203	1801.967285
1247.4375	1798.506714
1250.964844	1790.140381
1254.492188	1830.111938
1258.017578	1771.983765
1261.541016	1775.515625
1265.064453	1802.901611
1268.583984	1840.83667
1272.103516	1799.46582
1275.623047	1812.846313
1279.138672	1777.050415
1282.654297	1831.203247
1286.167969	1804.526733
1289.679688	1848.884766
1293.191406	1830.63855
1296.701172	1842.653687
1300.208984	1867.3573
1303.714844	1896.308716
1307.220703	1945.727539
1310.722656	1950.754883
1314.226563	1944.496948
1317.726563	1964.349365
1321.226563	1980.687012
1324.724609	1938.404907
1328.220703	1935.663086
1331.714844	1971.803223
1335.208984	1977.559326
1338.701172	1978.366577
1342.191406	1990.499634
1345.681641	1916.956299
1349.169922	1887.275513
1352.65625	1888.045166
1356.140625	1917.884521
1359.625	1884.619751
1363.107422	1861.261719
1366.587891	1870.538574
1370.068359	1849.995483
1373.544922	1850.038452
1377.021484	1784.692017
1380.498047	1798.928223
1383.970703	1867.947876
1387.443359	1863.014893
1390.914063	1833.160767
1394.384766	1889.457642
1397.851563	1875.976196
1401.318359	1842.525513
1404.785156	1811.899536
1408.248047	1833.322998
1411.710938	1896.86853
1415.171875	1876.220825
1418.630859	1844.842529
1422.089844	1881.317261
1425.546875	1876.362305
1429.001953	1872.83313
1432.457031	1923.6698
1435.908203	1968.821899
1439.361328	1966.040405
1442.810547	2005.515137
1446.257813	2019.22583
1449.705078	2075.240479
1453.152344	2021.579468
1456.595703	2056.834229
1460.039063	2033.982788
1463.480469	2029.062256
1466.919922	1991.814209
1470.359375	1952.379761
1473.796875	1966.109253
1477.232422	1922.316528
1480.666016	1920.935547
1484.099609	1949.781982
1487.53125	1938.32959
1490.962891	1898.774658
1494.390625	1861.349121
1497.818359	1821.730225
1501.246094	1846.986572
1504.669922	1844.846313
1508.09375	1812.389038
1511.515625	1768.352051
1514.935547	1823.242676
1518.355469	1810.247681
1521.773438	1811.700562
1525.189453	1836.297852
1528.605469	1818.949829
1532.019531	1882.655151
1535.431641	1884.861816
1538.841797	1855.196167
1542.251953	1898.700195
1545.660156	1853.790527
1549.068359	1959.702148
1552.472656	1982.257813
1555.876953	1938.777832
1559.28125	1914.868408
1562.681641	1920.723633
1566.082031	1999.256958
1569.480469	2063.312256
1572.878906	2037.230469
1576.273438	2012.58252
1579.667969	2030.860718
1583.0625	1986.527954
1586.453125	1993.153564
1589.84375	1985.208252
1593.234375	1959.029175
1596.621094	1985.34314
1600.007813	2000.003174
1603.392578	2012.484497
1606.777344	1992.844604
1610.160156	1937.391846
1613.541016	1988.595825
1616.919922	2033.991333
1620.298828	1954.350098
1623.675781	1964.64502
1627.050781	1946.399658
1630.425781	1969.147827
1633.798828	1983.855103
1637.169922	2000.039551
1640.541016	2008.904541
1643.910156	1997.972534
1647.277344	2000.972778
1650.642578	2103.07251
1654.007813	2136.224609
1657.371094	2116.508301
1660.734375	2115.883789
1664.09375	2058.645752
1667.453125	2149.201904
1670.8125	2066.912354
1674.167969	2061.112549
1677.523438	2045.734009
1680.878906	2030.342896
1684.230469	2025.256714
1687.582031	1973.717041
1690.933594	1973.028809
1694.28125	1946.513916
1697.628906	1896.355957
1700.974609	1891.203735
1704.320313	1875.704468
1707.664063	1867.582764
1711.005859	1876.459229
1714.345703	1884.602539
1717.685547	1855.015259
1721.023438	1866.116455
1724.361328	1826.870605
1727.695313	1837.227783
1731.03125	1840.922729
1734.363281	1826.826416
1737.695313	1849.803467
1741.025391	1839.408447
1744.353516	1836.427734
1747.681641	1875.028931
1751.007813	1797.770996
1754.332031	1842.332031
1757.65625	1826.706909
1760.978516	1830.406738
1764.298828	1803.602661
1767.619141	1806.551025
1770.9375	1787.906494
1774.253906	1803.51416
1777.570313	1834.783936
1780.884766	1808.671631
1784.197266	1842.950562
1787.509766	1866.064331
1790.818359	1798.878784
1794.128906	1842.153931
1797.435547	1831.677856
1800.742188	1792.047974
1804.048828	1816.680298
1807.351563	1781.499634
1810.654297	1819.613892
1813.955078	1792.639038
1817.255859	1862.984863
1820.554688	1847.241333
1823.851563	1829.236572
1827.148438	1837.455933
1830.443359	1853.930908
1833.736328	1814.898682
1837.027344	1837.381348
1840.318359	1875.649536
1843.609375	1863.619873
1846.896484	1847.071533
1850.183594	1848.551758
1853.46875	1851.536743
1856.753906	1828.94397
1860.037109	1850.738647
1863.318359	1815.326904
1866.599609	1813.029053
1869.878906	1828.813721
1873.15625	1858.179077
1876.433594	1857.402344
1879.708984	1848.325928
1882.982422	1869.43042
1886.255859	1839.965332
1889.527344	1823.316895
1892.796875	1825.545044
1896.066406	1842.892456
1899.333984	1839.07959
1902.599609	1870.818604
1905.865234	1868.526367
1909.128906	1857.146729
1912.390625	1854.089111
1915.652344	1871.485962
1918.912109	1851.755005
1922.169922	1896.461914
1925.427734	1875.965698
1928.683594	1868.353882
1931.939453	1859.217163
1935.191406	1847.794556
1938.445313	1862.954346
1941.695313	1850.003174
1944.945313	1830.958496
1948.193359	1884.921997
1951.441406	1832.392822
1954.6875	1871.934448
1957.931641	1830.781494
1961.173828	1864.25769
1964.416016	1832.976563
1967.658203	1838.268311
1970.896484	1918.312988
1974.134766	1907.61731
1977.373047	1896.91272
1980.607422	1857.94458
1983.84375	1859.434326
1987.076172	1842.58313
1990.308594	1857.064331
1993.539063	1863.908081
1996.767578	1874.582397
1999.996094	1856.178101
2003.222656	1879.108521
2006.449219	1847.668213
2009.673828	1927.320801
2012.896484	1881.307861
2016.119141	1861.334106
2019.339844	1874.335205
2022.558594	1868.925171
2025.777344	1905.740967
2028.994141	1830.438965
2032.208984	1847.288452
2035.423828	1874.912842
2038.636719	1815.658813
2041.847656	1874.064331
2045.058594	1803.21875
2048.267578	1790.061401
2051.476563	1863.928223
2054.683594	1886.227295
2057.888672	1855.356812
2061.09375	1851.45105
2064.296875	1850.627441
2067.498047	1871.410767
2070.699219	1881.401489
2073.898438	1868.230225
2077.097656	1858.138672
2080.292969	1850.357544
2083.490234	1860.354004
2086.683594	1872.678223
2089.876953	1820.784912
2093.068359	1864.841187
2096.259766	1812.903809
2099.449219	1856.990234
2102.636719	1845.309326
2105.824219	1860.755005
2109.009766	1838.982666
2112.195313	1862.972046
2115.378906	1856.707153
2118.560547	1870.626343
2121.742188	1865.135498
2124.921875	1896.164429
2128.099609	1876.684814
2131.277344	1847.079346
2134.453125	1884.359985
2137.626953	1879.639893
2140.800781	1818.076538
2143.972656	1916.143677
2147.144531	1859.221313
2150.314453	1840.450928
2153.482422	1827.124512
2156.650391	1866.055664
2159.816406	1888.627441
2162.980469	1859.688232
2166.144531	1861.967407
2169.306641	1882.218384
2172.46875	1850.115479
2175.628906	1854.738037
2178.787109	1818.687744
2181.945313	1837.386475
2185.101563	1860.013306
2188.255859	1810.608643
2191.410156	1810.522095
2194.564453	1822.974854
2197.714844	1900.512085
2200.865234	1882.418945
2204.013672	1863.526733
2207.162109	1857.178589
2210.308594	1850.039917
2213.455078	1854.678589
2216.599609	1922.974243
2219.742188	1846.669922
2222.884766	1880.410034
2226.025391	1809.537231
2229.164063	1863.751709
2232.302734	1822.736816
2235.439453	1853.367188
2238.576172	1865.109497
2241.710938	1873.707397
2244.84375	1840.517334
2247.976563	1830.178589
2251.107422	1876.651855
2254.236328	1891.581421
2257.365234	1829.913452
2260.492188	1892.240356
2263.619141	1905.610962
2266.744141	1895.270752
2269.867188	1874.639282
2272.990234	1837.374512
2276.111328	1907.737427
2279.232422	1898.172241
2282.351563	1866.417847
2285.46875	1894.076172
2288.585938	1878.943848
2291.701172	1837.627075
2294.816406	1855.783936
2297.929688	1866.01709
2301.041016	1854.025269
2304.152344	1872.207886
2307.261719	1864.976074
2310.369141	1889.535278
2313.476563	1856.856323
2316.583984	1855.177856
2319.6875	1834.397583
2322.791016	1913.914307
2325.894531	1975.173096
2328.996094	1988.673462
2332.095703	1988.633789
2335.195313	1947.928711
2338.292969	1868.904785
2341.388672	1904.726318
2344.484375	1886.292725
2347.578125	1875.03186
2350.671875	1816.628662
2353.763672	1887.646606
2356.853516	1863.580444
2359.943359	1874.685791
2363.03125	1836.19397
2366.119141	1868.906982
2369.205078	1863.211304
2372.289063	1879.137695
2375.373047	1887.864014
2378.457031	1928.660767
2381.537109	1847.597778
2384.617188	1853.111938
2387.697266	1877.890259
2390.773438	1834.447021
2393.851563	1894.57373
2396.925781	1900.112305
2400	1864.664185
2403.074219	1907.180542
2406.146484	1829.077148
2409.216797	1843.44873
2412.286133	1842.536621
2415.355469	1896.380859
2418.421875	1885.014893
2421.488281	1866.387085
2424.553711	1879.185425
2427.617188	1865.379395
2430.679688	1895.935303
2433.741211	1900.687256
2436.801758	1852.961914
2439.861328	1864.161865
2442.918945	1866.481812
2445.976563	1863.953247
2449.032227	1822.609009
2452.086914	1886.392212
2455.140625	1858.781128
2458.192383	1910.4823
2461.243164	1869.091553
2464.293945	1923.265137
2467.342773	1902.108154
2470.390625	1890.663574
2473.436523	1887.320557
2476.482422	1879.917847
2479.526367	1923.643921
2482.569336	1874.025879
2485.611328	1926.716797
2488.652344	1882.749878
2491.692383	1881.019409
2494.730469	1893.924683
2497.768555	1919.041748
2500.804688	1897.790405
2503.839844	1895.247192
2506.873047	1900.031372
2509.90625	1882.821289
2512.938477	1853.372314
2515.96875	1911.141479
2518.998047	1880.864502
2522.026367	1868.515259
2525.053711	1900.233887
2528.079102	1862.568359
2531.104492	1882.871582
2534.12793	1877.8573
2537.150391	1895.728149
2540.171875	1909.522949
2543.192383	1919.237305
2546.211914	1882.309937
2549.230469	1879.73999
2552.24707	1860.787476
2555.262695	1903.269043
2558.277344	1923.6521
2561.291016	1944.869873
2564.303711	1875.877319
2567.31543	1872.475952
2570.325195	1901.90564
2573.333984	1906.722168
2576.341797	1924.685303
2579.348633	1894.998779
2582.354492	1894.062256
2585.359375	1910.394775
2588.363281	1932.497681
2591.365234	1916.758911
2594.366211	1910.064331
2597.366211	1880.303223
2600.365234	1895.010986
2603.363281	1893.244751
2606.360352	1940.124146
2609.355469	1895.480957
2612.350586	1887.110474
2615.34375	1906.798706
2618.335938	1900.076904
2621.327148	1936.305176
2624.317383	1924.630127
2627.306641	1893.105591
2630.293945	1873.961914
2633.280273	1878.79541
2636.266602	1861.286499
2639.250977	1918.276489
2642.234375	1892.486328
2645.216797	1940.415527
2648.197266	1921.244263
2651.177734	1906.203857
2654.157227	1933.453979
2657.134766	1927.533569
2660.111328	1914.967651
2663.086914	1892.42749
2666.061523	1912.235107
2669.035156	1920.423096
2672.007813	1885.389038
2674.978516	1911.036011
2677.949219	1923.390869
2680.917969	1924.103394
2683.885742	1902.337524
2686.852539	1908.871704
2689.818359	1924.574951
2692.783203	1938.622437
2695.74707	1902.653931
2698.708984	1915.034668
2701.670898	1949.952515
2704.630859	1933.979492
2707.589844	1973.104248
2710.547852	1983.857056
2713.504883	1921.918579
2716.460938	2014.5802
2719.416016	2002.780518
2722.369141	1949.144409
2725.322266	1980.827271
2728.273438	2044.345093
2731.223633	1981.451416
2734.173828	2003.126587
2737.12207	1984.588989
2740.069336	2009.633911
2743.014648	1969.277832
2745.959961	1996.012695
2748.904297	1939.67395
2751.84668	1975.652588
2754.788086	1998.218262
2757.729492	1899.804199
2760.668945	1953.458374
2763.607422	1981.084595
2766.544922	1949.007202
2769.481445	1948.040771
2772.416016	1940.338745
2775.350586	1942.735962
2778.28418	1961.982666
2781.21582	1924.78064
2784.146484	1933.074707
2787.077148	1970.891357
2790.005859	1912.55896
2792.933594	1948.707031
2795.860352	1897.921265
2798.785156	1927.332886
2801.709961	1977.887939
2804.633789	1972.696533
2807.555664	1959.045654
2810.477539	1920.855591
2813.397461	1951.173584
2816.316406	2026.374634
2819.234375	2011.874878
2822.151367	2014.305176
2825.067383	1934.542114
2827.982422	2030.189697
2830.896484	2023.300049
2833.80957	2044.398926
2836.720703	2045.994629
2839.631836	2081.547852
2842.541016	2129.86499
2845.450195	2184.163818
2848.357422	2309.888916
2851.263672	2398.29834
2854.168945	2405.126953
2857.073242	2392.391846
2859.976563	2477.522217
2862.878906	2566.971191
2865.779297	2652.226318
2868.679688	2787.812012
2871.579102	2828.887451
2874.476563	2886.192139
2877.374023	2948.655762
2880.269531	2953.14209
2883.164063	3003.724121
2886.057617	3033.849121
2888.950195	2978.575928
2891.841797	2984.786377
2894.732422	3005.532227
2897.62207	3023.727295
2900.510742	3021.404297
2903.398438	3141.450928
2906.28418	3172.553955
2909.169922	3285.890137
2912.053711	3304.216553
2914.9375	3433.964355
2917.819336	3555.232666
2920.700195	3598.545166
2923.581055	3657.331055
2926.459961	3715.300537
2929.337891	3749.271729
2932.214844	3813.326904
2935.09082	3795.806641
2937.96582	3786.007813
2940.838867	3761.584961
2943.711914	3682.957031
2946.583984	3502.742432
2949.454102	3423.962158
2952.324219	3307.238525
2955.193359	3212.824951
2958.060547	3182.966553
2960.926758	3209.11377
2963.792969	3079.206543
2966.657227	3125.173584
2969.520508	3079.705078
2972.382813	3013.486084
2975.244141	2952.399658
2978.104492	2915.456055
2980.963867	2903.54541
2983.822266	2762.820557
2986.679688	2743.062012
2989.536133	2659.272217
2992.390625	2547.72876
2995.245117	2500.166992
2998.098633	2416.197266
3000.950195	2337.364502
3003.801758	2343.405762
3006.651367	2254.952393
3009.500977	2166.435059
3012.348633	2166.34668
3015.195313	2154.107178
3018.041992	2130.571777
3020.886719	2087.911621
3023.730469	2006.122925
3026.573242	2054.64624
3029.415039	2031.039185
3032.255859	2041.335693
3035.095703	2061.209961
3037.93457	2031.48584
3040.772461	2048.757813
3043.609375	2051.234375
3046.445313	2073.752686
3049.280273	2038.758789
3052.114258	2080.470947
3054.946289	2087.321777
3057.77832	2110.756104
3060.609375	2082.706543
3063.438477	2088.691162
3066.267578	2077.209229
3069.094727	2076.20459
3071.921875	2086.5625
3074.74707	2045.334961
3077.572266	1975.210205
3080.395508	2047.671997
3083.21875	2030.895752
3086.040039	1972.073364
3088.860352	2036.726196
3091.679688	2031.318848
3094.499023	1954.899658
3097.316406	2025.75293
3100.132813	1961.557861
3102.948242	1956.114136
3105.762695	1961.200806
3108.576172	1968.925171
3111.388672	1949.420654
3114.201172	1945.720825
3117.011719	1972.787598
3119.821289	1896.098022
3122.629883	1975.071777
3125.436523	1975.774292
3128.243164	1957.108276
3131.048828	1958.684814
3133.853516	1981.406372
3136.657227	1938.925171
3139.459961	1946.667114
3142.261719	1971.171143
3145.0625	1941.873779
3147.861328	1909.907471
3150.660156	1947.666748
3153.458008	1981.919556
3156.254883	1953.466187
3159.049805	1930.295166
3161.844727	1936.28418
3164.638672	1943.161499
3167.430664	1982.779785
3170.222656	1950.733765
3173.013672	1975.330078
3175.802734	1951.229248
3178.591797	1964.323975
3181.379883	1940.201294
3184.166016	1900.101196
3186.952148	1914.964355
3189.737305	1940.485107
3192.520508	1882.589355
3195.303711	1958.726563
3198.084961	1959.418213
3200.866211	1907.013062
