399.363281	931.784424
403.25	910.569214
407.134766	881.701599
411.017578	911.359619
414.898438	899.020935
418.777344	907.054504
422.654297	882.59491
426.53125	882.977417
430.404297	825.319763
434.277344	875.447632
438.148438	876.465149
442.017578	873.651428
445.884766	855.501221
449.751953	866.73761
453.615234	867.752075
457.478516	863.00946
461.339844	866.582703
465.199219	857.993225
469.056641	852.598938
472.912109	867.065979
476.765625	845.00116
480.619141	858.83551
484.470703	857.922974
488.320313	850.589844
492.167969	865.72821
496.013672	884.734497
499.857422	869.689209
503.699219	861.704407
507.541016	851.782471
511.380859	892.697449
515.21875	899.521057
519.054688	874.141663
522.888672	857.117981
526.720703	894.881165
530.552734	844.311035
534.380859	845.319641
538.208984	881.834656
542.035156	883.505615
545.859375	860.625427
549.683594	871.98407
553.503906	866.538818
557.324219	839.739319
561.140625	835.569458
564.957031	839.813354
568.773438	840.173889
572.585938	834.053955
576.396484	840.246948
580.207031	826.98645
584.015625	820.203369
587.820313	814.063354
591.626953	853.379456
595.429688	840.100891
599.230469	819.660583
603.03125	823.263123
606.828125	837.277588
610.625	808.348145
614.419922	828.227844
618.214844	824.022461
622.005859	858.26239
625.796875	833.203125
629.583984	814.644592
633.371094	843.703552
637.15625	863.648071
640.941406	852.914856
644.722656	855.239319
648.503906	838.610107
652.283203	848.122986
656.060547	861.568848
659.835938	865.863403
663.609375	856.411621
667.382813	886.253235
671.152344	870.903809
674.921875	876.519836
678.689453	880.172791
682.455078	844.459839
686.220703	864.51239
689.982422	878.014709
693.744141	904.011047
697.503906	882.706177
701.261719	877.821533
705.017578	888.062439
708.773438	885.149719
712.525391	885.526184
716.277344	887.878723
720.027344	929.769592
723.775391	899.181274
727.523438	908.136841
731.267578	911.821533
735.011719	941.911682
738.753906	940.990906
742.494141	891.182861
746.232422	917.997253
749.970703	959.380249
753.707031	967.063354
757.439453	957.547241
761.171875	955.967102
764.904297	968.956177
768.632813	981.955933
772.361328	987.012024
776.087891	1000.029907
779.8125	983.204163
783.535156	1017.469666
787.255859	1000.636536
790.976563	980.467468
794.695313	956.958252
798.412109	1021.85199
802.126953	981.711975
805.839844	1001.423523
809.552734	1016.491638
813.263672	988.950806
816.972656	970.047546
820.679688	989.786377
824.384766	993.53833
828.089844	1012.636108
831.791016	1011.06134
835.492188	998.802551
839.193359	978.518005
842.890625	986.281006
846.587891	990.707764
850.28125	994.469238
853.974609	1012.95282
857.666016	1008.694214
861.357422	1010.458252
865.044922	984.757568
868.732422	982.491394
872.417969	976.870667
876.101563	945.756531
879.785156	959.575012
883.464844	1002.271362
887.144531	981.873291
890.822266	982.286072
894.5	964.550537
898.173828	979.749573
901.847656	949.215759
905.519531	972.496704
909.189453	1009.935974
912.857422	965.904114
916.523438	949.463074
920.189453	943.120056
923.853516	954.980774
927.515625	939.863098
931.177734	933.507263
934.835938	969.687866
938.494141	974.82312
942.150391	943.467224
945.804688	987.134033
949.458984	967.255371
953.109375	954.803284
956.759766	999.205933
960.408203	969.147705
964.056641	957.357483
967.701172	955.046692
971.345703	952.055542
974.988281	928.031677
978.628906	945.386292
982.267578	941.028625
985.90625	961.798889
989.542969	958.123474
993.177734	989.114746
996.810547	954.163086
1000.443359	1035.525513
1004.074219	1045.486816
1007.703125	975.786194
1011.330078	965.974792
1014.955078	962.288574
1018.580078	959.962524
1022.203125	955.588074
1025.824219	953.939209
1029.443359	1008.265442
1033.0625	986.148743
1036.679688	968.795837
1040.294922	999.27301
1043.908203	981.910583
1047.519531	983.687256
1051.130859	991.624329
1054.740234	989.982788
1058.347656	981.490479
1061.953125	949.008606
1065.558594	969.282227
1069.162109	968.999207
1072.763672	968.029602
1076.363281	995.885376
1079.962891	995.612244
1083.560547	1036.553467
1087.15625	998.500488
1090.75	967.290466
1094.34375	1008.270142
1097.933594	1022.449341
1101.523438	990.521301
1105.113281	1010.902039
1108.699219	1018.898987
1112.285156	973.144958
1115.869141	979.753418
1119.451172	1014.647522
1123.03125	1028.868652
1126.611328	1048.624023
1130.189453	993.808044
1133.765625	971.419189
1137.341797	968.365051
1140.914063	969.45697
1144.486328	976.775513
1148.056641	963.338196
1151.626953	973.429016
1155.193359	973.831238
1158.759766	991.556274
1162.324219	1003.056885
1165.888672	965.329407
1169.449219	1001.110168
1173.009766	1013.322205
1176.568359	1019.98938
1180.125	1005.822876
1183.681641	999.983459
1187.236328	1004.566956
1190.789063	1024.454712
1194.339844	1017.919128
1197.890625	1046.18103
1201.439453	1043.826538
1204.986328	1065.155396
1208.53125	1064.897095
1212.076172	1079.976807
1215.619141	1125.758423
1219.160156	1112.265991
1222.699219	1127.382935
1226.238281	1174.636475
1229.775391	1113.638672
1233.310547	1146.946289
1236.84375	1118.050415
1240.376953	1140.893921
1243.908203	1131.56543
1247.4375	1128.529785
1250.964844	1132.494873
1254.492188	1115.443359
1258.017578	1122.209595
1261.541016	1162.640137
1265.064453	1169.430786
1268.583984	1155.172363
1272.103516	1143.008301
1275.623047	1148.393555
1279.138672	1134.108032
1282.654297	1138.790527
1286.167969	1180.748413
1289.679688	1182.639038
1293.191406	1190.865234
1296.701172	1189.240356
1300.208984	1219.311768
1303.714844	1258.568359
1307.220703	1225.949341
1310.722656	1241.26123
1314.226563	1224.835449
1317.726563	1241.570435
1321.226563	1234.310425
1324.724609	1231.282715
1328.220703	1244.506348
1331.714844	1266.224365
1335.208984	1272.399536
1338.701172	1252.399414
1342.191406	1215.394043
1345.681641	1208.10022
1349.169922	1237.638916
1352.65625	1199.163818
1356.140625	1212.415039
1359.625	1189.502197
1363.107422	1176.504761
1366.587891	1164.206177
1370.068359	1184.565186
1373.544922	1163.023315
1377.021484	1173.447388
1380.498047	1181.74646
1383.970703	1188.629395
1387.443359	1180.573608
1390.914063	1200.987305
1394.384766	1190.792725
1397.851563	1149.952759
1401.318359	1201.027344
1404.785156	1160.870728
1408.248047	1160.629028
1411.710938	1175.373413
1415.171875	1203.694214
1418.630859	1152.044556
1422.089844	1211.102417
1425.546875	1205.875488
1429.001953	1229.247803
1432.457031	1232.608032
1435.908203	1259.588013
1439.361328	1275.133911
1442.810547	1316.477417
1446.257813	1342.806641
1449.705078	1339.049805
1453.152344	1344.612061
1456.595703	1318.612305
1460.039063	1314.839966
1463.480469	1330.450195
1466.919922	1321.651001
1470.359375	1263.262329
1473.796875	1279.588501
1477.232422	1283.701782
1480.666016	1230.262085
1484.099609	1263.867554
1487.53125	1198.135376
1490.962891	1192.856934
1494.390625	1200.544922
1497.818359	1152.008301
1501.246094	1159.685425
1504.669922	1154.381714
1508.09375	1186.605957
1511.515625	1174.087524
1514.935547	1134.108887
1518.355469	1158.41394
1521.773438	1174.785889
1525.189453	1170.920166
1528.605469	1176.456787
1532.019531	1174.035645
1535.431641	1192.61145
1538.841797	1214.099487
1542.251953	1194.296997
1545.660156	1228.127197
1549.068359	1201.786255
1552.472656	1274.101318
1555.876953	1255.741577
1559.28125	1257.698975
1562.681641	1238.590698
1566.082031	1268.88501
1569.480469	1283.208618
1572.878906	1317.181152
1576.273438	1286.422974
1579.667969	1270.925781
1583.0625	1311.487183
1586.453125	1265.390259
1589.84375	1287.032959
1593.234375	1268.593506
1596.621094	1261.079468
1600.007813	1271.070923
1603.392578	1275.960449
1606.777344	1275.011597
1610.160156	1279.905884
1613.541016	1268.725586
1616.919922	1250.955811
1620.298828	1274.130981
1623.675781	1262.202148
1627.050781	1280.275635
1630.425781	1262.480713
1633.798828	1265.183838
1637.169922	1293.539673
1640.541016	1301.388916
1643.910156	1295.308228
1647.277344	1353.059692
1650.642578	1326.440552
1654.007813	1361.485229
1657.371094	1359.090698
1660.734375	1357.428833
1664.09375	1368.999512
1667.453125	1365.86853
1670.8125	1364.942139
1674.167969	1325.736938
1677.523438	1304.173828
1680.878906	1334.162109
1684.230469	1296.370728
1687.582031	1288.777466
1690.933594	1293.716797
1694.28125	1235.94043
1697.628906	1263.745117
1700.974609	1214.771606
1704.320313	1194.570313
1707.664063	1199.480347
1711.005859	1195.521851
1714.345703	1201.175293
1717.685547	1199.433472
1721.023438	1179.924561
1724.361328	1165.583374
1727.695313	1204.569458
1731.03125	1183.556152
1734.363281	1167.715698
1737.695313	1168.921509
1741.025391	1192.387817
1744.353516	1194.346069
1747.681641	1175.513184
1751.007813	1175.97998
1754.332031	1126.654053
1757.65625	1163.53125
1760.978516	1192.999756
1764.298828	1186.776489
1767.619141	1196.179443
1770.9375	1134.847778
1774.253906	1178.504517
1777.570313	1149.907227
1780.884766	1171.237915
1784.197266	1147.835205
1787.509766	1216.933594
1790.818359	1180.09436
1794.128906	1176.827881
1797.435547	1166.835571
1800.742188	1196.442383
1804.048828	1177.477905
1807.351563	1145.036011
1810.654297	1188.135986
1813.955078	1183.366333
1817.255859	1156.128906
1820.554688	1188.796387
1823.851563	1175.027832
1827.148438	1193.484253
1830.443359	1199.205322
1833.736328	1174.169678
1837.027344	1137.855469
1840.318359	1184.85791
1843.609375	1167.297607
1846.896484	1171.515259
1850.183594	1168.970337
1853.46875	1167.927124
1856.753906	1209.766357
1860.037109	1185.406006
1863.318359	1167.049683
1866.599609	1172.028809
1869.878906	1189.067993
1873.15625	1175.967285
1876.433594	1190.004395
1879.708984	1179.910889
1882.982422	1169.809082
1886.255859	1183.859497
1889.527344	1209.250366
1892.796875	1195.369263
1896.066406	1145.949585
1899.333984	1194.796753
1902.599609	1168.788818
1905.865234	1182.113525
1909.128906	1173.492676
1912.390625	1170.166504
1915.652344	1179.71814
1918.912109	1202.16272
1922.169922	1222.349731
1925.427734	1168.211548
1928.683594	1194.471558
1931.939453	1196.458252
1935.191406	1183.256836
1938.445313	1164.726318
1941.695313	1178.864014
1944.945313	1197.574585
1948.193359	1202.607544
1951.441406	1186.337402
1954.6875	1173.099243
1957.931641	1175.843018
1961.173828	1181.636108
1964.416016	1176.763306
1967.658203	1158.924805
1970.896484	1218.872437
1974.134766	1161.357422
1977.373047	1181.658325
1980.607422	1188.99292
1983.84375	1174.942505
1987.076172	1186.86499
1990.308594	1210.264648
1993.539063	1201.559204
1996.767578	1198.967651
1999.996094	1169.583618
2003.222656	1195.309082
2006.449219	1189.647095
2009.673828	1183.980347
2012.896484	1187.508545
2016.119141	1214.046997
2019.339844	1173.089844
2022.558594	1203.480347
2025.777344	1181.682251
2028.994141	1175.22937
2032.208984	1181.834351
2035.423828	1163.076294
2038.636719	1174.295288
2041.847656	1183.214722
2045.058594	1207.533081
2048.267578	1181.825562
2051.476563	1174.582886
2054.683594	1198.155029
2057.888672	1225.599243
2061.09375	1185.977417
2064.296875	1191.066528
2067.498047	1179.953369
2070.699219	1185.815674
2073.898438	1173.146606
2077.097656	1175.147217
2080.292969	1218.886353
2083.490234	1155.955566
2086.683594	1180.382813
2089.876953	1183.161987
2093.068359	1203.747681
2096.259766	1198.018799
2099.449219	1210.10376
2102.636719	1199.72229
2105.824219	1202.512939
2109.009766	1207.632202
2112.195313	1197.236938
2115.378906	1227.196533
2118.560547	1192.728149
2121.742188	1190.082275
2124.921875	1210.747559
2128.099609	1197.22229
2131.277344	1167.354126
2134.453125	1213.708374
2137.626953	1232.857056
2140.800781	1210.753296
2143.972656	1208.884155
2147.144531	1230.389893
2150.314453	1236.321533
2153.482422	1165.055054
2156.650391	1193.589111
2159.816406	1175.319336
2162.980469	1205.440186
2166.144531	1189.50354
2169.306641	1211.839233
2172.46875	1232.628662
2175.628906	1225.284302
2178.787109	1210.111816
2181.945313	1216.055542
2185.101563	1220.437988
2188.255859	1200.546387
2191.410156	1190.82373
2194.564453	1230.468872
2197.714844	1195.660522
2200.865234	1207.885498
2204.013672	1197.364868
2207.162109	1182.911255
2210.308594	1195.144653
2213.455078	1166.538574
2216.599609	1199.206665
2219.742188	1180.799561
2222.884766	1211.138184
2226.025391	1199.80188
2229.164063	1208.920044
2232.302734	1227.493164
2235.439453	1205.121948
2238.576172	1190.612793
2241.710938	1170.574463
2244.84375	1187.58313
2247.976563	1198.293579
2251.107422	1224.795532
2254.236328	1211.054199
2257.365234	1218.625977
2260.492188	1200.920776
2263.619141	1229.834351
2266.744141	1210.537964
2269.867188	1188.0625
2272.990234	1232.829224
2276.111328	1215.094116
2279.232422	1198.928955
2282.351563	1221.568848
2285.46875	1194.298218
2288.585938	1201.889893
2291.701172	1189.659302
2294.816406	1217.0896
2297.929688	1197.711548
2301.041016	1191.022705
2304.152344	1243.10791
2307.261719	1184.780273
2310.369141	1208.285034
2313.476563	1184.093872
2316.583984	1231.481689
2319.6875	1209.667847
2322.791016	1210.128784
2325.894531	1308.552124
2328.996094	1339.326904
2332.095703	1311.143311
2335.195313	1269.382935
2338.292969	1168.564087
2341.388672	1173.796509
2344.484375	1210.963257
2347.578125	1240.172241
2350.671875	1201.499268
2353.763672	1209.947876
2356.853516	1241.587402
2359.943359	1232.461914
2363.03125	1212.128052
2366.119141	1205.38501
2369.205078	1177.818604
2372.289063	1192.683716
2375.373047	1194.739014
2378.457031	1220.042236
2381.537109	1156.352417
2384.617188	1237.012329
2387.697266	1206.18335
2390.773438	1238.75354
2393.851563	1217.538696
2396.925781	1230.85498
2400	1190.330933
2403.074219	1234.199951
2406.146484	1226.623901
2409.216797	1243.98584
2412.286133	1233.187378
2415.355469	1242.511963
2418.421875	1180.953735
2421.488281	1243.452148
2424.553711	1212.481689
2427.617188	1204.875366
2430.679688	1213.39856
2433.741211	1219.506714
2436.801758	1221.582275
2439.861328	1201.851318
2442.918945	1230.585205
2445.976563	1239.132813
2449.032227	1244.452148
2452.086914	1265.144653
2455.140625	1246.200684
2458.192383	1225.623047
2461.243164	1218.796631
2464.293945	1244.370361
2467.342773	1218.905273
2470.390625	1239.633179
2473.436523	1217.390747
2476.482422	1221.094604
2479.526367	1228.859375
2482.569336	1234.193848
2485.611328	1225.723267
2488.652344	1255.437378
2491.692383	1249.406616
2494.730469	1181.568359
2497.768555	1225.941528
2500.804688	1225.588501
2503.839844	1220.350342
2506.873047	1225.695313
2509.90625	1245.709106
2512.938477	1232.321411
2515.96875	1229.522705
2518.998047	1229.168579
2522.026367	1228.813965
2525.053711	1261.108765
2528.079102	1247.700317
2531.104492	1221.21167
2534.12793	1255.173462
2537.150391	1249.104126
2540.171875	1229.945435
2543.192383	1240.223267
2546.211914	1252.963745
2549.230469	1255.889038
2552.24707	1220.322754
2555.262695	1218.321533
2558.277344	1249.103394
2561.291016	1279.908081
2564.303711	1244.296387
2567.31543	1222.607056
2570.325195	1233.735107
2573.333984	1221.057617
2576.341797	1221.513916
2579.348633	1229.366089
2582.354492	1282.437988
2585.359375	1238.508179
2588.363281	1230.74353
2591.365234	1272.352661
2594.366211	1255.537964
2597.366211	1228.00354
2600.365234	1232.581055
2603.363281	1251.173462
2606.360352	1223.605713
2609.355469	1229.835571
2612.350586	1263.299561
2615.34375	1242.308228
2618.335938	1260.111816
2621.327148	1273.797974
2624.317383	1243.696167
2627.306641	1290.453125
2630.293945	1237.178711
2633.280273	1264.112427
2636.266602	1273.686035
2639.250977	1251.805786
2642.234375	1277.945923
2645.216797	1292.505615
2648.197266	1276.409058
2651.177734	1249.52124
2654.157227	1261.597412
2657.134766	1273.682251
2660.111328	1255.063354
2663.086914	1289.574341
2666.061523	1263.470703
2669.035156	1283.052002
2672.007813	1285.190308
2674.978516	1283.171753
2677.949219	1276.159912
2680.917969	1296.605957
2683.885742	1297.918701
2686.852539	1245.097412
2689.818359	1302.212402
2692.783203	1261.854858
2695.74707	1274.828125
2698.708984	1265.290771
2701.670898	1248.236572
2704.630859	1279.581665
2707.589844	1278.384521
2710.547852	1303.080811
2713.504883	1276.822388
2716.460938	1290.668823
2719.416016	1335.465698
2722.369141	1332.612549
2725.322266	1343.983276
2728.273438	1302.621216
2731.223633	1309.801392
2734.173828	1353.848755
2737.12207	1331.719604
2740.069336	1330.533569
2743.014648	1325.152954
2745.959961	1334.03125
2748.904297	1294.234985
2751.84668	1299.74939
2754.788086	1311.986938
2757.729492	1316.671021
2760.668945	1301.184814
2763.607422	1306.708618
2766.544922	1302.14209
2769.481445	1367.415161
2772.416016	1301.415894
2775.350586	1300.209961
2778.28418	1354.602051
2781.21582	1339.087769
2784.146484	1270.450684
2787.077148	1309.710815
2790.005859	1316.940674
2792.933594	1299.700684
2795.860352	1295.956055
2798.785156	1325.991577
2801.709961	1334.081665
2804.633789	1273.716187
2807.555664	1315.612915
2810.477539	1311.865723
2813.397461	1314.038452
2816.316406	1329.755371
2819.234375	1320.081177
2822.151367	1344.28186
2825.067383	1348.163208
2827.982422	1364.762085
2830.896484	1366.957153
2833.80957	1388.664307
2836.720703	1423.116211
2839.631836	1414.298096
2842.541016	1486.999023
2845.450195	1547.009766
2848.357422	1616.412354
2851.263672	1689.265869
2854.168945	1726.452515
2857.073242	1750.053345
2859.976563	1783.032959
2862.878906	1795.602783
2865.779297	1854.173584
2868.679688	1884.670044
2871.579102	1968.885132
2874.476563	2111.993408
2877.374023	2146.027588
2880.269531	2102.439209
2883.164063	2101.497314
2886.057617	2100.554199
2888.950195	2096.193115
2891.841797	2091.828369
2894.732422	2175.506104
2897.62207	2147.222656
2900.510742	2207.028076
2903.398438	2231.790771
2906.28418	2253.146729
2909.169922	2321.618164
2912.053711	2324.174072
2914.9375	2425.285645
2917.819336	2458.74292
2920.700195	2565.121338
2923.581055	2614.953125
2926.459961	2633.924072
2929.337891	2594.5271
2932.214844	2661.599121
2935.09082	2694.352539
2937.96582	2676.419678
2940.838867	2607.745605
2943.711914	2566.544434
2946.583984	2469.385986
2949.454102	2296.413086
2952.324219	2273.995605
2955.193359	2318.746582
2958.060547	2241.173828
2960.926758	2119.583984
2963.792969	2136.733154
2966.657227	2151.306396
2969.520508	2086.502441
2972.382813	2107.109619
2975.244141	2044.83252
2978.104492	1967.824829
2980.963867	1970.262817
2983.822266	1944.175049
2986.679688	1849.750854
2989.536133	1816.679199
2992.390625	1738.582642
2995.245117	1702.849121
2998.098633	1699.998291
3000.950195	1652.095703
3003.801758	1567.759155
3006.651367	1554.452026
3009.500977	1510.780518
3012.348633	1507.853638
3015.195313	1458.057983
3018.041992	1426.458496
3020.886719	1407.86377
3023.730469	1407.500732
3026.573242	1394.969116
3029.415039	1410.250732
3032.255859	1403.798828
3035.095703	1366.889282
3037.93457	1382.17627
3040.772461	1373.964966
3043.609375	1397.974976
3046.445313	1395.862183
3049.280273	1372.828247
3052.114258	1375.063965
3054.946289	1425.275391
3057.77832	1437.12915
3060.609375	1471.686157
3063.438477	1449.509766
3066.267578	1441.293213
3069.094727	1432.196655
3071.921875	1442.324341
3074.74707	1370.260742
3077.572266	1389.120361
3080.395508	1365.114624
3083.21875	1306.951416
3086.040039	1355.581543
3088.860352	1388.477905
3091.679688	1342.52832
3094.499023	1321.091431
3097.316406	1362.779175
3100.132813	1354.492554
3102.948242	1304.953735
3105.762695	1321.220703
3108.576172	1332.229858
3111.388672	1336.218506
3114.201172	1324.390747
3117.011719	1327.499756
3119.821289	1296.31189
3122.629883	1346.919678
3125.436523	1359.719971
3128.243164	1339.074097
3131.048828	1311.367676
3133.853516	1334.740112
3136.657227	1351.959717
3139.459961	1348.031738
3142.261719	1313.232178
3145.0625	1315.462891
3147.861328	1305.338745
3150.660156	1345.532227
3153.458008	1339.827026
3156.254883	1340.302246
3159.049805	1302.772461
3161.844727	1308.539063
3164.638672	1278.046509
3167.430664	1276.729736
3170.222656	1305.504639
3173.013672	1327.216431
3175.802734	1297.571899
3178.591797	1267.906006
3181.379883	1273.672485
3184.166016	1316.682373
3186.952148	1302.069336
3189.737305	1319.387939
3192.520508	1281.6875
3195.303711	1303.449951
3198.084961	1319.898193
3200.866211	1315.457153
