399.363281	1174.582275
403.25	1173.820435
407.134766	1192.778076
411.017578	1177.38501
414.898438	1143.513916
418.777344	1119.167725
422.654297	1121.564575
426.53125	1126.513428
430.404297	1104.040527
434.277344	1121.74707
438.148438	1128.616455
442.017578	1118.886963
445.884766	1081.675537
449.751953	1116.020508
453.615234	1101.15625
457.478516	1113.147827
461.339844	1112.989136
465.199219	1101.945068
469.056641	1123.560181
472.912109	1120.200562
476.765625	1102.091797
480.619141	1113.471558
484.470703	1104.968872
488.320313	1102.236084
492.167969	1102.71167
496.013672	1153.945679
499.857422	1103.66333
503.699219	1136.935425
507.541016	1105.901855
511.380859	1091.575317
515.21875	1124.240356
519.054688	1149.203247
522.888672	1121.986816
526.720703	1113.443726
530.552734	1113.277954
534.380859	1094.39856
538.208984	1087.122681
542.035156	1101.798706
545.859375	1135.224365
549.683594	1120.845337
553.503906	1081.880127
557.324219	1093.34314
561.140625	1102.874023
564.957031	1081.33252
568.773438	1068.193359
572.585938	1088.09375
576.396484	1104.120728
580.207031	1066.32605
584.015625	1081.708008
587.820313	1069.188477
591.626953	1065.100708
595.429688	1050.613403
599.230469	1048.463501
603.03125	1050.213257
606.828125	1035.049438
610.625	1073.241577
614.419922	1065.887573
618.214844	1076.766113
622.005859	1073.968384
625.796875	1082.251343
629.583984	1074.887329
633.371094	1087.744629
637.15625	1101.918335
640.941406	1110.226074
644.722656	1083.259521
648.503906	1092.219482
652.283203	1088.108398
656.060547	1102.965088
659.835938	1118.488647
663.609375	1113.727905
667.382813	1129.268677
671.152344	1132.37146
674.921875	1143.34375
678.689453	1129.401978
682.455078	1087.233887
686.220703	1141.523926
689.982422	1108.518188
693.744141	1144.467407
697.503906	1161.386353
701.261719	1135.578857
705.017578	1161.059448
708.773438	1175.373535
712.525391	1206.817505
716.277344	1203.378662
720.027344	1203.890259
723.775391	1198.468872
727.523438	1206.89209
731.267578	1215.982056
735.011719	1153.132202
738.753906	1231.54248
742.494141	1274.345215
746.232422	1242.501709
749.970703	1264.848022
753.707031	1242.233154
757.439453	1250.700928
761.171875	1254.541382
764.904297	1229.243042
768.632813	1227.776245
772.361328	1280.000122
776.087891	1264.626709
779.8125	1332.168701
783.535156	1297.555908
787.255859	1249.633667
790.976563	1296.661499
794.695313	1303.19104
798.412109	1267.841064
802.126953	1265.051636
805.839844	1316.822021
809.552734	1293.414063
813.263672	1314.605347
816.972656	1315.160645
820.679688	1315.716064
824.384766	1308.269897
828.089844	1324.165039
831.791016	1279.342896
835.492188	1284.556274
839.193359	1306.471802
842.890625	1288.981079
846.587891	1316.932739
850.28125	1338.88855
853.974609	1261.173096
857.666016	1279.107178
861.357422	1297.056152
865.044922	1298.942139
868.732422	1306.190796
872.417969	1225.614014
876.101563	1309.302612
879.785156	1270.933594
883.464844	1262.741089
887.144531	1290.807495
890.822266	1290.006348
894.5	1298.61438
898.173828	1280.331665
901.847656	1309.123901
905.519531	1302.943604
909.189453	1268.479614
912.857422	1256.214233
916.523438	1262.132202
920.189453	1315.244629
923.853516	1300.958984
927.515625	1271.817627
931.177734	1286.525513
934.835938	1303.946533
938.494141	1318.679688
942.150391	1309.094604
945.804688	1304.234009
949.458984	1293.957642
953.109375	1298.55957
956.759766	1273.378296
960.408203	1280.683594
964.056641	1317.128784
967.701172	1281.077515
971.345703	1306.703003
974.988281	1293.681519
978.628906	1297.615601
982.267578	1320.563232
985.90625	1305.492554
989.542969	1349.5271
993.177734	1322.898438
996.810547	1359.495361
1000.443359	1460.757813
1004.074219	1464.77063
1007.703125	1340.088745
1011.330078	1356.99707
1014.955078	1312.583374
1018.580078	1274.268433
1022.203125	1289.123169
1025.824219	1317.637085
1029.443359	1303.167725
1033.0625	1346.734985
1036.679688	1278.29126
1040.294922	1341.705078
1043.908203	1334.058105
1047.519531	1334.613281
1051.130859	1339.958862
1054.740234	1306.968994
1058.347656	1305.457642
1061.953125	1363.557495
1065.558594	1354.527344
1069.162109	1375.66333
1072.763672	1378.979126
1076.363281	1378.865356
1079.962891	1396.603638
1083.560547	1386.192749
1087.15625	1384.019287
1090.75	1385.968506
1094.34375	1403.049805
1097.933594	1380.237793
1101.523438	1378.745117
1105.113281	1368.298584
1108.699219	1392.288574
1112.285156	1371.500366
1115.869141	1397.579346
1119.451172	1392.639893
1123.03125	1447.730713
1126.611328	1472.491821
1130.189453	1427.52002
1133.765625	1352.801392
1137.341797	1331.93396
1140.914063	1355.303711
1144.486328	1353.788696
1148.056641	1336.354858
1151.626953	1367.370117
1155.193359	1356.853027
1158.759766	1392.059082
1162.324219	1362.133179
1165.888672	1404.998169
1169.449219	1372.970825
1173.009766	1407.546265
1176.568359	1400.489136
1180.125	1396.899048
1183.681641	1416.237915
1187.236328	1390.404053
1190.789063	1378.458374
1194.339844	1395.725098
1197.890625	1419.270142
1201.439453	1416.373047
1204.986328	1481.046753
1208.53125	1493.50415
1212.076172	1459.955688
1215.619141	1513.566162
1219.160156	1507.908813
1222.699219	1583.920654
1226.238281	1561.526245
1229.775391	1604.785522
1233.310547	1619.423828
1236.84375	1597.015015
1240.376953	1571.789551
1243.908203	1578.033447
1247.4375	1591.282959
1250.964844	1580.730347
1254.492188	1589.086426
1258.017578	1575.719727
1261.541016	1620.543701
1265.064453	1593.849243
1268.583984	1604.328125
1272.103516	1579.008423
1275.623047	1613.369995
1279.138672	1595.761719
1282.654297	1606.959839
1286.167969	1635.747925
1289.679688	1626.568359
1293.191406	1658.202393
1296.701172	1710.985229
1300.208984	1697.597534
1303.714844	1715.90918
1307.220703	1723.660767
1310.722656	1739.88147
1314.226563	1763.875977
1317.726563	1748.362671
1321.226563	1773.085571
1324.724609	1748.379028
1328.220703	1702.450684
1331.714844	1772.431274
1335.208984	1818.420898
1338.701172	1824.116211
1342.191406	1776.726196
1345.681641	1725.048218
1349.169922	1703.790405
1352.65625	1674.01001
1356.140625	1639.950806
1359.625	1668.282104
1363.107422	1700.184082
1366.587891	1677.450806
1370.068359	1643.335693
1373.544922	1624.82251
1377.021484	1621.219604
1380.498047	1620.45752
1383.970703	1646.013428
1387.443359	1593.31189
1390.914063	1651.624512
1394.384766	1633.779053
1397.851563	1650.830566
1401.318359	1622.990601
1404.785156	1614.380371
1408.248047	1592.922241
1411.710938	1624.969727
1415.171875	1609.923218
1418.630859	1651.28772
1422.089844	1631.951538
1425.546875	1644.050781
1429.001953	1651.868896
1432.457031	1691.885132
1435.908203	1749.825317
1439.361328	1802.084351
1442.810547	1815.70752
1446.257813	1874.483643
1449.705078	1855.88855
1453.152344	1844.449219
1456.595703	1806.455811
1460.039063	1793.550781
1463.480469	1803.61084
1466.919922	1759.807007
1470.359375	1742.554565
1473.796875	1705.159424
1477.232422	1690.027588
1480.666016	1674.163574
1484.099609	1629.496704
1487.53125	1629.435303
1490.962891	1594.797852
1494.390625	1548.602173
1497.818359	1535.530396
1501.246094	1531.102051
1504.669922	1543.985596
1508.09375	1504.910889
1511.515625	1538.011353
1514.935547	1563.914551
1518.355469	1530.580688
1521.773438	1542.765015
1525.189453	1557.851685
1528.605469	1550.520874
1532.019531	1536.669312
1535.431641	1553.942993
1538.841797	1603.103882
1542.251953	1577.660522
1545.660156	1608.745117
1549.068359	1640.57959
1552.472656	1705.090088
1555.876953	1657.143311
1559.28125	1691.939087
1562.681641	1709.327881
1566.082031	1749.985718
1569.480469	1750.689209
1572.878906	1773.212402
1576.273438	1779.018188
1579.667969	1779.004883
1583.0625	1798.652588
1586.453125	1768.778076
1589.84375	1761.471558
1593.234375	1714.059326
1596.621094	1724.958252
1600.007813	1727.109619
1603.392578	1739.481567
1606.777344	1731.416016
1610.160156	1723.343628
1613.541016	1687.492676
1616.919922	1716.682739
1620.298828	1740.044434
1623.675781	1739.277954
1627.050781	1690.19812
1630.425781	1720.166626
1633.798828	1731.843994
1637.169922	1692.961304
1640.541016	1773.55481
1643.910156	1769.863403
1647.277344	1772.038574
1650.642578	1818.992676
1654.007813	1787.408325
1657.371094	1820.446777
1660.734375	1846.896973
1664.09375	1844.693726
1667.453125	1885.148682
1670.8125	1868.977417
1674.167969	1810.098389
1677.523438	1726.134155
1680.878906	1768.078003
1684.230469	1731.196533
1687.582031	1718.615723
1690.933594	1706.762085
1694.28125	1644.723022
1697.628906	1656.45105
1700.974609	1609.110962
1704.320313	1607.535645
1707.664063	1587.4823
1711.005859	1573.327515
1714.345703	1535.492432
1717.685547	1544.982788
1721.023438	1534.494019
1724.361328	1536.585571
1727.695313	1557.19873
1731.03125	1554.853394
1734.363281	1539.901978
1737.695313	1527.16333
1741.025391	1492.154297
1744.353516	1528.376953
1747.681641	1482.943726
1751.007813	1481.303833
1754.332031	1578.504761
1757.65625	1488.427856
1760.978516	1526.950439
1764.298828	1509.69873
1767.619141	1530.395142
1770.9375	1498.237305
1774.253906	1504.790894
1777.570313	1538.177856
1780.884766	1533.568604
1784.197266	1514.784546
1787.509766	1503.446411
1790.818359	1542.109375
1794.128906	1518.824951
1797.435547	1494.027588
1800.742188	1509.564941
1804.048828	1544.552002
1807.351563	1512.255371
1810.654297	1520.335327
1813.955078	1533.660767
1817.255859	1522.286255
1820.554688	1471.950195
1823.851563	1526.487061
1827.148438	1512.096558
1830.443359	1522.443237
1833.736328	1520.043335
1837.027344	1540.908569
1840.318359	1549.776123
1843.609375	1554.894409
1846.896484	1498.397339
1850.183594	1495.981323
1853.46875	1533.421387
1856.753906	1554.338989
1860.037109	1559.467407
1863.318359	1548.787842
1866.599609	1534.333252
1869.878906	1503.289307
1873.15625	1513.68103
1876.433594	1524.834595
1879.708984	1501.293213
1882.982422	1533.582031
1886.255859	1502.474731
1889.527344	1546.873657
1892.796875	1548.993042
1896.066406	1504.247803
1899.333984	1516.938232
1902.599609	1545.524658
1905.865234	1542.347778
1909.128906	1555.824097
1912.390625	1514.02124
1915.652344	1531.284668
1918.912109	1539.465576
1922.169922	1559.026611
1925.427734	1539.156616
1928.683594	1498.781006
1931.939453	1498.609497
1935.191406	1542.486938
1938.445313	1538.532837
1941.695313	1514.813599
1944.945313	1560.268555
1948.193359	1535.017212
1951.441406	1547.032715
1954.6875	1551.44458
1957.931641	1556.621216
1961.173828	1570.181885
1964.416016	1553.266602
1967.658203	1595.80896
1970.896484	1567.448608
1974.134766	1530.672119
1977.373047	1512.186768
1980.607422	1515.068604
1983.84375	1553.857666
1987.076172	1549.87915
1990.308594	1556.600708
1993.539063	1580.153564
1996.767578	1569.293335
1999.996094	1533.930298
2003.222656	1558.266479
2006.449219	1528.233032
2009.673828	1528.062744
2012.896484	1570.82312
2016.119141	1571.435425
2019.339844	1500.695679
2022.558594	1590.313354
2025.777344	1567.898071
2028.994141	1570.044922
2032.208984	1529.161377
2035.423828	1528.219238
2038.636719	1577.262329
2041.847656	1567.874878
2045.058594	1573.102417
2048.267578	1557.545898
2051.476563	1537.355591
2054.683594	1576.479126
2057.888672	1553.967285
2061.09375	1539.919922
2064.296875	1534.346802
2067.498047	1542.65979
2070.699219	1574.139404
2073.898438	1543.85791
2077.097656	1545.229614
2080.292969	1566.697876
2083.490234	1573.491455
2086.683594	1492.109131
2089.876953	1564.652466
2093.068359	1566.807251
2096.259766	1547.279663
2099.449219	1557.175781
2102.636719	1580.254395
2105.824219	1563.80957
2109.009766	1577.600464
2112.195313	1575.883545
2115.378906	1576.493408
2118.560547	1541.383667
2121.742188	1569.945435
2124.921875	1579.87793
2128.099609	1603.033936
2131.277344	1574.100464
2134.453125	1558.370361
2137.626953	1598.66687
2140.800781	1596.948608
2143.972656	1587.439453
2147.144531	1570.909546
2150.314453	1541.114624
2153.482422	1554.966431
2156.650391	1528.262085
2159.816406	1543.679688
2162.980469	1605.171753
2166.144531	1577.673706
2169.306641	1576.719238
2172.46875	1566.384155
2175.628906	1548.221436
2178.787109	1569.93811
2181.945313	1567.41272
2185.101563	1560.187866
2188.255859	1553.740356
2191.410156	1585.675781
2194.564453	1602.744507
2197.714844	1582.192017
2200.865234	1549.858276
2204.013672	1573.99353
2207.162109	1547.125488
2210.308594	1590.908691
2213.455078	1580.522339
2216.599609	1555.196533
2219.742188	1569.94458
2222.884766	1598.073364
2226.025391	1611.274902
2229.164063	1609.532227
2232.302734	1581.017456
2235.439453	1576.898071
2238.576172	1581.442749
2241.710938	1549.730225
2244.84375	1574.769897
2247.976563	1577.740112
2251.107422	1613.068359
2254.236328	1591.580933
2257.365234	1579.554199
2260.492188	1577.788696
2263.619141	1610.008057
2266.744141	1584.531738
2269.867188	1566.945313
2272.990234	1542.223511
2276.111328	1594.266846
2279.232422	1595.668457
2282.351563	1617.667725
2285.46875	1636.51355
2288.585938	1622.075684
2291.701172	1613.971191
2294.816406	1578.884155
2297.929688	1585.043091
2301.041016	1609.468628
2304.152344	1650.59314
2307.261719	1609.108032
2310.369141	1602.567505
2313.476563	1608.745361
2316.583984	1583.106323
2319.6875	1633.051514
2322.791016	1641.635254
2325.894531	1670.13623
2328.996094	1689.097656
2332.095703	1660.250122
2335.195313	1636.961792
2338.292969	1605.678833
2341.388672	1662.944946
2344.484375	1587.742798
2347.578125	1582.756836
2350.671875	1648.866089
2353.763672	1618.325317
2356.853516	1594.156738
2359.943359	1620.355591
2363.03125	1624.97168
2366.119141	1646.399048
2369.205078	1582.968872
2372.289063	1606.798828
2375.373047	1617.024414
2378.457031	1642.487915
2381.537109	1598.204224
2384.617188	1610.041382
2387.697266	1611.454468
2390.773438	1616.882446
2393.851563	1631.95166
2396.925781	1642.211304
2400	1650.87085
2403.074219	1614.510376
2406.146484	1641.665161
2409.216797	1607.686768
2412.286133	1631.638916
2415.355469	1663.661499
2418.421875	1673.1521
2421.488281	1671.36731
2424.553711	1655.875977
2427.617188	1627.468872
2430.679688	1616.789063
2433.741211	1625.470947
2436.801758	1642.23291
2439.861328	1650.122437
2442.918945	1624.889526
2445.976563	1628.736206
2449.032227	1647.948975
2452.086914	1672.838379
2455.140625	1594.974976
2458.192383	1680.576782
2461.243164	1605.086426
2464.293945	1617.033447
2467.342773	1667.079834
2470.390625	1640.142578
2473.436523	1603.452026
2476.482422	1647.057861
2479.526367	1681.767944
2482.569336	1701.888306
2485.611328	1614.803101
2488.652344	1641.41333
2491.692383	1689.178223
2494.730469	1694.692627
2497.768555	1655.468384
2500.804688	1646.325073
2503.839844	1677.880005
2506.873047	1669.551758
2509.90625	1654.699219
2512.938477	1656.950684
2515.96875	1643.712158
2518.998047	1725.893066
2522.026367	1694.718872
2525.053711	1688.008423
2528.079102	1645.364014
2531.104492	1655.783325
2534.12793	1687.456543
2537.150391	1697.081299
2540.171875	1685.450562
2543.192383	1696.717041
2546.211914	1676.8927
2549.230469	1704.53772
2552.24707	1651.940308
2555.262695	1679.595947
2558.277344	1699.895386
2561.291016	1702.171143
2564.303711	1702.807739
2567.31543	1678.007568
2570.325195	1669.605591
2573.333984	1712.929565
2576.341797	1703.712036
2579.348633	1648.46814
2582.354492	1718.960205
2585.359375	1648.054688
2588.363281	1653.605957
2591.365234	1692.903931
2594.366211	1679.539307
2597.366211	1691.696289
2600.365234	1660.194336
2603.363281	1686.364258
2606.360352	1705.957031
2609.355469	1691.745605
2612.350586	1746.010376
2615.34375	1724.373413
2618.335938	1719.235107
2621.327148	1706.657959
2624.317383	1732.084473
2627.306641	1762.489502
2630.293945	1700.293823
2633.280273	1719.126709
2636.266602	1646.936523
2639.250977	1703.846802
2642.234375	1694.541382
2645.216797	1708.427368
2648.197266	1764.593994
2651.177734	1737.887451
2654.157227	1715.307983
2657.134766	1706.817261
2660.111328	1726.542114
2663.086914	1726.352295
2666.061523	1751.913086
2669.035156	1730.125854
2672.007813	1709.153442
2674.978516	1731.408691
2677.949219	1733.713989
2680.917969	1735.188354
2683.885742	1720.012817
2686.852539	1744.802002
2689.818359	1732.117432
2692.783203	1753.594849
2695.74707	1745.072144
2698.708984	1732.372437
2701.670898	1684.618774
2704.630859	1742.00061
2707.589844	1741.809326
2710.547852	1717.393677
2713.504883	1812.452759
2716.460938	1786.372559
2719.416016	1762.78125
2722.369141	1793.547485
2725.322266	1789.188232
2728.273438	1799.894287
2731.223633	1828.19458
2734.173828	1797.870972
2737.12207	1788.476685
2740.069336	1804.227051
2743.014648	1797.343506
2745.959961	1811.42981
2748.904297	1792.79248
2751.84668	1799.329956
2754.788086	1796.632568
2757.729492	1796.453491
2760.668945	1758.44873
2763.607422	1778.435425
2766.544922	1771.518799
2769.481445	1759.547852
2772.416016	1721.471924
2775.350586	1764.209717
2778.28418	1785.918091
2781.21582	1717.470703
2784.146484	1782.171753
2787.077148	1741.502197
2790.005859	1728.642822
2792.933594	1747.844116
2795.860352	1753.550903
2798.785156	1755.038452
2801.709961	1730.335205
2804.633789	1714.065308
2807.555664	1707.929321
2810.477539	1750.000122
2813.397461	1748.94873
2816.316406	1796.989624
2819.234375	1803.574707
2822.151367	1793.2229
2825.067383	1802.352661
2827.982422	1831.832886
2830.896484	1856.24646
2833.80957	1878.980713
2836.720703	1955.193604
2839.631836	1955.907959
2842.541016	2034.751465
2845.450195	2162.925293
2848.357422	2323.486572
2851.263672	2356.640625
2854.168945	2379.612793
2857.073242	2366.017578
2859.976563	2451.989502
2862.878906	2543.983398
2865.779297	2652.226318
2868.679688	2746.062988
2871.579102	2897.073975
2874.476563	3011.530518
2877.374023	3041.627441
2880.269531	3061.506592
2883.164063	3046.402832
2886.057617	2982.616211
2888.950195	3032.390137
2891.841797	3022.384521
2894.732422	3125.206543
2897.62207	3162.257568
2900.510742	3182.226318
2903.398438	3203.064697
2906.28418	3337.773193
2909.169922	3356.112549
2912.053711	3460.132568
2914.9375	3640.499512
2917.819336	3727.550537
2920.700195	3783.789795
2923.581055	3853.795654
2926.459961	3896.388184
2929.337891	3995.674561
2932.214844	4023.74707
2935.09082	4114.558105
2937.96582	4042.132813
2940.838867	3963.635742
2943.711914	3799.930908
2946.583984	3702.358398
2949.454102	3472.162842
2952.324219	3401.091553
2955.193359	3314.463867
2958.060547	3245.867676
2960.926758	3181.530762
2963.792969	3192.165283
2966.657227	3150.188721
2969.520508	3096.963135
2972.382813	3008.306641
2975.244141	2946.35498
2978.104492	2853.259521
2980.963867	2845.647217
2983.822266	2685.019043
2986.679688	2686.851807
2989.536133	2607.367188
2992.390625	2575.421631
2995.245117	2411.864502
2998.098633	2349.513672
3000.950195	2347.760498
3003.801758	2213.40918
3006.651367	2162.188232
3009.500977	2084.044678
3012.348633	2032.73938
3015.195313	2029.998657
3018.041992	1969.085815
3020.886719	1955.028687
3023.730469	1894.913086
3026.573242	1872.995972
3029.415039	1860.626709
3032.255859	1881.299194
3035.095703	1861.092407
3037.93457	1867.852783
3040.772461	1845.013794
3043.609375	1851.772461
3046.445313	1879.447388
3049.280273	1898.425293
3052.114258	1924.391968
3054.946289	1967.822021
3057.77832	1983.360474
3060.609375	1970.104248
3063.438477	1955.091675
3066.267578	1968.893921
3069.094727	1944.257202
3071.921875	1888.133667
3074.74707	1865.198486
3077.572266	1836.123291
3080.395508	1870.907104
3083.21875	1829.556885
3086.040039	1859.108276
3088.860352	1799.327148
3091.679688	1796.464111
3094.499023	1807.624634
3097.316406	1801.253906
3100.132813	1802.773438
3102.948242	1776.211304
3105.762695	1802.303101
3108.576172	1766.060913
3111.388672	1807.101563
3114.201172	1776.1073
3117.011719	1792.564209
3119.821289	1806.393921
3122.629883	1795.599731
3125.436523	1770.716187
3128.243164	1770.465454
3131.048828	1753.480835
3133.853516	1747.93689
3136.657227	1758.252563
3139.459961	1789.734619
3142.261719	1745.390503
3145.0625	1723.953369
3147.861328	1751.042725
3150.660156	1761.375854
3153.458008	1746.102905
3156.254883	1767.926636
3159.049805	1760.598877
3161.844727	1747.076538
3164.638672	1799.878662
3167.430664	1751.853638
3170.222656	1774.601196
3173.013672	1797.364502
3175.802734	1727.143433
3178.591797	1772.055908
3181.379883	1794.841309
3184.166016	1807.002441
3186.952148	1762.405884
3189.737305	1736.410278
3192.520508	1758.32605
3195.303711	1736.74939
3198.084961	1810.196899
3200.866211	1769.338623
