399.363281	1630.304932
403.25	1591.588501
407.134766	1571.922485
411.017578	1606.971436
414.898438	1572.013184
418.777344	1616.009277
422.654297	1586.121826
426.53125	1599.559814
430.404297	1592.599243
434.277344	1572.232422
438.148438	1568.444824
442.017578	1585.089844
445.884766	1565.330811
449.751953	1579.431152
453.615234	1553.256958
457.478516	1601.269531
461.339844	1556.520752
465.199219	1609.697754
469.056641	1559.147827
472.912109	1598.272339
476.765625	1582.293579
480.619141	1590.032349
484.470703	1580.452026
488.320313	1577.282471
492.167969	1572.825195
496.013672	1561.938599
499.857422	1579.967529
503.699219	1610.229736
507.541016	1572.323486
511.380859	1608.400146
515.21875	1590.420166
519.054688	1589.817017
522.888672	1620.146362
526.720703	1576.357666
530.552734	1580.90625
534.380859	1624.820557
538.208984	1594.532715
542.035156	1582.947632
545.859375	1588.151123
549.683594	1568.795654
553.503906	1625.083618
557.324219	1587.611938
561.140625	1616.771851
564.957031	1581.853516
568.773438	1577.998169
572.585938	1565.714355
576.396484	1587.781372
580.207031	1613.758667
584.015625	1567.081543
587.820313	1545.681641
591.626953	1565.178345
595.429688	1606.132446
599.230469	1550.27002
603.03125	1556.786743
606.828125	1575.018677
610.625	1599.123535
614.419922	1569.205322
618.214844	1566.619873
622.005859	1618.772827
625.796875	1610.989746
629.583984	1616.244385
633.371094	1616.282837
637.15625	1623.501709
640.941406	1649.012207
644.722656	1627.502686
648.503906	1612.51062
652.283203	1617.122681
656.060547	1584.449341
659.835938	1607.377563
663.609375	1599.551636
667.382813	1647.395996
671.152344	1634.337158
674.921875	1636.345093
678.689453	1681.641602
682.455078	1669.891479
686.220703	1683.074951
689.982422	1638.479248
693.744141	1678.596069
697.503906	1675.367065
701.261719	1717.505493
705.017578	1682.05603
708.773438	1702.514771
712.525391	1720.356812
716.277344	1754.021484
720.027344	1737.634644
723.775391	1742.987671
727.523438	1707.455566
731.267578	1753.706055
735.011719	1737.289063
738.753906	1729.442261
742.494141	1752.637573
746.232422	1771.22583
749.970703	1782.556274
753.707031	1744.285889
757.439453	1792.009644
761.171875	1792.1073
764.904297	1780.945435
768.632813	1793.626709
772.361328	1810.958252
776.087891	1811.72522
779.8125	1858.932617
783.535156	1835.162231
787.255859	1845.898804
790.976563	1780.252563
794.695313	1824.866211
798.412109	1784.418213
802.126953	1826.409912
805.839844	1857.790283
809.552734	1845.92749
813.263672	1846.70752
816.972656	1854.150024
820.679688	1886.926147
824.384766	1873.053101
828.089844	1853.831177
831.791016	1877.971313
835.492188	1880.766602
839.193359	1844.155762
842.890625	1865.648071
846.587891	1852.39624
850.28125	1912.029175
853.974609	1891.425049
857.666016	1877.49646
861.357422	1868.24292
865.044922	1871.039307
868.732422	1843.679199
872.417969	1870.603394
876.101563	1902.915771
879.785156	1874.861938
883.464844	1850.81189
887.144531	1838.829712
890.822266	1876.55603
894.5	1897.509521
898.173828	1864.684692
901.847656	1867.486206
905.519531	1877.692505
909.189453	1862.995239
912.857422	1859.73584
916.523438	1867.254883
920.189453	1850.510742
923.853516	1858.031128
927.515625	1839.918579
931.177734	1879.839355
934.835938	1897.509033
938.494141	1899.655273
942.150391	1905.85791
945.804688	1896.514404
949.458984	1886.486206
953.109375	1894.719482
956.759766	1892.804688
960.408203	1884.79248
964.056641	1886.258545
967.701172	1891.11438
971.345703	1875.630737
974.988281	1873.701294
978.628906	1877.877808
982.267578	1851.504395
985.90625	1924.956177
989.542969	1891.78418
993.177734	1885.776123
996.810547	1905.605835
1000.443359	2024.785767
1004.074219	2071.234619
1007.703125	1978.129028
1011.330078	1964.648315
1014.955078	1922.532593
1018.580078	1857.200317
1022.203125	1879.800659
1025.824219	1933.125732
1029.443359	1985.129272
1033.0625	1996.199951
1036.679688	1941.690918
1040.294922	1940.44873
1043.908203	1938.52124
1047.519531	1973.531128
1051.130859	1926.44751
1054.740234	1964.903687
1058.347656	1945.85791
1061.953125	1991.890381
1065.558594	1961.185669
1069.162109	1961.314697
1072.763672	1980.653076
1076.363281	2013.733765
1079.962891	1993.970947
1083.560547	2003.728638
1087.15625	2038.23291
1090.75	2067.265381
1094.34375	2022.042358
1097.933594	2066.916504
1101.523438	2081.540283
1105.113281	2045.217285
1108.699219	1995.774414
1112.285156	2006.939209
1115.869141	2023.628662
1119.451172	2047.918701
1123.03125	2046.696533
1126.611328	2011.646118
1130.189453	2047.009766
1133.765625	2054.074951
1137.341797	1972.672241
1140.914063	2039.178833
1144.486328	1983.98877
1148.056641	1961.971069
1151.626953	2076.325439
1155.193359	2110.429443
1158.759766	2042.702881
1162.324219	1993.63623
1165.888672	2085.999268
1169.449219	2087.553955
1173.009766	2071.758057
1176.568359	2072.612793
1180.125	2095.001221
1183.681641	2077.102539
1187.236328	2081.434814
1190.789063	2092.029785
1194.339844	2163.86084
1197.890625	2135.517822
1201.439453	2113.417969
1204.986328	2193.70459
1208.53125	2230.8479
1212.076172	2217.124756
1215.619141	2204.784668
1219.160156	2228.020752
1222.699219	2282.688721
1226.238281	2293.404297
1229.775391	2317.402588
1233.310547	2307.871094
1236.84375	2296.233643
1240.376953	2365.029053
1243.908203	2360.4021
1247.4375	2338.268799
1250.964844	2378.449463
1254.492188	2291.84375
1258.017578	2339.046631
1261.541016	2351.22583
1265.064453	2394.98291
1268.583984	2391.05249
1272.103516	2375.182617
1275.623047	2392.310791
1279.138672	2427.019287
1282.654297	2394.974854
1286.167969	2482.454834
1289.679688	2452.516113
1293.191406	2437.332275
1296.701172	2466.494385
1300.208984	2530.195068
1303.714844	2615.087891
1307.220703	2537.905518
1310.722656	2578.437988
1314.226563	2566.792236
1317.726563	2601.721924
1321.226563	2514.519043
1324.724609	2604.554932
1328.220703	2569.576904
1331.714844	2622.943848
1335.208984	2609.161865
1338.701172	2628.623535
1342.191406	2594.303467
1345.681641	2576.950195
1349.169922	2578.001221
1352.65625	2588.266113
1356.140625	2612.009766
1359.625	2574.062988
1363.107422	2541.051514
1366.587891	2498.074219
1370.068359	2551.644287
1373.544922	2554.104492
1377.021484	2503.970459
1380.498047	2504.989746
1383.970703	2491.071289
1387.443359	2539.051758
1390.914063	2536.524902
1394.384766	2551.088379
1397.851563	2553.550537
1401.318359	2528.928711
1404.785156	2507.851563
1408.248047	2562.37207
1411.710938	2488.480225
1415.171875	2553.745117
1418.630859	2529.78418
1422.089844	2542.957764
1425.546875	2556.856445
1429.001953	2554.318359
1432.457031	2604.000732
1435.908203	2614.360596
1439.361328	2716.371826
1442.810547	2727.500732
1446.257813	2797.394531
1449.705078	2807.846924
1453.152344	2775.279297
1456.595703	2737.662842
1460.039063	2789.010986
1463.480469	2729.110352
1466.919922	2709.384521
1470.359375	2734.193848
1473.796875	2663.413086
1477.232422	2651.54541
1480.666016	2609.450684
1484.099609	2643.61377
1487.53125	2632.44165
1490.962891	2607.57373
1494.390625	2587.729248
1497.818359	2591.658203
1501.246094	2568.905273
1504.669922	2571.385254
1508.09375	2584.693359
1511.515625	2592.235107
1514.935547	2592.558594
1518.355469	2610.947998
1521.773438	2635.13501
1525.189453	2614.500488
1528.605469	2649.560059
1532.019531	2602.131836
1535.431641	2671.970947
1538.841797	2645.519775
1542.251953	2690.791504
1545.660156	2713.624512
1549.068359	2805.376709
1552.472656	2820.291504
1555.876953	2774.970947
1559.28125	2827.644287
1562.681641	2770.665771
1566.082031	2765.96582
1569.480469	2831.783447
1572.878906	2835.830566
1576.273438	2894.45166
1579.667969	2911.628418
1583.0625	2897.505371
1586.453125	2893.569336
1589.84375	2839.343506
1593.234375	2857.980713
1596.621094	2834.328857
1600.007813	2820.143066
1603.392578	2882.590332
1606.777344	2877.904053
1610.160156	2913.393311
1613.541016	2862.671631
1616.919922	2803.135254
1620.298828	2821.812256
1623.675781	2810.503418
1627.050781	2787.472656
1630.425781	2881.590332
1633.798828	2874.685303
1637.169922	2844.321533
1640.541016	2800.735596
1643.910156	2863.467285
1647.277344	2880.021484
1650.642578	2829.788818
1654.007813	2861.028076
1657.371094	2885.679932
1660.734375	2918.435303
1664.09375	2949.01001
1667.453125	2975.195557
1670.8125	2907.216553
1674.167969	2875.251953
1677.523438	2849.152344
1680.878906	2870.179932
1684.230469	2831.5271
1687.582031	2781.783447
1690.933594	2744.53833
1694.28125	2741.942871
1697.628906	2716.46167
1700.974609	2704.98999
1704.320313	2711.977539
1707.664063	2710.101318
1711.005859	2606.932617
1714.345703	2666.401855
1717.685547	2657.843994
1721.023438	2621.889893
1724.361328	2722.903564
1727.695313	2707.688477
1731.03125	2667.262695
1734.363281	2707.617676
1737.695313	2667.900146
1741.025391	2687.51001
1744.353516	2632.163574
1747.681641	2619.099854
1751.007813	2655.798096
1754.332031	2704.415527
1757.65625	2672.776123
1760.978516	2617.310547
1764.298828	2626.533447
1767.619141	2612.688232
1770.9375	2708.294922
1774.253906	2626.679443
1777.570313	2694.047119
1780.884766	2652.618896
1784.197266	2664.111572
1787.509766	2680.835205
1790.818359	2667.714844
1794.128906	2676.238281
1797.435547	2681.032471
1800.742188	2695.544922
1804.048828	2679.416504
1807.351563	2689.451172
1810.654297	2685.277344
1813.955078	2685.590332
1817.255859	2623.753662
1820.554688	2650.259277
1823.851563	2697.018555
1827.148438	2746.063232
1830.443359	2683.399902
1833.736328	2711.468994
1837.027344	2756.072021
1840.318359	2745.896729
1843.609375	2761.252197
1846.896484	2754.075439
1850.183594	2719.829346
1853.46875	2689.315674
1856.753906	2737.773438
1860.037109	2685.415039
1863.318359	2779.836914
1866.599609	2759.088379
1869.878906	2789.5625
1873.15625	2790.660889
1876.433594	2740.479004
1879.708984	2738.540039
1882.982422	2746.409912
1886.255859	2708.984619
1889.527344	2778.027832
1892.796875	2736.050781
1896.066406	2700.086914
1899.333984	2758.619385
1902.599609	2713.556885
1905.865234	2802.411133
1909.128906	2811.082764
1912.390625	2793.251709
1915.652344	2710.245117
1918.912109	2750.724121
1922.169922	2788.200928
1925.427734	2766.537354
1928.683594	2792.665283
1931.939453	2798.31543
1935.191406	2765.236328
1938.445313	2767.8396
1941.695313	2743.842041
1944.945313	2813.349854
1948.193359	2781.743164
1951.441406	2788.15918
1954.6875	2802.192139
1957.931641	2851.26709
1961.173828	2767.816895
1964.416016	2797.099365
1967.658203	2762.358398
1970.896484	2827.509521
1974.134766	2766.808105
1977.373047	2820.560303
1980.607422	2822.42627
1983.84375	2794.499023
1987.076172	2815.460938
1990.308594	2821.147705
1993.539063	2808.481934
1996.767578	2765.200439
1999.996094	2822.921631
2003.222656	2825.554443
2006.449219	2773.800537
2009.673828	2784.844482
2012.896484	2828.094727
2016.119141	2773.211426
2019.339844	2801.145264
2022.558594	2806.841797
2025.777344	2810.238525
2028.994141	2854.3479
2032.208984	2843.164551
2035.423828	2808.141357
2038.636719	2803.082031
2041.847656	2844.177246
2045.058594	2824.503906
2048.267578	2891.04541
2051.476563	2776.636719
2054.683594	2830.111328
2057.888672	2833.523682
2061.09375	2810.719971
2064.296875	2891.267822
2067.498047	2866.152344
2070.699219	2827.120361
2073.898438	2791.146729
2077.097656	2813.863281
2080.292969	2853.60083
2083.490234	2869.398926
2086.683594	2875.92627
2089.876953	2805.850586
2093.068359	2890.54248
2096.259766	2832.807373
2099.449219	2892.783203
2102.636719	2845.853027
2105.824219	2815.167236
2109.009766	2928.721436
2112.195313	2890.283691
2115.378906	2930.213135
2118.560547	2818.751953
2121.742188	2846.25415
2124.921875	2857.45752
2128.099609	2880.330078
2131.277344	2836.336182
2134.453125	2912.900146
2137.626953	2882.892822
2140.800781	2919.822998
2143.972656	2899.141113
2147.144531	2876.883789
2150.314453	2914.63208
2153.482422	2868.967529
2156.650391	2878.656006
2159.816406	2868.840576
2162.980469	2891.026611
2166.144531	2907.761963
2169.306641	2858.09668
2172.46875	2867.796143
2175.628906	2943.966553
2178.787109	2872.353271
2181.945313	2907.890869
2185.101563	2878.480225
2188.255859	2865.491943
2191.410156	2879.913086
2194.564453	2902.966064
2197.714844	2892.322266
2200.865234	2925.592773
2204.013672	2874.146729
2207.162109	2857.197754
2210.308594	2873.215576
2213.455078	2952.089111
2216.599609	2898.999512
2219.742188	2918.980713
2222.884766	2926.393066
2226.025391	2920.435791
2229.164063	2943.594238
2232.302734	2944.723877
2235.439453	2958.456055
2238.576172	2887.88623
2241.710938	2944.960449
2244.84375	2955.552246
2247.976563	2974.040283
2251.107422	2979.914795
2254.236328	2912.37207
2257.365234	2895.322754
2260.492188	2934.355225
2263.619141	2904.653809
2266.744141	2854.37085
2269.867188	2940.889893
2272.990234	2965.753662
2276.111328	2878.229492
2279.232422	2900.711426
2282.351563	2926.378418
2285.46875	2927.496826
2288.585938	2954.778076
2291.701172	2937.665283
2294.816406	2905.464111
2297.929688	2991.500977
2301.041016	2937.855957
2304.152344	2953.274902
2307.261719	2879.707275
2310.369141	2903.858887
2313.476563	2895.423584
2316.583984	2925.962158
2319.6875	2955.727783
2322.791016	2955.261963
2325.894531	3025.678467
2328.996094	3112.879395
2332.095703	3071.024414
2335.195313	2950.198975
2338.292969	2920.213623
2341.388672	2946.859619
2344.484375	2880.927002
2347.578125	2929.138428
2350.671875	2877.526855
2353.763672	2905.792969
2356.853516	2946.871338
2359.943359	2882.409424
2363.03125	2883.504639
2366.119141	2931.022461
2369.205078	2942.544678
2372.289063	2933.249023
2375.373047	2976.831299
2378.457031	2989.183594
2381.537109	2967.864258
2384.617188	2961.770264
2387.697266	2917.149902
2390.773438	2955.98877
2393.851563	2986.021729
2396.925781	2982.332764
2400	2893.444336
2403.074219	2949.215088
2406.146484	2948.723389
2409.216797	2959.495605
2412.286133	2939.687012
2415.355469	2894.899902
2418.421875	2938.689941
2421.488281	3044.564209
2424.553711	3011.856201
2427.617188	3024.285645
2430.679688	3057.699951
2433.741211	3044.327881
2436.801758	3009.952881
2439.861328	2994.128174
2442.918945	2994.450928
2445.976563	2961.632568
2449.032227	3034.716797
2452.086914	3017.256836
2455.140625	3028.915039
2458.192383	2967.723877
2461.243164	2979.370605
2464.293945	3029.912354
2467.342773	3035.106445
2470.390625	3024.088867
2473.436523	2985.486572
2476.482422	3007.706299
2479.526367	3016.955322
2482.569336	3003.475586
2485.611328	3004.605957
2488.652344	2953.731445
2491.692383	2972.726074
2494.730469	3025.075195
2497.768555	3042.482422
2500.804688	2983.404785
2503.839844	3056.981689
2506.873047	3073.604248
2509.90625	3100.829834
2512.938477	3039.237061
2515.96875	3030.594238
2518.998047	3044.781982
2522.026367	3083.458008
2525.053711	3049.516113
2528.079102	3073.523682
2531.104492	3027.298096
2534.12793	3033.335938
2537.150391	3121.125488
2540.171875	3079.770264
2543.192383	3090.741211
2546.211914	3033.792725
2549.230469	3073.407715
2552.24707	3063.911133
2555.262695	3051.129395
2558.277344	3063.74585
2561.291016	3068.991455
2564.303711	3067.678711
2567.31543	3090.980225
2570.325195	3112.656982
2573.333984	3069.477783
2576.341797	3022.158447
2579.348633	3053.692627
2582.354492	3100.047363
2585.359375	3087.224121
2588.363281	3089.199219
2591.365234	3078.830078
2594.366211	3111.26416
2597.366211	3130.544189
2600.365234	3098.754883
2603.363281	3179.035645
2606.360352	3124.976807
2609.355469	3160.784668
2612.350586	3144.634033
2615.34375	3176.346924
2618.335938	3132.938477
2621.327148	3157.234619
2624.317383	3145.187744
2627.306641	3119.904053
2630.293945	3132.642578
2633.280273	3108.161133
2636.266602	3166.421631
2639.250977	3137.793701
2642.234375	3185.340088
2645.216797	3139.297363
2648.197266	3162.013184
2651.177734	3173.966309
2654.157227	3187.586426
2657.134766	3110.771973
2660.111328	3174.181396
2663.086914	3195.287842
2666.061523	3193.150146
2669.035156	3174.390381
2672.007813	3158.941162
2674.978516	3157.616943
2677.949219	3207.038086
2680.917969	3199.071533
2683.885742	3216.074463
2686.852539	3207.270996
2689.818359	3282.608398
2692.783203	3202.144287
2695.74707	3165.809326
2698.708984	3200.343262
2701.670898	3253.258301
2704.630859	3211.891846
2707.589844	3240.633789
2710.547852	3287.773193
2713.504883	3284.80957
2716.460938	3334.506348
2719.416016	3278.873535
2722.369141	3337.805176
2725.322266	3314.768311
2728.273438	3333.571533
2731.223633	3317.214355
2734.173828	3377.082031
2737.12207	3287.813721
2740.069336	3267.227051
2743.014648	3279.334229
2745.959961	3285.576172
2748.904297	3283.428955
2751.84668	3343.412109
2754.788086	3265.688477
2757.729492	3297.13916
2760.668945	3251.280762
2763.607422	3265.089844
2766.544922	3313.39624
2769.481445	3263.283691
2772.416016	3238.387451
2775.350586	3309.472168
2778.28418	3297.209229
2781.21582	3305.161865
2784.146484	3251.578369
2787.077148	3289.878906
2790.005859	3289.398926
2792.933594	3290.605713
2795.860352	3345.001709
2798.785156	3282.884766
2801.709961	3240.998779
2804.633789	3290.363037
2807.555664	3292.414307
2810.477539	3309.690918
2813.397461	3249.981689
2816.316406	3303.650879
2819.234375	3338.72998
2822.151367	3328.093018
2825.067383	3325.921143
2827.982422	3335.614258
2830.896484	3361.425537
2833.80957	3411.007568
2836.720703	3406.313721
2839.631836	3463.587158
2842.541016	3593.085693
2845.450195	3679.351807
2848.357422	3769.079346
2851.263672	3894.578125
2854.168945	3925.765869
2857.073242	3951.870605
2859.976563	3990.759766
2862.878906	4039.893311
2865.779297	4097.578613
2868.679688	4301.000977
2871.579102	4395.472168
2874.476563	4457.61084
2877.374023	4485.675293
2880.269531	4387.476563
2883.164063	4498.331055
2886.057617	4491.428711
2888.950195	4628.879883
2891.841797	4474.188477
2894.732422	4608.312012
2897.62207	4677.541992
2900.510742	4632.192383
2903.398438	4669.816895
2906.28418	4743.421875
2909.169922	4809.371582
2912.053711	4943.90332
2914.9375	5007.400879
2917.819336	5115.522949
2920.700195	5168.834961
2923.581055	5222.185059
2926.459961	5353.671875
2929.337891	5401.973633
2932.214844	5397.060059
2935.09082	5481.495117
2937.96582	5422.457031
2940.838867	5371.113281
2943.711914	5207.057617
2946.583984	5074.717285
2949.454102	4937.115723
2952.324219	4745.168457
2955.193359	4687.451172
2958.060547	4750.323242
2960.926758	4685.668457
2963.792969	4603.719727
2966.657227	4588.993164
2969.520508	4544.916504
2972.382813	4398.083984
2975.244141	4393.626465
2978.104492	4370.160645
2980.963867	4259.397461
2983.822266	4317.123047
2986.679688	4188.098633
2989.536133	4178.362305
2992.390625	4089.000977
2995.245117	3971.006104
2998.098633	3878.039795
3000.950195	3818.792725
3003.801758	3690.170654
3006.651367	3735.713135
3009.500977	3619.108643
3012.348633	3606.529053
3015.195313	3565.299072
3018.041992	3510.147217
3020.886719	3398.501465
3023.730469	3471.835205
3026.573242	3432.232422
3029.415039	3447.375977
3032.255859	3441.655518
3035.095703	3382.855225
3037.93457	3381.457764
3040.772461	3452.326416
3043.609375	3449.209473
3046.445313	3447.831787
3049.280273	3421.175049
3052.114258	3493.028564
3054.946289	3472.473145
3057.77832	3477.206787
3060.609375	3522.095947
3063.438477	3542.566895
3066.267578	3528.111084
3069.094727	3469.079346
3071.921875	3494.795654
3074.74707	3388.487793
3077.572266	3368.704346
3080.395508	3456.540283
3083.21875	3372.862549
3086.040039	3371.439941
3088.860352	3410.312012
3091.679688	3382.610352
3094.499023	3425.895752
3097.316406	3328.899658
3100.132813	3424.831055
3102.948242	3327.763428
3105.762695	3389.523926
3108.576172	3336.283203
3111.388672	3347.135254
3114.201172	3408.087158
3117.011719	3327.540527
3119.821289	3351.590576
3122.629883	3325.510498
3125.436523	3419.981689
3128.243164	3372.776367
3131.048828	3340.508789
3133.853516	3352.268066
3136.657227	3416.915039
3139.459961	3414.602051
3142.261719	3373.480957
3145.0625	3271.453125
3147.861328	3361.754883
3150.660156	3368.245117
3153.458008	3344.709961
3156.254883	3306.137695
3159.049805	3349.733887
3161.844727	3312.902588
3164.638672	3284.88916
3167.430664	3366.567139
3170.222656	3348.287598
3173.013672	3330.879395
3175.802734	3304.601074
3178.591797	3318.174805
3181.379883	3385.823975
3184.166016	3302.789063
3186.952148	3342.096191
3189.737305	3314.884521
3192.520508	3304.516846
3195.303711	3262.176514
3198.084961	3285.533936
3200.866211	3255.334473
