399.363281	1199.370483
403.25	1203.070557
407.134766	1173.057495
411.017578	1164.020142
414.898438	1184.262695
418.777344	1160.571167
422.654297	1161.711548
426.53125	1120.775635
430.404297	1110.418579
434.277344	1098.138062
438.148438	1099.251953
442.017578	1116.332397
445.884766	1097.009399
449.751953	1109.628662
453.615234	1088.366943
457.478516	1094.595337
461.339844	1103.388916
465.199219	1111.549438
469.056641	1102.421265
472.912109	1082.390503
476.765625	1099.527344
480.619141	1089.739746
484.470703	1121.010864
488.320313	1100.310181
492.167969	1106.565063
496.013672	1109.612549
499.857422	1103.020508
503.699219	1122.787964
507.541016	1109.11853
511.380859	1133.4104
515.21875	1126.171997
519.054688	1142.761475
522.888672	1112.964478
526.720703	1107.641113
530.552734	1132.628052
534.380859	1120.209839
538.208984	1110.362793
542.035156	1106.31958
545.859375	1122.94812
549.683594	1129.248413
553.503906	1112.92041
557.324219	1106.929077
561.140625	1116.46582
564.957031	1108.52771
568.773438	1081.149048
572.585938	1073.188354
576.396484	1080.132202
580.207031	1059.191284
584.015625	1058.347778
587.820313	1060.749146
591.626953	1044.318237
595.429688	1074.653442
599.230469	1058.213623
603.03125	1043.710327
606.828125	1050.012451
610.625	1073.892456
614.419922	1068.492065
618.214844	1092.39978
622.005859	1069.406738
625.796875	1088.119019
629.583984	1081.409668
633.371094	1047.288696
637.15625	1084.945679
640.941406	1093.89917
644.722656	1096.32666
648.503906	1093.526733
652.283203	1073.068481
656.060547	1120.628296
659.835938	1106.708252
663.609375	1127.477661
667.382813	1125.338501
671.152344	1134.337402
674.921875	1134.165527
678.689453	1082.835449
682.455078	1091.826904
686.220703	1142.18042
689.982422	1115.741943
693.744141	1068.257202
697.503906	1153.499146
701.261719	1098.756348
705.017578	1162.375
708.773438	1136.54541
712.525391	1165.339233
716.277344	1177.690796
720.027344	1213.115356
723.775391	1218.245605
727.523438	1208.211182
731.267578	1182.992798
735.011719	1176.894531
738.753906	1206.449463
742.494141	1256.508423
746.232422	1213.421875
749.970703	1242.367676
753.707031	1236.941406
757.439453	1271.876831
761.171875	1226.074219
764.904297	1270.306152
768.632813	1240.365356
772.361328	1266.742798
776.087891	1301.099976
779.8125	1344.110474
783.535156	1338.042358
787.255859	1304.081055
790.976563	1265.440674
794.695313	1224.109131
798.412109	1253.879517
802.126953	1273.69812
805.839844	1280.890503
809.552734	1272.778076
813.263672	1293.294556
816.972656	1317.825562
820.679688	1323.714355
824.384766	1303.602295
828.089844	1328.834717
831.791016	1306.037598
835.492188	1265.194458
839.193359	1304.468018
842.890625	1266.261841
846.587891	1314.258789
850.28125	1328.856934
853.974609	1338.783691
857.666016	1323.953003
861.357422	1324.51062
865.044922	1321.71875
868.732422	1263.969116
872.417969	1269.194336
876.101563	1328.083618
879.785156	1296.432861
883.464844	1309.061646
887.144531	1287.449463
890.822266	1302.771973
894.5	1287.859863
898.173828	1273.607178
901.847656	1273.469482
905.519531	1320.441895
909.189453	1283.965332
912.857422	1279.789185
916.523438	1277.630859
920.189453	1271.425537
923.853516	1276.005371
927.515625	1283.96228
931.177734	1277.750732
934.835938	1259.378784
938.494141	1314.626343
942.150391	1274.626953
945.804688	1307.614502
949.458984	1300.045288
953.109375	1284.349121
956.759766	1300.457031
960.408203	1296.260376
964.056641	1289.349854
967.701172	1314.968384
971.345703	1307.381104
974.988281	1305.214111
978.628906	1288.792969
982.267578	1296.799927
985.90625	1308.888672
989.542969	1340.693359
993.177734	1331.056152
996.810547	1388.739136
1000.443359	1508.383789
1004.074219	1502.887329
1007.703125	1367.326416
1011.330078	1314.079956
1014.955078	1313.264893
1018.580078	1313.130615
1022.203125	1282.984497
1025.824219	1331.966553
1029.443359	1317.503296
1033.0625	1363.125244
1036.679688	1314.501587
1040.294922	1307.530273
1043.908203	1287.561035
1047.519531	1320.247803
1051.130859	1298.213501
1054.740234	1306.284302
1058.347656	1286.279907
1061.953125	1314.907959
1065.558594	1338.075562
1069.162109	1346.86084
1072.763672	1380.351196
1076.363281	1358.961426
1079.962891	1377.378052
1083.560547	1347.725586
1087.15625	1373.711304
1090.75	1392.155762
1094.34375	1363.846924
1097.933594	1385.74231
1101.523438	1380.121704
1105.113281	1361.412354
1108.699219	1354.39856
1112.285156	1352.89209
1115.869141	1356.899902
1119.451172	1398.8479
1123.03125	1415.298218
1126.611328	1419.335693
1130.189453	1400.585693
1133.765625	1349.346924
1137.341797	1304.286133
1140.914063	1262.645142
1144.486328	1306.056763
1148.056641	1289.295288
1151.626953	1285.674072
1155.193359	1302.828247
1158.759766	1328.311157
1162.324219	1327.473389
1165.888672	1355.760742
1169.449219	1384.765015
1173.009766	1363.820679
1176.568359	1378.9646
1180.125	1326.046875
1183.681641	1354.390381
1187.236328	1366.072021
1190.789063	1341.597534
1194.339844	1315.710938
1197.890625	1335.046631
1201.439453	1391.304443
1204.986328	1437.158691
1208.53125	1460.748779
1212.076172	1413.242676
1215.619141	1463.346436
1219.160156	1492.557617
1222.699219	1547.620972
1226.238281	1541.97229
1229.775391	1595.004517
1233.310547	1594.262207
1236.84375	1574.640137
1240.376953	1597.671265
1243.908203	1578.733276
1247.4375	1608.084839
1250.964844	1591.235962
1254.492188	1591.188354
1258.017578	1558.897095
1261.541016	1577.067383
1265.064453	1511.070068
1268.583984	1556.605347
1272.103516	1534.074463
1275.623047	1545.941406
1279.138672	1562.736328
1282.654297	1585.168213
1286.167969	1590.036987
1289.679688	1562.546875
1293.191406	1620.196045
1296.701172	1667.330444
1300.208984	1707.459106
1303.714844	1705.338867
1307.220703	1696.16687
1310.722656	1725.776245
1314.226563	1720.131836
1317.726563	1709.541626
1321.226563	1725.775024
1324.724609	1749.085449
1328.220703	1717.998169
1331.714844	1730.718628
1335.208984	1760.423828
1338.701172	1797.228516
1342.191406	1720.80542
1345.681641	1684.683838
1349.169922	1650.657593
1352.65625	1599.59375
1356.140625	1598.828003
1359.625	1617.21228
1363.107422	1607.227417
1366.587891	1547.542358
1370.068359	1558.115112
1373.544922	1591.430908
1377.021484	1550.144653
1380.498047	1527.311401
1383.970703	1536.468872
1387.443359	1543.498657
1390.914063	1574.026611
1394.384766	1578.227783
1397.851563	1569.607178
1401.318359	1515.36145
1404.785156	1519.542603
1408.248047	1525.866943
1411.710938	1559.314453
1415.171875	1534.959961
1418.630859	1557.724243
1422.089844	1544.780762
1425.546875	1548.981812
1429.001953	1563.197144
1432.457031	1565.261963
1435.908203	1661.081665
1439.361328	1701.133301
1442.810547	1740.50061
1446.257813	1796.380127
1449.705078	1797.108032
1453.152344	1792.816162
1456.595703	1796.411987
1460.039063	1760.536255
1463.480469	1698.065186
1466.919922	1691.56958
1470.359375	1641.953491
1473.796875	1610.268677
1477.232422	1636.809692
1480.666016	1626.67981
1484.099609	1633.815186
1487.53125	1563.912231
1490.962891	1509.799561
1494.390625	1493.114746
1497.818359	1466.323364
1501.246094	1443.115967
1504.669922	1411.231689
1508.09375	1411.079468
1511.515625	1439.809692
1514.935547	1422.331543
1518.355469	1410.620117
1521.773438	1399.621826
1525.189453	1430.562012
1528.605469	1415.221069
1532.019531	1458.496704
1535.431641	1476.463013
1538.841797	1474.884521
1542.251953	1492.871216
1545.660156	1500.722168
1549.068359	1564.425415
1552.472656	1557.07373
1555.876953	1632.463989
1559.28125	1588.825195
1562.681641	1598.181519
1566.082031	1615.539185
1569.480469	1688.164551
1572.878906	1681.569824
1576.273438	1698.25293
1579.667969	1685.832764
1583.0625	1697.432861
1586.453125	1687.915527
1589.84375	1574.90271
1593.234375	1611.988647
1596.621094	1581.272583
1600.007813	1643.928101
1603.392578	1634.368042
1606.777344	1596.320313
1610.160156	1623.259644
1613.541016	1650.95105
1616.919922	1620.905396
1620.298828	1666.902588
1623.675781	1604.643066
1627.050781	1595.037598
1630.425781	1640.346191
1633.798828	1639.537598
1637.169922	1687.831055
1640.541016	1723.698853
1643.910156	1719.253906
1647.277344	1712.60376
1650.642578	1766.140503
1654.007813	1808.704468
1657.371094	1843.955444
1660.734375	1788.836914
1664.09375	1811.608276
1667.453125	1784.381836
1670.8125	1760.076416
1674.167969	1782.126221
1677.523438	1755.590332
1680.878906	1700.301636
1684.230469	1663.393188
1687.582031	1653.734497
1690.933594	1604.238403
1694.28125	1563.556763
1697.628906	1551.631104
1700.974609	1476.926025
1704.320313	1481.946899
1707.664063	1439.672119
1711.005859	1415.846924
1714.345703	1406.795166
1717.685547	1399.955688
1721.023438	1356.839233
1724.361328	1351.454712
1727.695313	1331.249268
1731.03125	1368.834229
1734.363281	1404.224487
1737.695313	1367.69751
1741.025391	1395.694824
1744.353516	1396.991455
1747.681641	1381.952026
1751.007813	1331.984863
1754.332031	1383.049561
1757.65625	1356.090088
1760.978516	1378.197388
1764.298828	1415.203125
1767.619141	1347.283691
1770.9375	1331.435547
1774.253906	1369.210693
1777.570313	1336.962769
1780.884766	1362.095215
1784.197266	1374.568115
1787.509766	1389.28894
1790.818359	1352.517944
1794.128906	1378.441895
1797.435547	1408.120972
1800.742188	1386.258911
1804.048828	1355.407959
1807.351563	1376.885254
1810.654297	1337.775391
1813.955078	1342.795166
1817.255859	1345.572266
1820.554688	1321.384277
1823.851563	1366.869141
1827.148438	1367.409058
1830.443359	1346.949829
1833.736328	1340.729248
1837.027344	1341.258423
1840.318359	1385.337646
1843.609375	1354.335571
1846.896484	1411.980225
1850.183594	1361.418091
1853.46875	1387.524414
1856.753906	1370.015259
1860.037109	1366.039307
1863.318359	1340.977661
1866.599609	1355.064087
1869.878906	1347.30896
1873.15625	1381.761597
1876.433594	1416.240967
1879.708984	1348.14624
1882.982422	1373.582275
1886.255859	1340.147095
1889.527344	1342.184814
1892.796875	1375.203613
1896.066406	1376.500122
1899.333984	1387.62793
1902.599609	1362.452271
1905.865234	1396.286377
1909.128906	1380.178833
1912.390625	1370.874634
1915.652344	1393.385742
1918.912109	1323.440063
1922.169922	1370.9729
1925.427734	1398.81958
1928.683594	1369.013062
1931.939453	1407.508667
1935.191406	1389.83313
1938.445313	1347.830811
1941.695313	1381.80188
1944.945313	1383.103638
1948.193359	1398.0979
1951.441406	1369.728882
1954.6875	1399.954224
1957.931641	1399.740601
1961.173828	1339.339966
1964.416016	1370.350098
1967.658203	1395.284546
1970.896484	1387.439819
1974.134766	1375.010498
1977.373047	1420.585327
1980.607422	1373.794556
1983.84375	1375.095215
1987.076172	1404.673462
1990.308594	1373.875977
1993.539063	1440.188354
1996.767578	1400.198364
1999.996094	1409.164551
2003.222656	1361.473145
2006.449219	1386.517212
2009.673828	1408.515137
2012.896484	1380.699097
2016.119141	1398.876587
2019.339844	1422.438599
2022.558594	1429.132935
2025.777344	1368.263672
2028.994141	1387.999634
2032.208984	1414.666382
2035.423828	1352.950684
2038.636719	1431.148315
2041.847656	1414.010742
2045.058594	1419.178467
2048.267578	1402.792236
2051.476563	1413.350464
2054.683594	1409.276855
2057.888672	1417.532715
2061.09375	1414.999023
2064.296875	1417.091553
2067.498047	1409.924683
2070.699219	1411.244141
2073.898438	1410.247314
2077.097656	1437.836182
2080.292969	1402.840088
2083.490234	1398.744995
2086.683594	1430.228027
2089.876953	1378.163208
2093.068359	1407.339722
2096.259766	1375.359741
2099.449219	1382.090332
2102.636719	1398.901001
2105.824219	1438.983887
2109.009766	1380.59436
2112.195313	1409.837646
2115.378906	1458.508667
2118.560547	1393.069214
2121.742188	1378.071777
2124.921875	1391.038696
2128.099609	1445.218262
2131.277344	1423.223145
2134.453125	1414.437012
2137.626953	1438.33313
2140.800781	1389.057129
2143.972656	1431.655396
2147.144531	1422.857544
2150.314453	1366.501709
2153.482422	1460.60791
2156.650391	1397.201294
2159.816406	1332.184692
2162.980469	1399.840942
2166.144531	1398.037598
2169.306641	1423.579102
2172.46875	1392.080933
2175.628906	1402.782471
2178.787109	1408.798462
2181.945313	1388.212769
2185.101563	1391.878662
2188.255859	1421.390503
2191.410156	1379.631958
2194.564453	1417.782227
2197.714844	1400.2948
2200.865234	1402.4021
2204.013672	1425.696045
2207.162109	1430.953735
2210.308594	1413.443115
2213.455078	1387.277588
2216.599609	1423.173828
2219.742188	1434.726563
2222.884766	1396.741211
2226.025391	1404.358276
2229.164063	1376.563232
2232.302734	1398.350098
2235.439453	1390.22229
2238.576172	1400.999023
2241.710938	1397.594971
2244.84375	1431.25061
2247.976563	1403.399902
2251.107422	1429.191162
2254.236328	1440.001831
2257.365234	1413.700928
2260.492188	1414.24231
2263.619141	1454.302856
2266.744141	1404.255615
2269.867188	1404.792969
2272.990234	1395.834961
2276.111328	1425.657715
2279.232422	1434.913696
2282.351563	1430.709106
2285.46875	1408.273438
2288.585938	1425.460449
2291.701172	1469.625854
2294.816406	1441.62439
2297.929688	1431.856567
2301.041016	1424.463135
2304.152344	1418.652222
2307.261719	1423.961304
2310.369141	1426.09436
2313.476563	1429.819214
2316.583984	1441.501831
2319.6875	1421.359619
2322.791016	1460.912109
2325.894531	1535.53772
2328.996094	1541.699951
2332.095703	1485.696777
2335.195313	1479.883667
2338.292969	1430.992432
2341.388672	1387.649292
2344.484375	1398.55481
2347.578125	1411.065308
2350.671875	1410.803101
2353.763672	1448.900635
2356.853516	1420.670288
2359.943359	1383.620483
2363.03125	1436.951782
2366.119141	1405.482178
2369.205078	1419.627686
2372.289063	1432.181641
2375.373047	1417.50061
2378.457031	1436.475464
2381.537109	1437.020508
2384.617188	1419.916992
2387.697266	1419.652954
2390.773438	1476.388672
2393.851563	1401.454468
2396.925781	1410.823364
2400	1410.554199
2403.074219	1412.696533
2406.146484	1434.948853
2409.216797	1437.906006
2412.286133	1463.403931
2415.355469	1430.136841
2418.421875	1446.789185
2421.488281	1413.490112
2424.553711	1449.496094
2427.617188	1452.463623
2430.679688	1450.592285
2433.741211	1446.297852
2436.801758	1411.319092
2439.861328	1443.352295
2442.918945	1459.24939
2445.976563	1473.541504
2449.032227	1463.585693
2452.086914	1405.895996
2455.140625	1461.453491
2458.192383	1472.528564
2461.243164	1473.083862
2464.293945	1443.664063
2467.342773	1463.658813
2470.390625	1438.266357
2473.436523	1463.950928
2476.482422	1443.40686
2479.526367	1425.282104
2482.569336	1422.570801
2485.611328	1453.1604
2488.652344	1461.833008
2491.692383	1450.189575
2494.730469	1455.614136
2497.768555	1415.486572
2500.804688	1409.508179
2503.839844	1358.749023
2506.873047	1454.546143
2509.90625	1447.76001
2512.938477	1484.979858
2515.96875	1467.600098
2518.998047	1468.151001
2522.026367	1490.732422
2525.053711	1516.595581
2528.079102	1484.502075
2531.104492	1458.102295
2534.12793	1471.723633
2537.150391	1488.624756
2540.171875	1463.831299
2543.192383	1480.741577
2546.211914	1467.383423
2549.230469	1512.961426
2552.24707	1495.509644
2555.262695	1424.78894
2558.277344	1494.98999
2561.291016	1478.330688
2564.303711	1462.478882
2567.31543	1507.334961
2570.325195	1492.302246
2573.333984	1505.998535
2576.341797	1495.882202
2579.348633	1503.015137
2582.354492	1500.288086
2585.359375	1455.617188
2588.363281	1503.876465
2591.365234	1494.561768
2594.366211	1468.77356
2597.366211	1500.618652
2600.365234	1492.115112
2603.363281	1486.077637
2606.360352	1503.946655
2609.355469	1470.688599
2612.350586	1495.165771
2615.34375	1492.420776
2618.335938	1516.923584
2621.327148	1535.661743
2624.317383	1499.046387
2627.306641	1549.2052
2630.293945	1501.815918
2633.280273	1526.366089
2636.266602	1530.244019
2639.250977	1513.426636
2642.234375	1523.927734
2645.216797	1491.352661
2648.197266	1530.033081
2651.177734	1527.284668
2654.157227	1563.518188
2657.134766	1524.27002
2660.111328	1534.796387
2663.086914	1576.054199
2666.061523	1524.305542
2669.035156	1596.33606
2672.007813	1547.049805
2674.978516	1547.623169
2677.949219	1557.347656
2680.917969	1603.696899
2683.885742	1552.673706
2686.852539	1542.421631
2689.818359	1559.655518
2692.783203	1574.401489
2695.74707	1545.802124
2698.708984	1572.230103
2701.670898	1556.123901
2704.630859	1585.91333
2707.589844	1589.004395
2710.547852	1559.520508
2713.504883	1584.329468
2716.460938	1544.790039
2719.416016	1595.534546
2722.369141	1634.60437
2725.322266	1618.470581
2728.273438	1610.696045
2731.223633	1614.640015
2734.173828	1664.664307
2737.12207	1619.183228
2740.069336	1625.648804
2743.014648	1618.699463
2745.959961	1643.627075
2748.904297	1624.088745
2751.84668	1619.648926
2754.788086	1642.923462
2757.729492	1583.870361
2760.668945	1613.872559
2763.607422	1627.079224
2766.544922	1577.206909
2769.481445	1604.714355
2772.416016	1586.784668
2775.350586	1616.841309
2778.28418	1627.544189
2781.21582	1646.681885
2784.146484	1621.995483
2787.077148	1581.26709
2790.005859	1534.602905
2792.933594	1579.895874
2795.860352	1516.310669
2798.785156	1593.723633
2801.709961	1574.030518
2804.633789	1617.712524
2807.555664	1650.434692
2810.477539	1623.973022
2813.397461	1586.491943
2816.316406	1598.922974
2819.234375	1623.217163
2822.151367	1637.364136
2825.067383	1693.042114
2827.982422	1671.621704
2830.896484	1630.681519
2833.80957	1698.293213
2836.720703	1740.495728
2839.631836	1796.311279
2842.541016	1910.764038
2845.450195	2015.105591
2848.357422	2167.114258
2851.263672	2302.230469
2854.168945	2355.799561
2857.073242	2359.211426
2859.976563	2421.350342
2862.878906	2501.41333
2865.779297	2606.233887
2868.679688	2838.081299
2871.579102	2928.610107
2874.476563	3056.720459
2877.374023	3080.863281
2880.269531	3126.354492
2883.164063	3126.638672
2886.057617	3141.438477
2888.950195	3131.476807
2891.841797	3145.433105
2894.732422	3188.462891
2897.62207	3204.158936
2900.510742	3314.819092
2903.398438	3355.387939
2906.28418	3461.901611
2909.169922	3551.364746
2912.053711	3634.895264
2914.9375	3858.175293
2917.819336	4002.744385
2920.700195	4121.689453
2923.581055	4189.244141
2926.459961	4253.414063
2929.337891	4398.333008
2932.214844	4407.65625
2935.09082	4461.662109
2937.96582	4418.584961
2940.838867	4284.337891
2943.711914	4135.370605
2946.583984	3956.180176
2949.454102	3717.469238
2952.324219	3684.372314
2955.193359	3509.989746
2958.060547	3440.602295
2960.926758	3372.026123
2963.792969	3374.106689
2966.657227	3281.302734
2969.520508	3241.931152
2972.382813	3127.43042
2975.244141	3030.980713
2978.104492	3070.083008
2980.963867	2907.001953
2983.822266	2838.893311
2986.679688	2683.392578
2989.536133	2646.295898
2992.390625	2526.959229
2995.245117	2423.118896
2998.098633	2336.523438
3000.950195	2234.270996
3003.801758	2142.344238
3006.651367	2062.488281
3009.500977	2018.132202
3012.348633	1963.332886
3015.195313	1908.493774
3018.041992	1906.575195
3020.886719	1819.540161
3023.730469	1825.40686
3026.573242	1764.353516
3029.415039	1775.42041
3032.255859	1849.11792
3035.095703	1770.604492
3037.93457	1754.702393
3040.772461	1774.487183
3043.609375	1814.31897
3046.445313	1828.039185
3049.280273	1782.497559
3052.114258	1806.678833
3054.946289	1827.387939
3057.77832	1849.856567
3060.609375	1914.239502
3063.438477	1890.474976
3066.267578	1867.56665
3069.094727	1862.991699
3071.921875	1820.825195
3074.74707	1750.645752
3077.572266	1757.394775
3080.395508	1752.772217
3083.21875	1721.009033
3086.040039	1745.267456
3088.860352	1709.973999
3091.679688	1723.729248
3094.499023	1690.155396
3097.316406	1626.740967
3100.132813	1652.761719
3102.948242	1663.881714
3105.762695	1679.398926
3108.576172	1674.728027
3111.388672	1689.380859
3114.201172	1691.740112
3117.011719	1680.913574
3119.821289	1685.909058
3122.629883	1669.793335
3125.436523	1681.828369
3128.243164	1651.612793
3131.048828	1674.217529
3133.853516	1657.192261
3136.657227	1684.220947
3139.459961	1676.884399
3142.261719	1684.535522
3145.0625	1680.72229
3147.861328	1622.185791
3150.660156	1672.203491
3153.458008	1690.460815
3156.254883	1643.350098
3159.049805	1673.099243
3161.844727	1630.368896
3164.638672	1644.213501
3167.430664	1635.948242
3170.222656	1609.974854
3173.013672	1648.617065
3175.802734	1709.429199
3178.591797	1658.644287
3181.379883	1669.867065
3184.166016	1627.011475
3186.952148	1667.500244
3189.737305	1658.329468
3192.520508	1671.341675
3195.303711	1712.775879
3198.084961	1663.640259
3200.866211	1673.410645
