399.363281	1855.306152
403.25	1882.818115
407.134766	1881.726807
411.017578	1823.355713
414.898438	1850.887939
418.777344	1841.499023
422.654297	1841.022827
426.53125	1816.31958
430.404297	1819.657837
434.277344	1814.065308
438.148438	1830.809937
442.017578	1810.52771
445.884766	1828.56189
449.751953	1826.157349
453.615234	1830.144653
457.478516	1812.383789
461.339844	1833.648071
465.199219	1827.397583
469.056641	1823.062744
472.912109	1836.66748
476.765625	1872.722656
480.619141	1836.971558
484.470703	1806.32251
488.320313	1846.903442
492.167969	1841.920288
496.013672	1861.347656
499.857422	1836.439087
503.699219	1876.457886
507.541016	1841.883057
511.380859	1865.847168
515.21875	1834.456299
519.054688	1857.148438
522.888672	1841.837036
526.720703	1903.879028
530.552734	1833.103027
534.380859	1855.831543
538.208984	1855.338867
542.035156	1861.949341
545.859375	1854.996704
549.683594	1839.634277
553.503906	1857.885132
557.324219	1818.57251
561.140625	1810.292603
564.957031	1880.353027
568.773438	1806.017578
572.585938	1799.016113
576.396484	1810.809937
580.207031	1797.96582
584.015625	1862.328735
587.820313	1852.740601
591.626953	1823.660156
595.429688	1753.621216
599.230469	1801.173218
603.03125	1833.80896
606.828125	1818.3302
610.625	1808.044434
614.419922	1849.187988
618.214844	1879.943848
622.005859	1880.748169
625.796875	1876.988892
629.583984	1867.355835
633.371094	1886.424561
637.15625	1830.437744
640.941406	1879.547485
644.722656	1881.657104
648.503906	1873.309937
652.283203	1887.18811
656.060547	1880.797607
659.835938	1907.124634
663.609375	1926.926147
667.382813	1944.123779
671.152344	1922.017212
674.921875	1913.002808
678.689453	1947.267456
682.455078	1923.163818
686.220703	1893.787598
689.982422	1909.041748
693.744141	1976.867188
697.503906	1939.587402
701.261719	1920.686646
705.017578	1942.554321
708.773438	1902.578247
712.525391	1988.977417
716.277344	1992.457764
720.027344	2044.702393
723.775391	2050.186035
727.523438	2022.698486
731.267578	2059.186035
735.011719	2025.077148
738.753906	1999.523193
742.494141	2077.004395
746.232422	2102.339355
749.970703	2027.194946
753.707031	2061.789551
757.439453	2052.075928
761.171875	2078.765137
764.904297	2109.449951
768.632813	2069.926025
772.361328	2103.946289
776.087891	2124.068848
779.8125	2189.984375
783.535156	2143.124268
787.255859	2176.567139
790.976563	2137.631592
794.695313	2117.270264
798.412109	2092.237061
802.126953	2146.331055
805.839844	2141.915039
809.552734	2163.456299
813.263672	2154.381104
816.972656	2179.275879
820.679688	2168.865234
824.384766	2159.112061
828.089844	2102.654053
831.791016	2142.248779
835.492188	2147.826172
839.193359	2165.43042
842.890625	2188.394531
846.587891	2210.040283
850.28125	2187.564697
853.974609	2184.472168
857.666016	2243.625
861.357422	2187.6521
865.044922	2164.456787
868.732422	2161.346924
872.417969	2168.290771
876.101563	2192.008789
879.785156	2167.431641
883.464844	2187.811279
887.144531	2152.465088
890.822266	2193.682617
894.5	2200.654053
898.173828	2222.424316
901.847656	2179.630859
905.519531	2196.698486
909.189453	2186.174805
912.857422	2128.491699
916.523438	2203.509033
920.189453	2190.276611
923.853516	2179.055664
927.515625	2188.066162
931.177734	2256.482178
934.835938	2216.911865
938.494141	2233.378418
942.150391	2195.115723
945.804688	2213.614258
949.458984	2224.010986
953.109375	2231.708984
956.759766	2202.179443
960.408203	2179.397217
964.056641	2231.801514
967.701172	2250.358398
971.345703	2231.634521
974.988281	2275.305664
978.628906	2185.993652
982.267578	2216.102051
985.90625	2234.687988
989.542969	2264.84082
993.177734	2304.5354
996.810547	2281.01416
1000.443359	2405.793945
1004.074219	2490.518311
1007.703125	2339.707764
1011.330078	2284.14209
1014.955078	2231.255371
1018.580078	2233.549316
1022.203125	2234.47998
1025.824219	2281.811523
1029.443359	2309.385254
1033.0625	2307.615479
1036.679688	2321.557373
1040.294922	2325.257813
1043.908203	2299.557861
1047.519531	2305.303223
1051.130859	2315.843018
1054.740234	2342.137695
1058.347656	2318.454346
1061.953125	2310.510498
1065.558594	2326.551514
1069.162109	2342.605225
1072.763672	2351.125
1076.363281	2402.20459
1079.962891	2366.124023
1083.560547	2391.148193
1087.15625	2421.690186
1090.75	2408.257568
1094.34375	2375.555908
1097.933594	2411.631836
1101.523438	2422.268555
1105.113281	2410.877441
1108.699219	2374.675293
1112.285156	2417.700195
1115.869141	2395.259277
1119.451172	2441.775879
1123.03125	2453.827637
1126.611328	2473.482422
1130.189453	2460.00293
1133.765625	2391.239014
1137.341797	2350.756348
1140.914063	2326.143555
1144.486328	2343.707764
1148.056641	2401.424805
1151.626953	2386.493408
1155.193359	2402.717285
1158.759766	2409.25293
1162.324219	2437.97583
1165.888672	2466.72168
1169.449219	2495.490723
1173.009766	2438.219971
1176.568359	2446.863525
1180.125	2465.93335
1183.681641	2414.831543
1187.236328	2467.967285
1190.789063	2458.552246
1194.339844	2446.345703
1197.890625	2464.059082
1201.439453	2506.85498
1204.986328	2569.191162
1208.53125	2598.822754
1212.076172	2585.948242
1215.619141	2572.36499
1219.160156	2604.823486
1222.699219	2705.718994
1226.238281	2750.129883
1229.775391	2757.54834
1233.310547	2738.412842
1236.84375	2757.717773
1240.376953	2809.215332
1243.908203	2719.395996
1247.4375	2769.518311
1250.964844	2778.359619
1254.492188	2762.684326
1258.017578	2771.52832
1261.541016	2778.275391
1265.064453	2764.683105
1268.583984	2797.397949
1272.103516	2755.717285
1275.623047	2760.358643
1279.138672	2782.570068
1282.654297	2773.165771
1286.167969	2794.695801
1289.679688	2844.384033
1293.191406	2887.073975
1296.701172	2897.40918
1300.208984	2976.782959
1303.714844	3012.530518
1307.220703	2983.448975
1310.722656	2998.069092
1314.226563	2992.944824
1317.726563	3037.224365
1321.226563	3026.461426
1324.724609	3012.863281
1328.220703	3041.655273
1331.714844	3044.311523
1335.208984	3072.431152
1338.701172	3094.204834
1342.191406	3123.074219
1345.681641	3052.825439
1349.169922	2952.764404
1352.65625	2965.308105
1356.140625	2987.787598
1359.625	2930.842529
1363.107422	2966.097412
1366.587891	2955.947998
1370.068359	2962.833496
1373.544922	2895.125488
1377.021484	2915.494385
1380.498047	2923.791504
1383.970703	2935.651367
1387.443359	2919.05542
1390.914063	2915.971436
1394.384766	2906.474365
1397.851563	2916.206055
1401.318359	2930.221436
1404.785156	2931.412354
1408.248047	2840.580566
1411.710938	2886.694092
1415.171875	2914.282227
1418.630859	2874.754639
1422.089844	2968.808594
1425.546875	2951.428711
1429.001953	2968.358154
1432.457031	2968.847168
1435.908203	3059.510498
1439.361328	3088.673828
1442.810547	3149.375
1446.257813	3193.644287
1449.705078	3183.468994
1453.152344	3196.949707
1456.595703	3199.679443
1460.039063	3140.687744
1463.480469	3131.189209
1466.919922	3111.625977
1470.359375	3047.494385
1473.796875	3018.534912
1477.232422	3036.296387
1480.666016	3077.813477
1484.099609	3044.510254
1487.53125	2950.696289
1490.962891	2912.270752
1494.390625	2883.9021
1497.818359	2860.556152
1501.246094	2889.838135
1504.669922	2893.169189
1508.09375	2891.449951
1511.515625	2846.404053
1514.935547	2854.053711
1518.355469	2884.111084
1521.773438	2948.893311
1525.189453	2874.865723
1528.605469	2926.671387
1532.019531	2968.384766
1535.431641	2989.131592
1538.841797	2942.525146
1542.251953	3015.454834
1545.660156	3018.843994
1549.068359	3029.487793
1552.472656	3137.365723
1555.876953	3142.257324
1559.28125	3108.665771
1562.681641	3147.691162
1566.082031	3166.398438
1569.480469	3239.647461
1572.878906	3222.039063
1576.273438	3303.371094
1579.667969	3270.486572
1583.0625	3221.554199
1586.453125	3260.000732
1589.84375	3219.768799
1593.234375	3200.646729
1596.621094	3219.436035
1600.007813	3184.244385
1603.392578	3240.998047
1606.777344	3218.929688
1610.160156	3186.615234
1613.541016	3152.081543
1616.919922	3159.193604
1620.298828	3181.670166
1623.675781	3130.99292
1627.050781	3197.39502
1630.425781	3118.854736
1633.798828	3093.729736
1637.169922	3190.242676
1640.541016	3161.45874
1643.910156	3206.731201
1647.277344	3221.221436
1650.642578	3270.956787
1654.007813	3286.951172
1657.371094	3302.2229
1660.734375	3296.927734
1664.09375	3296.77417
1667.453125	3289.264404
1670.8125	3293.520996
1674.167969	3286.002197
1677.523438	3212.936523
1680.878906	3191.380615
1684.230469	3140.327148
1687.582031	3164.435303
1690.933594	3114.066406
1694.28125	3046.685303
1697.628906	3060.448242
1700.974609	3011.452148
1704.320313	2986.056396
1707.664063	2959.161621
1711.005859	2986.956299
1714.345703	2906.784912
1717.685547	2916.081055
1721.023438	2858.022949
1724.361328	2902.850586
1727.695313	2941.046143
1731.03125	2953.332031
1734.363281	2928.556885
1737.695313	2927.495605
1741.025391	2890.074951
1744.353516	2905.32666
1747.681641	2924.30249
1751.007813	2877.919434
1754.332031	2876.832275
1757.65625	2855.669922
1760.978516	2914.81665
1764.298828	2905.556152
1767.619141	2944.670654
1770.9375	2924.988281
1774.253906	2891.880127
1777.570313	2960.843262
1780.884766	2909.829102
1784.197266	2954.98584
1787.509766	2970.332764
1790.818359	2981.212402
1794.128906	2931.615723
1797.435547	2981.332031
1800.742188	2929.452881
1804.048828	2931.359375
1807.351563	2957.199463
1810.654297	2893.275879
1813.955078	2959.538574
1817.255859	2935.249512
1820.554688	3056.262939
1823.851563	2915.088135
1827.148438	2958.221436
1830.443359	2958.639648
1833.736328	2898.285889
1837.027344	2880.665771
1840.318359	2962.144775
1843.609375	2955.050537
1846.896484	2939.684326
1850.183594	2994.969482
1853.46875	2943.50708
1856.753906	2933.382324
1860.037109	2969.912354
1863.318359	2957.529785
1866.599609	2976.772217
1869.878906	3021.64917
1873.15625	2983.640137
1876.433594	2963.699219
1879.708984	2930.916748
1882.982422	3024.145264
1886.255859	2995.889404
1889.527344	2984.982666
1892.796875	2971.044189
1896.066406	2961.629639
1899.333984	2967.330811
1902.599609	2970.009766
1905.865234	2957.554199
1909.128906	2957.201416
1912.390625	3015.924316
1915.652344	3011.046631
1918.912109	3063.013428
1922.169922	2995.969971
1925.427734	3007.765381
1928.683594	2959.618164
1931.939453	3026.067627
1935.191406	2968.015137
1938.445313	3054.272705
1941.695313	3003.024902
1944.945313	2995.076904
1948.193359	2989.404053
1951.441406	3017.208252
1954.6875	3029.047119
1957.931641	3003.578369
1961.173828	2959.804199
1964.416016	2998.307617
1967.658203	2989.568604
1970.896484	2992.263184
1974.134766	3030.059326
1977.373047	3039.640381
1980.607422	2981.26416
1983.84375	3024.445557
1987.076172	3038.619141
1990.308594	3064.270996
1993.539063	3026.460693
1996.767578	3013.869385
1999.996094	3067.095215
2003.222656	2989.421387
2006.449219	2992.885498
2009.673828	3036.967041
2012.896484	3016.685547
2016.119141	3075.381104
2019.339844	3072.743408
2022.558594	3131.505127
2025.777344	3080.512939
2028.994141	3033.320801
2032.208984	3044.491211
2035.423828	3045.67627
2038.636719	3100.693115
2041.847656	3055.740234
2045.058594	3048.463135
2048.267578	3051.958496
2051.476563	3079.33252
2054.683594	3026.593506
2057.888672	3044.727539
2061.09375	3083.695313
2064.296875	3119.606934
2067.498047	3068.341797
2070.699219	3061.812988
2073.898438	3046.782959
2077.097656	3078.097412
2080.292969	3088.566895
2083.490234	3051.877441
2086.683594	3041.458252
2089.876953	3047.280518
2093.068359	3106.520508
2096.259766	3094.559326
2099.449219	3039.979004
2102.636719	3061.307129
2105.824219	3059.391357
2109.009766	3090.049316
2112.195313	3063.312744
2115.378906	3118.057129
2118.560547	3064.907471
2121.742188	3087.843994
2124.921875	3050.182617
2128.099609	3084.790771
2131.277344	3054.874756
2134.453125	3010.152344
2137.626953	3046.339844
2140.800781	3009.364258
2143.972656	3105.554932
2147.144531	3103.637207
2150.314453	3100.158203
2153.482422	3032.730469
2156.650391	3063.54541
2159.816406	3048.338135
2162.980469	3051.075439
2166.144531	3103.799805
2169.306641	3069.055176
2172.46875	3101.503174
2175.628906	3037.798096
2178.787109	3142.2229
2181.945313	3091.003662
2185.101563	3078.885742
2188.255859	3064.408203
2191.410156	3042.86792
2194.564453	3107.521729
2197.714844	3046.778076
2200.865234	3106.775635
2204.013672	3094.631348
2207.162109	3138.99292
2210.308594	3162.186279
2213.455078	3108.413086
2216.599609	3040.452393
2219.742188	3066.7771
2222.884766	3123.006348
2226.025391	3085.654297
2229.164063	3061.652832
2232.302734	3116.368164
2235.439453	3109.687012
2238.576172	3106.1521
2241.710938	3116.01416
2244.84375	3102.22583
2247.976563	3113.670166
2251.107422	3114.074219
2254.236328	3093.951416
2257.365234	3076.181641
2260.492188	3132.665283
2263.619141	3152.83374
2266.744141	3094.739014
2269.867188	3110.161133
2272.990234	3141.419922
2276.111328	3178.243164
2279.232422	3103.436523
2282.351563	3106.207275
2285.46875	3146.227051
2288.585938	3156.150146
2291.701172	3036.803711
2294.816406	3149.040771
2297.929688	3150.243164
2301.041016	3129.213379
2304.152344	3166.946533
2307.261719	3037.04248
2310.369141	3108.949219
2313.476563	3143.534668
2316.583984	3146.324219
2319.6875	3089.427979
2322.791016	3135.985107
2325.894531	3236.735107
2328.996094	3247.529297
2332.095703	3230.433838
2335.195313	3149.536865
2338.292969	3153.128906
2341.388672	3159.116699
2344.484375	3110.028076
2347.578125	3143.952393
2350.671875	3161.125488
2353.763672	3083.209473
2356.853516	3133.149414
2359.943359	3165.531738
2363.03125	3113.928955
2366.119141	3166.33667
2369.205078	3141.116455
2372.289063	3098.25415
2375.373047	3113.05249
2378.457031	3096.598633
2381.537109	3105.792725
2384.617188	3088.519775
2387.697266	3152.287598
2390.773438	3133.412109
2393.851563	3125.765625
2396.925781	3172.745605
2400	3112.060303
2403.074219	3147.812744
2406.146484	3143.374512
2409.216797	3119.620361
2412.286133	3140.925049
2415.355469	3116.345459
2418.421875	3125.580322
2421.488281	3161.414795
2424.553711	3136.006592
2427.617188	3151.70874
2430.679688	3147.252686
2433.741211	3225.922363
2436.801758	3174.660645
2439.861328	3074.897705
2442.918945	3168.170898
2445.976563	3163.708984
2449.032227	3234.443604
2452.086914	3211.396729
2455.140625	3145.442871
2458.192383	3191.962646
2461.243164	3212.602295
2464.293945	3181.407959
2467.342773	3128.307373
2470.390625	3218.668457
2473.436523	3253.134033
2476.482422	3202.432373
2479.526367	3200.391602
2482.569336	3219.459717
2485.611328	3188.180176
2488.652344	3185.316895
2491.692383	3143.432129
2494.730469	3156.812256
2497.768555	3174.269287
2500.804688	3180.345215
2503.839844	3146.533691
2506.873047	3189.251221
2509.90625	3214.890869
2512.938477	3247.069092
2515.96875	3172.462158
2518.998047	3276.423584
2522.026367	3198.506348
2525.053711	3211.950195
2528.079102	3176.409912
2531.104492	3184.135986
2534.12793	3231.091309
2537.150391	3210.230469
2540.171875	3209.797852
2543.192383	3196.274658
2546.211914	3224.47876
2549.230469	3203.581299
2552.24707	3179.391357
2555.262695	3187.955078
2558.277344	3190.787109
2561.291016	3273.973633
2564.303711	3227.624512
2567.31543	3257.550293
2570.325195	3214.442139
2573.333984	3149.950928
2576.341797	3224.238037
2579.348633	3253.382568
2582.354492	3225.824951
2585.359375	3231.141113
2588.363281	3280.885986
2591.365234	3333.958984
2594.366211	3294.037598
2597.366211	3290.324707
2600.365234	3278.368896
2603.363281	3255.688477
2606.360352	3237.937744
2609.355469	3244.093262
2612.350586	3270.881348
2615.34375	3248.986816
2618.335938	3270.840576
2621.327148	3329.883057
2624.317383	3279.886963
2627.306641	3241.426514
2630.293945	3260.826172
2633.280273	3355.523438
2636.266602	3328.632568
2639.250977	3212.305908
2642.234375	3278.929199
2645.216797	3320.745361
2648.197266	3330.26709
2651.177734	3292.533936
2654.157227	3307.856934
2657.134766	3303.276367
2660.111328	3243.907227
2663.086914	3338.943115
2666.061523	3293.663086
2669.035156	3320.64502
2672.007813	3356.790527
2674.978516	3355.539795
2677.949219	3323.506348
2680.917969	3350.536377
2683.885742	3304.322754
2686.852539	3335.528564
2689.818359	3271.777344
2692.783203	3313.827637
2695.74707	3325.892578
2698.708984	3332.961182
2701.670898	3372.575195
2704.630859	3332.922119
2707.589844	3388.428711
2710.547852	3378.821777
2713.504883	3411.823242
2716.460938	3395.528809
2719.416016	3352.462158
2722.369141	3358.71875
2725.322266	3403.474609
2728.273438	3440.728027
2731.223633	3416.873047
2734.173828	3420.646484
2737.12207	3405.983887
2740.069336	3379.572021
2743.014648	3418.559082
2745.959961	3442.47168
2748.904297	3442.060791
2751.84668	3399.66748
2754.788086	3337.083252
2757.729492	3318.985596
2760.668945	3359.712891
2763.607422	3342.449707
2766.544922	3418.543457
2769.481445	3420.641602
2772.416016	3368.023926
2775.350586	3346.524658
2778.28418	3372.184082
2781.21582	3336.342773
2784.146484	3404.167236
2787.077148	3383.48999
2790.005859	3394.855469
2792.933594	3384.2854
2795.860352	3424.363281
2798.785156	3380.011475
2801.709961	3389.699463
2804.633789	3419.678711
2807.555664	3419.240723
2810.477539	3413.726563
2813.397461	3367.593506
2816.316406	3439.081055
2819.234375	3398.002441
2822.151367	3477.175293
2825.067383	3405.57373
2827.982422	3495.825439
2830.896484	3401.281006
2833.80957	3463.602051
2836.720703	3572.641113
2839.631836	3680.061279
2842.541016	3700.088623
2845.450195	3842.463135
2848.357422	4021.484375
2851.263672	4163.228516
2854.168945	4183.458008
2857.073242	4201.148926
2859.976563	4248.640137
2862.878906	4348.95166
2865.779297	4403.342773
2868.679688	4558.311523
2871.579102	4795.215332
2874.476563	4850.678711
2877.374023	4994.887695
2880.269531	4905.407227
2883.164063	4946.457031
2886.057617	4912.393555
2888.950195	4963.724121
2891.841797	4989.455078
2894.732422	4959.641113
2897.62207	4990.518066
2900.510742	5165.985352
2903.398438	5213.216797
2906.28418	5299.859863
2909.169922	5415.681641
2912.053711	5421.074219
2914.9375	5519.881348
2917.819336	5700.203125
2920.700195	5809.472168
2923.581055	5850.185547
2926.459961	5938.988281
2929.337891	6038.15625
2932.214844	6238.740234
2935.09082	6178.280762
2937.96582	6141.841797
2940.838867	6062.385254
2943.711914	5859.015137
2946.583984	5712.283691
2949.454102	5494.004883
2952.324219	5309.146973
2955.193359	5295.5625
2958.060547	5296.614746
2960.926758	5226.985352
2963.792969	5134.885254
2966.657227	5027.19043
2969.520508	4931.497559
2972.382813	4900.475586
2975.244141	4859.067871
2978.104492	4786.530762
2980.963867	4788.257324
2983.822266	4609.311523
2986.679688	4546.115234
2989.536133	4372.141113
2992.390625	4359.870117
2995.245117	4203.881836
2998.098633	4071.162354
3000.950195	4025.846191
3003.801758	3942.364014
3006.651367	3862.288818
3009.500977	3741.393555
3012.348633	3716.71167
3015.195313	3696.350586
3018.041992	3671.633057
3020.886719	3599.99707
3023.730469	3582.17627
3026.573242	3563.472656
3029.415039	3524.757324
3032.255859	3546.0271
3035.095703	3412.437744
3037.93457	3486.774658
3040.772461	3493.249512
3043.609375	3500.599121
3046.445313	3556.747314
3049.280273	3530.129639
3052.114258	3547.0896
3054.946289	3588.483887
3057.77832	3640.378174
3060.609375	3649.537354
3063.438477	3654.336182
3066.267578	3625.070801
3069.094727	3611.512451
3071.921875	3562.978027
3074.74707	3509.161621
3077.572266	3514.789551
3080.395508	3468.79126
3083.21875	3406.127197
3086.040039	3432.73877
3088.860352	3471.632813
3091.679688	3415.034424
3094.499023	3454.824951
3097.316406	3420.102295
3100.132813	3370.440674
3102.948242	3439.215576
3105.762695	3362.309326
3108.576172	3413.564697
3111.388672	3365.583984
3114.201172	3413.360107
3117.011719	3415.45459
3119.821289	3399.960449
3122.629883	3347.504639
3125.436523	3373.337646
3128.243164	3364.852783
3131.048828	3371.333252
3133.853516	3402.486084
3136.657227	3396.644531
3139.459961	3344.952393
3142.261719	3345.258301
3145.0625	3451.435791
3147.861328	3380.289063
3150.660156	3409.741211
3153.458008	3350.009277
3156.254883	3355.614746
3159.049805	3450.490967
3161.844727	3376.561279
3164.638672	3457.359131
3167.430664	3398.419189
3170.222656	3381.035645
3173.013672	3345.931152
3175.802734	3332.05835
3178.591797	3335.895264
3181.379883	3349.483887
3184.166016	3322.29541
3186.952148	3422.810303
3189.737305	3295.364258
3192.520508	3302.741699
3195.303711	3342.976318
3198.084961	3327.280518
3200.866211	3339.715576
