399.363281	1484.753296
403.25	1471.408691
407.134766	1458.68811
411.017578	1485.414429
414.898438	1475.234741
418.777344	1410.265869
422.654297	1452.298706
426.53125	1458.028442
430.404297	1466.313843
434.277344	1419.731079
438.148438	1396.088257
442.017578	1444.590332
445.884766	1393.463867
449.751953	1439.449219
453.615234	1422.166992
457.478516	1420.223145
461.339844	1437.477661
465.199219	1429.13501
469.056641	1407.973267
472.912109	1399.609863
476.765625	1414.960205
480.619141	1420.061157
484.470703	1379.606934
488.320313	1412.300171
492.167969	1385.935913
496.013672	1410.306641
499.857422	1422.484985
503.699219	1427.599854
507.541016	1460.382324
511.380859	1395.362793
515.21875	1426.227051
519.054688	1470.000977
522.888672	1453.233887
526.720703	1451.28064
530.552734	1417.720093
534.380859	1437.688721
538.208984	1400.219238
542.035156	1433.759155
545.859375	1405.300537
549.683594	1417.539673
553.503906	1422.675659
557.324219	1391.586426
561.140625	1396.067627
564.957031	1399.257202
568.773438	1402.449097
572.585938	1403.699219
576.396484	1380.961426
580.207031	1384.148315
584.015625	1359.435181
587.820313	1392.476807
591.626953	1380.734131
595.429688	1379.376709
599.230469	1397.518066
603.03125	1366.902954
606.828125	1414.329102
610.625	1360.263794
614.419922	1431.167236
618.214844	1386.181641
622.005859	1436.30249
625.796875	1393.887573
629.583984	1391.874756
633.371094	1401.60498
637.15625	1391.759399
640.941406	1452.43689
644.722656	1443.910522
648.503906	1407.270142
652.283203	1403.947632
656.060547	1415.668213
659.835938	1416.272339
663.609375	1431.935913
667.382813	1445.647339
671.152344	1441.021362
674.921875	1450.158447
678.689453	1480.290527
682.455078	1400.871582
686.220703	1463.828857
689.982422	1432.930542
693.744141	1410.546265
697.503906	1430.864746
701.261719	1444.624634
705.017578	1489.971436
708.773438	1466.913574
712.525391	1518.891357
716.277344	1532.710449
720.027344	1516.229492
723.775391	1499.734131
727.523438	1568.300293
731.267578	1525.420654
735.011719	1515.507568
738.753906	1514.830322
742.494141	1559.074585
746.232422	1581.546021
749.970703	1619.904663
753.707031	1584.211182
757.439453	1600.103149
761.171875	1598.79541
764.904297	1586.889282
768.632813	1596.175293
772.361328	1580.942749
776.087891	1604.82251
779.8125	1649.951904
783.535156	1646.004395
787.255859	1664.628906
790.976563	1632.783813
794.695313	1608.886108
798.412109	1583.637939
802.126953	1616.233154
805.839844	1630.889648
809.552734	1638.901367
813.263672	1655.576904
816.972656	1636.9552
820.679688	1668.973145
824.384766	1658.342163
828.089844	1667.714233
831.791016	1645.727539
835.492188	1642.416016
839.193359	1611.048096
842.890625	1603.708862
846.587891	1636.472778
850.28125	1661.238403
853.974609	1655.91687
857.666016	1655.94519
861.357422	1662.669312
865.044922	1700.214111
868.732422	1670.101318
872.417969	1625.212402
876.101563	1643.335815
879.785156	1646.040161
883.464844	1672.242432
887.144531	1672.945557
890.822266	1635.351807
894.5	1650.154419
898.173828	1687.832153
901.847656	1662.30481
905.519531	1660.984009
909.189453	1652.255249
912.857422	1641.498047
916.523438	1654.316406
920.189453	1604.450073
923.853516	1658.402344
927.515625	1616.591553
931.177734	1656.418579
934.835938	1661.164429
938.494141	1675.371704
942.150391	1660.529419
945.804688	1657.168213
949.458984	1638.922852
953.109375	1695.09729
956.759766	1681.590454
960.408203	1718.865723
964.056641	1700.613892
967.701172	1702.680786
971.345703	1706.105225
974.988281	1672.89917
978.628906	1635.592896
982.267578	1678.37146
985.90625	1691.298828
989.542969	1694.043823
993.177734	1745.056641
996.810547	1746.465332
1000.443359	1859.455566
1004.074219	1858.870117
1007.703125	1735.033691
1011.330078	1714.639404
1014.955078	1671.737793
1018.580078	1676.525513
1022.203125	1665.628906
1025.824219	1664.275879
1029.443359	1720.946045
1033.0625	1759.223755
1036.679688	1714.864258
1040.294922	1734.716064
1043.908203	1708.086792
1047.519531	1715.638062
1051.130859	1713.61438
1054.740234	1700.634399
1058.347656	1743.806519
1061.953125	1750.013062
1065.558594	1754.167725
1069.162109	1763.125854
1072.763672	1823.54541
1076.363281	1849.011108
1079.962891	1805.834595
1083.560547	1770.864624
1087.15625	1790.153931
1090.75	1811.52124
1094.34375	1828.091431
1097.933594	1799.951172
1101.523438	1834.426147
1105.113281	1821.414063
1108.699219	1786.345581
1112.285156	1793.288452
1115.869141	1845.052856
1119.451172	1794.084473
1123.03125	1867.972778
1126.611328	1899.120972
1130.189453	1900.597534
1133.765625	1825.383789
1137.341797	1770.84314
1140.914063	1747.373657
1144.486328	1786.835083
1148.056641	1802.106812
1151.626953	1803.543823
1155.193359	1825.760376
1158.759766	1817.506714
1162.324219	1832.814331
1165.888672	1878.647583
1169.449219	1843.346924
1173.009766	1908.654907
1176.568359	1937.9104
1180.125	1919.954834
1183.681641	1856.814331
1187.236328	1864.53186
1190.789063	1886.165039
1194.339844	1870.243774
1197.890625	1907.209473
1201.439453	1959.524902
1204.986328	2023.029053
1208.53125	2030.831177
1212.076172	2027.483765
1215.619141	2115.505127
1219.160156	2093.348633
1222.699219	2152.149658
1226.238281	2174.683594
1229.775391	2194.441162
1233.310547	2287.602051
1236.84375	2259.175049
1240.376953	2251.709229
1243.908203	2272.927979
1247.4375	2301.164551
1250.964844	2246.079834
1254.492188	2293.245117
1258.017578	2286.47583
1261.541016	2328.786621
1265.064453	2289.755127
1268.583984	2308.239258
1272.103516	2323.929688
1275.623047	2286.251221
1279.138672	2346.915039
1282.654297	2392.162842
1286.167969	2411.427246
1289.679688	2416.635986
1293.191406	2464.78125
1296.701172	2511.557373
1300.208984	2494.270752
1303.714844	2549.552246
1307.220703	2606.99292
1310.722656	2689.869385
1314.226563	2598.542236
1317.726563	2663.835693
1321.226563	2697.406006
1324.724609	2705.572266
1328.220703	2717.984863
1331.714844	2717.680908
1335.208984	2759.812744
1338.701172	2785.704346
1342.191406	2768.436768
1345.681641	2675.382568
1349.169922	2638.926758
1352.65625	2625.119873
1356.140625	2629.735107
1359.625	2644.993164
1363.107422	2572.983154
1366.587891	2604.556396
1370.068359	2498.381592
1373.544922	2537.763916
1377.021484	2449.953613
1380.498047	2514.233154
1383.970703	2478.97876
1387.443359	2447.9646
1390.914063	2395.567383
1394.384766	2466.336914
1397.851563	2433.852783
1401.318359	2418.448486
1404.785156	2338.141846
1408.248047	2331.958252
1411.710938	2321.487305
1415.171875	2341.706299
1418.630859	2354.799072
1422.089844	2392.195313
1425.546875	2410.321533
1429.001953	2379.835205
1432.457031	2349.32373
1435.908203	2475.519775
1439.361328	2556.71167
1442.810547	2522.651611
1446.257813	2607.509766
1449.705078	2656.594482
1453.152344	2633.28833
1456.595703	2597.049316
1460.039063	2539.966553
1463.480469	2527.352783
1466.919922	2487.43335
1470.359375	2407.240479
1473.796875	2439.125732
1477.232422	2406.311768
1480.666016	2442.537842
1484.099609	2401.060547
1487.53125	2363.14917
1490.962891	2333.130127
1494.390625	2284.350342
1497.818359	2278.063965
1501.246094	2268.886963
1504.669922	2252.487305
1508.09375	2234.630127
1511.515625	2273.801758
1514.935547	2246.546875
1518.355469	2246.007813
1521.773438	2291.736084
1525.189453	2255.775146
1528.605469	2334.825439
1532.019531	2350.242676
1535.431641	2390.291504
1538.841797	2376.766357
1542.251953	2416.856934
1545.660156	2462.054199
1549.068359	2516.71582
1552.472656	2608.425049
1555.876953	2599.3125
1559.28125	2637.391846
1562.681641	2639.905273
1566.082031	2688.931641
1569.480469	2739.450439
1572.878906	2773.281006
1576.273438	2794.768555
1579.667969	2868.681885
1583.0625	2847.988037
1586.453125	2844.760498
1589.84375	2783.955811
1593.234375	2824.443115
1596.621094	2886.843506
1600.007813	2871.219482
1603.392578	2861.421631
1606.777344	2877.904053
1610.160156	2832.303223
1613.541016	2856.824951
1616.919922	2768.772461
1620.298828	2687.962891
1623.675781	2645.136719
1627.050781	2620.575684
1630.425781	2577.687012
1633.798828	2564.066895
1637.169922	2522.585693
1640.541016	2489.135498
1643.910156	2446.856201
1647.277344	2521.210938
1650.642578	2502.399414
1654.007813	2482.837891
1657.371094	2555.090332
1660.734375	2499.520996
1664.09375	2523.311523
1667.453125	2511.079834
1670.8125	2498.101807
1674.167969	2428.432129
1677.523438	2446.338623
1680.878906	2393.535645
1684.230469	2335.530762
1687.582031	2301.809814
1690.933594	2307.152832
1694.28125	2183.371582
1697.628906	2198.26709
1700.974609	2131.204346
1704.320313	2143.873291
1707.664063	2083.385742
1711.005859	2093.826904
1714.345703	2080.607178
1717.685547	2096.973633
1721.023438	2103.72998
1724.361328	2060.135254
1727.695313	2068.362793
1731.03125	2094.383057
1734.363281	2072.973389
1737.695313	2009.269287
1741.025391	2029.359497
1744.353516	2018.289063
1747.681641	2071.071533
1751.007813	2044.407349
1754.332031	2023.66687
1757.65625	2061.643555
1760.978516	2039.404785
1764.298828	2081.881348
1767.619141	2009.015747
1770.9375	2035.875122
1774.253906	2033.702515
1777.570313	2071.025391
1780.884766	2026.368286
1784.197266	2055.512695
1787.509766	2045.880981
1790.818359	2051.916016
1794.128906	2020.619507
1797.435547	2084.915527
1800.742188	2078.267334
1804.048828	2018.533569
1807.351563	2047.752197
1810.654297	2029.108887
1813.955078	2053.862793
1817.255859	2038.201294
1820.554688	2005.297974
1823.851563	2069.038086
1827.148438	2036.119995
1830.443359	2014.424927
1833.736328	2057.235352
1837.027344	2040.033813
1840.318359	2073.125732
1843.609375	2022.114014
1846.896484	2051.466797
1850.183594	2052.275879
1853.46875	2065.117676
1856.753906	2077.216797
1860.037109	2048.682617
1863.318359	2036.689941
1866.599609	2069.881104
1869.878906	2072.956787
1873.15625	2081.311279
1876.433594	2070.818848
1879.708984	2052.019043
1882.982422	2095.845215
1886.255859	2108.749756
1889.527344	2060.483887
1892.796875	2061.294189
1896.066406	2049.25415
1899.333984	2040.228882
1902.599609	2030.439575
1905.865234	2048.643555
1909.128906	2106.22998
1912.390625	2080.54834
1915.652344	2095.003662
1918.912109	2056.410645
1922.169922	2117.121826
1925.427734	2089.126465
1928.683594	2095.257813
1931.939453	2090.006104
1935.191406	2092.344482
1938.445313	2056.695557
1941.695313	2082.58374
1944.945313	2050.703857
1948.193359	2143.547363
1951.441406	2063.724854
1954.6875	2154.361328
1957.931641	2159.773926
1961.173828	2098.908691
1964.416016	2063.146729
1967.658203	2135.624023
1970.896484	2112.813965
1974.134766	2136.53125
1977.373047	2095.382568
1980.607422	2140.492676
1983.84375	2120.702393
1987.076172	2098.603516
1990.308594	2097.894043
1993.539063	2140.014404
1996.767578	2146.205566
1999.996094	2119.487549
2003.222656	2162.429688
2006.449219	2115.013184
2009.673828	2137.29541
2012.896484	2111.296631
2016.119141	2097.547852
2019.339844	2093.761963
2022.558594	2126.046387
2025.777344	2105.375488
2028.994141	2102.354736
2032.208984	2129.299561
2035.423828	2098.61084
2038.636719	2120.960205
2041.847656	2141.018555
2045.058594	2138.772949
2048.267578	2102.648438
2051.476563	2101.925537
2054.683594	2095.037598
2057.888672	2080.435303
2061.09375	2097.437256
2064.296875	2098.251953
2067.498047	2122.218262
2070.699219	2082.897461
2073.898438	2094.518555
2077.097656	2132.416992
2080.292969	2110.056885
2083.490234	2137.937988
2086.683594	2151.143311
2089.876953	2154.298828
2093.068359	2109.461182
2096.259766	2115.699707
2099.449219	2143.634521
2102.636719	2082.463867
2105.824219	2090.248047
2109.009766	2167.067871
2112.195313	2167.130859
2115.378906	2157.102539
2118.560547	2116.781738
2121.742188	2135.467529
2124.921875	2097.4375
2128.099609	2137.896973
2131.277344	2135.612549
2134.453125	2166.780518
2137.626953	2151.273193
2140.800781	2173.126953
2143.972656	2178.639893
2147.144531	2138.96167
2150.314453	2160.054932
2153.482422	2156.209717
2156.650391	2093.071533
2159.816406	2140.70459
2162.980469	2140.749512
2166.144531	2136.107666
2169.306641	2139.275146
2172.46875	2163.548584
2175.628906	2158.908691
2178.787109	2170.69165
2181.945313	2144.921631
2185.101563	2124.611084
2188.255859	2133.260498
2191.410156	2104.310791
2194.564453	2159.198486
2197.714844	2180.414307
2200.865234	2160.860107
2204.013672	2175.814453
2207.162109	2150.747803
2210.308594	2117.023682
2213.455078	2192.464111
2216.599609	2167.373535
2219.742188	2146.193604
2222.884766	2184.767578
2226.025391	2162.003662
2229.164063	2156.537109
2232.302734	2157.364502
2235.439453	2177.883789
2238.576172	2193.69043
2241.710938	2143.294189
2244.84375	2141.750244
2247.976563	2177.281494
2251.107422	2174.958984
2254.236328	2172.634277
2257.365234	2162.409668
2260.492188	2190.100342
2263.619141	2189.358154
2266.744141	2142.754883
2269.867188	2229.79248
2272.990234	2141.229736
2276.111328	2148.381592
2279.232422	2146.827393
2282.351563	2210.231689
2285.46875	2189.678955
2288.585938	2212.714111
2291.701172	2176.283447
2294.816406	2203.297119
2297.929688	2193.820313
2301.041016	2216.890137
2304.152344	2221.707764
2307.261719	2196.333008
2310.369141	2193.196289
2313.476563	2164.609375
2316.583984	2118.498535
2319.6875	2188.543701
2322.791016	2194.154541
2325.894531	2281.802734
2328.996094	2300.200439
2332.095703	2268.397461
2335.195313	2261.287842
2338.292969	2161.644043
2341.388672	2211.940186
2344.484375	2227.150635
2347.578125	2234.38623
2350.671875	2208.873535
2353.763672	2197.72583
2356.853516	2185.769531
2359.943359	2248.983154
2363.03125	2195.431885
2366.119141	2175.455811
2369.205078	2177.082764
2372.289063	2273.228027
2375.373047	2198.768555
2378.457031	2165.935791
2381.537109	2184.399414
2384.617188	2203.678955
2387.697266	2173.216553
2390.773438	2224.618408
2393.851563	2199.761475
2396.925781	2191.757568
2400	2190.980469
2403.074219	2277.842529
2406.146484	2207.922852
2409.216797	2230.484375
2412.286133	2245.012939
2415.355469	2274.046387
2418.421875	2257.98999
2421.488281	2237.085693
2424.553711	2233.094727
2427.617188	2277.48877
2430.679688	2248.498535
2433.741211	2212.222412
2436.801758	2238.894775
2439.861328	2239.740234
2442.918945	2262.4021
2445.976563	2258.406494
2449.032227	2228.531738
2452.086914	2224.519043
2455.140625	2255.299561
2458.192383	2282.864502
2461.243164	2301.541504
2464.293945	2250.560547
2467.342773	2307.329346
2470.390625	2265.229004
2473.436523	2309.068115
2476.482422	2262.87915
2479.526367	2289.704346
2482.569336	2313.301514
2485.611328	2278.432129
2488.652344	2224.846436
2491.692383	2275.269287
2494.730469	2292.388916
2497.768555	2296.504883
2500.804688	2287.602539
2503.839844	2301.488037
2506.873047	2297.466064
2509.90625	2340.69458
2512.938477	2264.145996
2515.96875	2296.794189
2518.998047	2312.337891
2522.026367	2320.549072
2525.053711	2296.115967
2528.079102	2337.804932
2531.104492	2336.231201
2534.12793	2296.248535
2537.150391	2283.211914
2540.171875	2286.520996
2543.192383	2378.185303
2546.211914	2329.154053
2549.230469	2303.827637
2552.24707	2359.563721
2555.262695	2325.216309
2558.277344	2299.858398
2561.291016	2396.650391
2564.303711	2339.310059
2567.31543	2373.826904
2570.325195	2325.463379
2573.333984	2335.365234
2576.341797	2336.237793
2579.348633	2328.892578
2582.354492	2415.258301
2585.359375	2365.172363
2588.363281	2435.161133
2591.365234	2365.291992
2594.366211	2384.287109
2597.366211	2383.529297
2600.365234	2378.650635
2603.363281	2366.349854
2606.360352	2406.809326
2609.355469	2398.633057
2612.350586	2373.121826
2615.34375	2467.281982
2618.335938	2402.965576
2621.327148	2400.555664
2624.317383	2474.996582
2627.306641	2384.982422
2630.293945	2445.412842
2633.280273	2410.748535
2636.266602	2429.852051
2639.250977	2447.313477
2642.234375	2401.842529
2645.216797	2473.159912
2648.197266	2436.780762
2651.177734	2471.680664
2654.157227	2465.133057
2657.134766	2469.367188
2660.111328	2494.355469
2663.086914	2448.779541
2666.061523	2453.010498
2669.035156	2467.216064
2672.007813	2458.986328
2674.978516	2516.447021
2677.949219	2495.749512
2680.917969	2544.942871
2683.885742	2528.402344
2686.852539	2486.863525
2689.818359	2480.285645
2692.783203	2456.199707
2695.74707	2495.46167
2698.708984	2497.218506
2701.670898	2551.54248
2704.630859	2474.024658
2707.589844	2594.343994
2710.547852	2508.430664
2713.504883	2571.192871
2716.460938	2560.439453
2719.416016	2576.437012
2722.369141	2599.974609
2725.322266	2584.197021
2728.273438	2631.194336
2731.223633	2607.040771
2734.173828	2623.919922
2737.12207	2592.20166
2740.069336	2552.075684
2743.014648	2594.951416
2745.959961	2572.414795
2748.904297	2605.256592
2751.84668	2573.470215
2754.788086	2567.697754
2757.729492	2571.163574
2760.668945	2573.790527
2763.607422	2583.145996
2766.544922	2550.44873
2769.481445	2563.167236
2772.416016	2600.306396
2775.350586	2590.314453
2778.28418	2587.896484
2781.21582	2554.295166
2784.146484	2527.412842
2787.077148	2560.387695
2790.005859	2583.262207
2792.933594	2573.238525
2795.860352	2551.386963
2798.785156	2534.586426
2801.709961	2542.274658
2804.633789	2564.336426
2807.555664	2617.69751
2810.477539	2560.294922
2813.397461	2575.616943
2816.316406	2520.694824
2819.234375	2577.50293
2822.151367	2645.36377
2825.067383	2588.710449
2827.982422	2684.597412
2830.896484	2611.803955
2833.80957	2744.245117
2836.720703	2779.192383
2839.631836	2755.589111
2842.541016	2892.472168
2845.450195	3088.922363
2848.357422	3181.83374
2851.263672	3262.910156
2854.168945	3301.521484
2857.073242	3437.148926
2859.976563	3438.402588
2862.878906	3504.362793
2865.779297	3618.065918
2868.679688	3764.228027
2871.579102	3922.428223
2874.476563	3982.689209
2877.374023	4038.728516
2880.269531	4035.932617
2883.164063	4103.126465
2886.057617	4114.866211
2888.950195	4127.467285
2891.841797	4219.545898
2894.732422	4087.729004
2897.62207	4180.713379
2900.510742	4295.150391
2903.398438	4298.422363
2906.28418	4436.09668
2909.169922	4498.509766
2912.053711	4654.345215
2914.9375	4728.878418
2917.819336	4883.193848
2920.700195	4946.713379
2923.581055	5084.916992
2926.459961	5195.756348
2929.337891	5266.323242
2932.214844	5260.501465
2935.09082	5383.549805
2937.96582	5294.394531
2940.838867	5163.903809
2943.711914	5073.741699
2946.583984	4886.287109
2949.454102	4647.912598
2952.324219	4535.936523
2955.193359	4511.736328
2958.060547	4359.130371
2960.926758	4328.812988
2963.792969	4345.897949
2966.657227	4187.887695
2969.520508	4178.182129
2972.382813	4083.873535
2975.244141	4077.575684
2978.104492	3924.419678
2980.963867	3838.555908
2983.822266	3738.798096
2986.679688	3682.206299
2989.536133	3593.564453
2992.390625	3450.337891
2995.245117	3358.949951
2998.098633	3266.629395
3000.950195	3160.380127
3003.801758	3169.317627
3006.651367	3055.152832
3009.500977	2902.745361
3012.348633	2947.168457
3015.195313	2851.89209
3018.041992	2826.871094
3020.886719	2812.253418
3023.730469	2730.725098
3026.573242	2730.836914
3029.415039	2758.770264
3032.255859	2711.053711
3035.095703	2734.648682
3037.93457	2715.61084
3040.772461	2790.594238
3043.609375	2729.753174
3046.445313	2718.532959
3049.280273	2688.128418
3052.114258	2730.945068
3054.946289	2733.667725
3057.77832	2778.275146
3060.609375	2752.210205
3063.438477	2780.264404
3066.267578	2787.373779
3069.094727	2797.98291
3071.921875	2723.807617
3074.74707	2709.04126
3077.572266	2617.284912
3080.395508	2725.854004
3083.21875	2666.426025
3086.040039	2630.598877
3088.860352	2631.537842
3091.679688	2612.321777
3094.499023	2553.642334
3097.316406	2609.801025
3100.132813	2568.623291
3102.948242	2527.415283
3105.762695	2607.325928
3108.576172	2591.569092
3111.388672	2579.314697
3114.201172	2567.929688
3117.011719	2603.130127
3119.821289	2564.481445
3122.629883	2561.874756
3125.436523	2574.227051
3128.243164	2590.109131
3131.048828	2582.2229
3133.853516	2599.879883
3136.657227	2619.311768
3139.459961	2567.343506
3142.261719	2552.380127
3145.0625	2534.758545
3147.861328	2563.900879
3150.660156	2585.116943
3153.458008	2562.1875
3156.254883	2558.678467
3159.049805	2594.938965
3161.844727	2505.675537
3164.638672	2518.945801
3167.430664	2572.924561
3170.222656	2538.432129
3173.013672	2515.424805
3175.802734	2533.143799
3178.591797	2502.143066
3181.379883	2536.708984
3184.166016	2553.565674
3186.952148	2542.051025
3189.737305	2504.796143
3192.520508	2468.4021
3195.303711	2551.849609
3198.084961	2496.792725
3200.866211	2486.134033
