399.363281	1368.439209
403.25	1375.391968
407.134766	1346.089844
411.017578	1365.766602
414.898438	1319.879883
418.777344	1313.445435
422.654297	1301.269897
426.53125	1317.134521
430.404297	1331.736938
434.277344	1301.685913
438.148438	1298.419556
442.017578	1298.981689
445.884766	1283.571289
449.751953	1279.013184
453.615234	1326.886841
457.478516	1273.722656
461.339844	1282.593628
465.199219	1279.306396
469.056641	1284.983765
472.912109	1247.729126
476.765625	1320.073975
480.619141	1259.710938
484.470703	1293.62207
488.320313	1290.328735
492.167969	1283.821045
496.013672	1291.442505
499.857422	1329.923828
503.699219	1297.058105
507.541016	1304.69397
511.380859	1273.718994
515.21875	1303.243164
519.054688	1307.669556
522.888672	1327.566162
526.720703	1296.546143
530.552734	1355.799683
534.380859	1349.930298
538.208984	1291.119629
542.035156	1334.300171
545.859375	1296.107056
549.683594	1310.238525
553.503906	1334.728394
557.324219	1292.603394
561.140625	1302.867065
564.957031	1261.338745
568.773438	1285.200439
572.585938	1312.322632
576.396484	1282.41394
580.207031	1268.045898
584.015625	1273.13208
587.820313	1278.22229
591.626953	1281.368042
595.429688	1251.379883
599.230469	1234.365967
603.03125	1234.244385
606.828125	1266.650757
610.625	1255.477905
614.419922	1282.711304
618.214844	1284.56311
622.005859	1317.696777
625.796875	1313.044678
629.583984	1274.471924
633.371094	1256.093872
637.15625	1292.534546
640.941406	1332.27124
644.722656	1360.934692
648.503906	1325.566162
652.283203	1299.321777
656.060547	1312.306152
659.835938	1327.264526
663.609375	1331.759277
667.382813	1353.943359
671.152344	1361.073853
674.921875	1332.152832
678.689453	1347.149658
682.455078	1341.162354
686.220703	1358.144409
689.982422	1342.305298
693.744141	1348.789673
697.503906	1359.880127
701.261719	1336.787354
705.017578	1371.56311
708.773438	1408.342285
712.525391	1441.860474
716.277344	1436.545654
720.027344	1456.924561
723.775391	1477.979736
727.523438	1439.697021
731.267578	1456.803223
735.011719	1444.880615
738.753906	1432.287231
742.494141	1426.28894
746.232422	1492.984741
749.970703	1486.345215
753.707031	1479.038086
757.439453	1475.032959
761.171875	1494.195068
764.904297	1510.061523
768.632813	1466.970581
772.361328	1524.598877
776.087891	1538.507568
779.8125	1572.994019
783.535156	1619.456055
787.255859	1586.277832
790.976563	1576.984863
794.695313	1521.164917
798.412109	1553.720337
802.126953	1525.112183
805.839844	1529.749268
809.552734	1580.987305
813.263672	1560.344604
816.972656	1594.982056
820.679688	1569.661255
824.384766	1558.321533
828.089844	1541.63501
831.791016	1568.980347
835.492188	1562.298096
839.193359	1536.907837
842.890625	1516.173096
846.587891	1550.237061
850.28125	1574.297607
853.974609	1580.982544
857.666016	1621.139526
861.357422	1551.512207
865.044922	1543.456787
868.732422	1582.307007
872.417969	1533.358398
876.101563	1570.224121
879.785156	1578.937012
883.464844	1562.818237
887.144531	1580.93689
890.822266	1588.992188
894.5	1564.117798
898.173828	1536.532471
901.847656	1578.214111
905.519531	1582.242065
909.189453	1568.767212
912.857422	1553.26001
916.523438	1635.448364
920.189453	1560.631104
923.853516	1558.588013
927.515625	1601.073364
931.177734	1583.519897
934.835938	1601.06543
938.494141	1594.980835
942.150391	1641.605957
945.804688	1576.033936
949.458984	1571.282593
953.109375	1598.331177
956.759766	1614.570557
960.408203	1580.706299
964.056641	1605.758911
967.701172	1619.986938
971.345703	1641.007324
974.988281	1634.909546
978.628906	1584.014038
982.267578	1617.265747
985.90625	1626.771362
989.542969	1630.848389
993.177734	1657.361938
996.810547	1682.536987
1000.443359	1804.345459
1004.074219	1839.811768
1007.703125	1713.924561
1011.330078	1666.953735
1014.955078	1615.854248
1018.580078	1581.75647
1022.203125	1582.415649
1025.824219	1583.757446
1029.443359	1671.113037
1033.0625	1689.565063
1036.679688	1615.798462
1040.294922	1607.585571
1043.908203	1636.289673
1047.519531	1634.234253
1051.130859	1634.229736
1054.740234	1634.909302
1058.347656	1649.287598
1061.953125	1703.419067
1065.558594	1693.844727
1069.162109	1657.516602
1072.763672	1666.437866
1076.363281	1656.148438
1079.962891	1722.752441
1083.560547	1742.014282
1087.15625	1721.434082
1090.75	1724.210693
1094.34375	1727.677002
1097.933594	1767.612671
1101.523438	1751.137085
1105.113281	1711.234009
1108.699219	1712.63208
1112.285156	1687.841431
1115.869141	1678.887817
1119.451172	1707.863525
1123.03125	1745.143433
1126.611328	1776.93103
1130.189453	1742.44458
1133.765625	1718.292725
1137.341797	1627.765625
1140.914063	1606.311401
1144.486328	1618.043823
1148.056641	1609.023926
1151.626953	1639.459473
1155.193359	1674.768066
1158.759766	1649.822144
1162.324219	1654.662598
1165.888672	1712.904907
1169.449219	1736.506348
1173.009766	1741.387329
1176.568359	1721.275513
1180.125	1685.864746
1183.681641	1675.441406
1187.236328	1694.902588
1190.789063	1664.999756
1194.339844	1683.0802
1197.890625	1720.664917
1201.439453	1739.47876
1204.986328	1781.296509
1208.53125	1848.237549
1212.076172	1805.771362
1215.619141	1851.851685
1219.160156	1915.414063
1222.699219	1914.805786
1226.238281	1991.714111
1229.775391	1992.532959
1233.310547	1968.190552
1236.84375	2001.16333
1240.376953	2008.281128
1243.908203	1985.31311
1247.4375	1986.828369
1250.964844	1984.142334
1254.492188	1967.440308
1258.017578	1951.425049
1261.541016	1915.761719
1265.064453	1965.653809
1268.583984	1983.303223
1272.103516	1949.011719
1275.623047	1980.013062
1279.138672	1947.096313
1282.654297	1957.032471
1286.167969	1966.976318
1289.679688	1977.631348
1293.191406	2068.530029
1296.701172	2086.979492
1300.208984	2120.23584
1303.714844	2159.15625
1307.220703	2158.629639
1310.722656	2172.912354
1314.226563	2172.389648
1317.726563	2181.041992
1321.226563	2107.08374
1324.724609	2151.742432
1328.220703	2227.531982
1331.714844	2207.231934
1335.208984	2261.179199
1338.701172	2238.044922
1342.191406	2186.57666
1345.681641	2184.63623
1349.169922	2094.847412
1352.65625	2016.324463
1356.140625	2032.035889
1359.625	2039.957275
1363.107422	2096.136963
1366.587891	2055.817871
1370.068359	2060.206055
1373.544922	2015.575684
1377.021484	1946.742798
1380.498047	1981.665161
1383.970703	1978.915039
1387.443359	1975.450562
1390.914063	1972.69458
1394.384766	1943.584595
1397.851563	1977.861694
1401.318359	1914.515869
1404.785156	1907.450317
1408.248047	1940.326294
1411.710938	1918.277832
1415.171875	1921.19873
1418.630859	1987.6875
1422.089844	1928.47522
1425.546875	2012.890015
1429.001953	2013.706787
1432.457031	2019.531372
1435.908203	2059.712646
1439.361328	2170.090332
1442.810547	2242.595703
1446.257813	2227.02417
1449.705078	2271.653564
1453.152344	2237.43457
1456.595703	2233.318848
1460.039063	2160.299316
1463.480469	2162.609863
1466.919922	2139.063477
1470.359375	2086.0354
1473.796875	2086.160645
1477.232422	2068.306152
1480.666016	2064.825684
1484.099609	2038.310303
1487.53125	1985.131714
1490.962891	1970.807129
1494.390625	1894.497437
1497.818359	1878.681763
1501.246094	1831.841431
1504.669922	1826.087524
1508.09375	1834.04248
1511.515625	1815.286621
1514.935547	1855.748901
1518.355469	1834.817871
1521.773438	1842.064331
1525.189453	1818.940186
1528.605469	1867.426147
1532.019531	1885.550415
1535.431641	1869.655518
1538.841797	1911.699585
1542.251953	1909.570679
1545.660156	1941.513916
1549.068359	1973.482422
1552.472656	2012.731812
1555.876953	2069.433105
1559.28125	2053.563965
1562.681641	2059.474854
1566.082031	2108.994385
1569.480469	2116.385498
1572.878906	2190.695557
1576.273438	2204.672852
1579.667969	2127.672363
1583.0625	2178.044434
1586.453125	2161.435059
1589.84375	2074.848633
1593.234375	2123.800537
1596.621094	2080.161133
1600.007813	2130.612549
1603.392578	2124.16748
1606.777344	2097.27002
1610.160156	2115.643555
1613.541016	2080.680664
1616.919922	2062.505127
1620.298828	2064.062744
1623.675781	2073.670166
1627.050781	2024.724121
1630.425781	2032.125366
1633.798828	2082.022217
1637.169922	2080.656738
1640.541016	2125.479736
1643.910156	2150.534424
1647.277344	2150.660645
1650.642578	2197.031738
1654.007813	2298.515869
1657.371094	2306.781006
1660.734375	2263.606201
1664.09375	2310.829834
1667.453125	2295.571289
1670.8125	2255.281738
1674.167969	2209.070801
1677.523438	2159.140381
1680.878906	2129.797119
1684.230469	2159.389404
1687.582031	2081.36084
1690.933594	2077.027588
1694.28125	2029.155884
1697.628906	1970.911011
1700.974609	1933.296143
1704.320313	1871.271851
1707.664063	1877.19043
1711.005859	1835.795166
1714.345703	1793.626831
1717.685547	1802.479858
1721.023438	1826.144165
1724.361328	1798.730713
1727.695313	1852.044067
1731.03125	1800.161499
1734.363281	1762.323975
1737.695313	1783.791992
1741.025391	1797.856689
1744.353516	1767.394653
1747.681641	1771.066895
1751.007813	1742.797852
1754.332031	1762.812256
1757.65625	1757.564087
1760.978516	1790.243408
1764.298828	1764.16748
1767.619141	1755.934814
1770.9375	1795.353027
1774.253906	1775.206177
1777.570313	1756.533569
1780.884766	1800.470703
1784.197266	1808.642334
1787.509766	1765.337158
1790.818359	1763.796875
1794.128906	1763.001709
1797.435547	1759.217529
1800.742188	1777.101685
1804.048828	1785.280884
1807.351563	1730.642334
1810.654297	1754.520752
1813.955078	1784.40564
1817.255859	1763.396118
1820.554688	1782.820068
1823.851563	1755.797363
1827.148438	1731.001831
1830.443359	1769.934082
1833.736328	1765.380981
1837.027344	1745.812622
1840.318359	1802.81604
1843.609375	1818.550537
1846.896484	1777.937866
1850.183594	1825.247559
1853.46875	1771.067871
1856.753906	1819.915894
1860.037109	1796.548584
1863.318359	1807.797607
1866.599609	1835.626099
1869.878906	1801.686646
1873.15625	1814.457275
1876.433594	1791.793701
1879.708984	1790.235596
1882.982422	1763.015503
1886.255859	1770.50415
1889.527344	1815.763794
1892.796875	1811.188477
1896.066406	1789.979248
1899.333984	1802.025757
1902.599609	1764.908936
1905.865234	1780.738159
1909.128906	1794.308105
1912.390625	1776.078003
1915.652344	1799.505737
1918.912109	1841.143188
1922.169922	1803.193237
1925.427734	1791.763428
1928.683594	1793.983887
1931.939453	1799.242432
1935.191406	1783.23938
1938.445313	1806.731445
1941.695313	1839.362183
1944.945313	1808.907837
1948.193359	1798.206421
1951.441406	1833.914795
1954.6875	1833.87146
1957.931641	1788.895874
1961.173828	1820.831909
1964.416016	1818.495728
1967.658203	1810.057617
1970.896484	1799.324219
1974.134766	1809.947266
1977.373047	1789.281006
1980.607422	1836.5625
1983.84375	1818.181519
1987.076172	1823.477173
1990.308594	1796.665771
1993.539063	1821.077271
1996.767578	1803.424805
1999.996094	1814.844727
2003.222656	1800.238037
2006.449219	1883.671753
2009.673828	1816.202881
2012.896484	1801.578491
2016.119141	1848.296387
2019.339844	1847.482178
2022.558594	1851.272095
2025.777344	1849.689819
2028.994141	1805.859009
2032.208984	1810.404175
2035.423828	1812.646362
2038.636719	1806.430542
2041.847656	1862.524536
2045.058594	1837.851563
2048.267578	1842.415894
2051.476563	1833.119507
2054.683594	1844.619263
2057.888672	1826.836548
2061.09375	1856.848755
2064.296875	1808.199463
2067.498047	1779.576538
2070.699219	1831.992554
2073.898438	1772.463135
2077.097656	1813.327026
2080.292969	1832.580566
2083.490234	1825.559326
2086.683594	1841.737671
2089.876953	1835.487427
2093.068359	1842.391846
2096.259766	1862.466309
2099.449219	1822.902832
2102.636719	1866.234741
2105.824219	1837.495605
2109.009766	1846.738892
2112.195313	1831.159546
2115.378906	1808.581787
2118.560547	1789.092163
2121.742188	1842.607788
2124.921875	1847.206055
2128.099609	1839.368774
2131.277344	1870.410767
2134.453125	1831.454834
2137.626953	1822.044312
2140.800781	1841.435059
2143.972656	1818.778687
2147.144531	1860.779663
2150.314453	1827.199097
2153.482422	1843.500854
2156.650391	1849.672974
2159.816406	1809.024048
2162.980469	1798.791626
2166.144531	1830.726318
2169.306641	1851.746582
2172.46875	1871.219482
2175.628906	1860.993408
2178.787109	1843.719116
2181.945313	1882.773315
2185.101563	1877.235596
2188.255859	1838.018433
2191.410156	1819.92334
2194.564453	1826.893555
2197.714844	1815.835815
2200.865234	1841.633179
2204.013672	1872.157715
2207.162109	1814.006592
2210.308594	1820.200562
2213.455078	1901.811523
2216.599609	1897.041138
2219.742188	1893.838989
2222.884766	1869.39978
2226.025391	1835.500122
2229.164063	1915.69751
2232.302734	1888.875
2235.439453	1832.100342
2238.576172	1853.290161
2241.710938	1854.789063
2244.84375	1878.36853
2247.976563	1868.044312
2251.107422	1890.067749
2254.236328	1875.002441
2257.365234	1867.032959
2260.492188	1881.179321
2263.619141	1837.638062
2266.744141	1877.87561
2269.867188	1868.311401
2272.990234	1882.478027
2276.111328	1892.697144
2279.232422	1883.918213
2282.351563	1910.780884
2285.46875	1942.418701
2288.585938	1850.402954
2291.701172	1928.834351
2294.816406	1904.181885
2297.929688	1887.447388
2301.041016	1891.343994
2304.152344	1900.009033
2307.261719	1872.127686
2310.369141	1885.560669
2313.476563	1916.498413
2316.583984	1864.724243
2319.6875	1903.635132
2322.791016	1929.837036
2325.894531	2000.65918
2328.996094	1994.25061
2332.095703	1995.010132
2335.195313	1898.49292
2338.292969	1888.846191
2341.388672	1891.161011
2344.484375	1827.221313
2347.578125	1856.664795
2350.671875	1893.320068
2353.763672	1886.847412
2356.853516	1878.770508
2359.943359	1883.483398
2363.03125	1856.996216
2366.119141	1877.711304
2369.205078	1865.613403
2372.289063	1912.779541
2375.373047	1929.531616
2378.457031	1903.009399
2381.537109	1882.881836
2384.617188	1907.662354
2387.697266	1923.633667
2390.773438	1905.898193
2393.851563	1909.83313
2396.925781	1861.547729
2400	1896.009888
2403.074219	1887.07959
2406.146484	1888.598511
2409.216797	1882.876465
2412.286133	1930.276367
2415.355469	1942.280518
2418.421875	1928.515259
2421.488281	1944.556152
2424.553711	1933.198975
2427.617188	1938.768677
2430.679688	1920.945557
2433.741211	1889.388062
2436.801758	1940.967529
2439.861328	1944.931396
2442.918945	1982.025879
2445.976563	1974.69104
2449.032227	1963.307251
2452.086914	1951.914429
2455.140625	1972.881226
2458.192383	1924.244263
2461.243164	1939.546875
2464.293945	1969.442993
2467.342773	1945.871948
2470.390625	1932.82251
2473.436523	1969.236938
2476.482422	1947.26062
2479.526367	1942.312134
2482.569336	1924.368042
2485.611328	1947.023682
2488.652344	1953.444336
2491.692383	1976.127197
2494.730469	1981.749512
2497.768555	1927.176758
2500.804688	1946.618652
2503.839844	1973.401733
2506.873047	1952.968384
2509.90625	1937.407593
2512.938477	1931.614868
2515.96875	1942.939453
2518.998047	1944.484375
2522.026367	1953.373535
2525.053711	1934.516357
2528.079102	1967.087769
2531.104492	1950.671265
2534.12793	1968.56311
2537.150391	1945.594238
2540.171875	1973.310059
2543.192383	1978.139771
2546.211914	1955.147217
2549.230469	1965.703735
2552.24707	1976.2677
2555.262695	1958.163086
2558.277344	1937.585693
2561.291016	1959.628662
2564.303711	1976.766235
2567.31543	1954.530151
2570.325195	2025.032837
2573.333984	2018.399292
2576.341797	1994.509521
2579.348633	1959.918457
2582.354492	1923.656982
2585.359375	2004.146362
2588.363281	2017.234741
2591.365234	1974.368774
2594.366211	2017.917114
2597.366211	2045.848877
2600.365234	2045.787842
2603.363281	1982.260986
2606.360352	2033.296265
2609.355469	2039.827881
2612.350586	2057.090576
2615.34375	2019.885864
2618.335938	1962.008911
2621.327148	2062.693604
2624.317383	2033.711792
2627.306641	2017.108032
2630.293945	1993.048706
2633.280273	2048.391602
2636.266602	2066.532959
2639.250977	2000.23999
2642.234375	2012.578369
2645.216797	2018.297363
2648.197266	2001.641357
2651.177734	2011.505249
2654.157227	2016.399292
2657.134766	2112.570068
2660.111328	2057.739502
2663.086914	2083.414063
2666.061523	2070.065186
2669.035156	2063.35376
2672.007813	2040.842163
2674.978516	2031.619263
2677.949219	2058.161377
2680.917969	2085.554932
2683.885742	2017.227051
2686.852539	2071.275635
2689.818359	2079.540771
2692.783203	2081.143799
2695.74707	2046.895508
2698.708984	2075.177002
2701.670898	2087.625732
2704.630859	2090.066895
2707.589844	2098.354248
2710.547852	2111.65918
2713.504883	2156.726807
2716.460938	2111.547607
2719.416016	2139.922852
2722.369141	2185.885986
2725.322266	2175.813721
2728.273438	2176.616455
2731.223633	2179.093994
2734.173828	2170.682129
2737.12207	2192.43457
2740.069336	2140.423584
2743.014648	2160.502441
2745.959961	2159.620361
2748.904297	2086.55542
2751.84668	2215.787109
2754.788086	2141.008057
2757.729492	2131.713135
2760.668945	2103.077637
2763.607422	2116.464355
2766.544922	2145.001465
2769.481445	2218.999268
2772.416016	2174.35791
2775.350586	2132.209473
2778.28418	2118.671631
2781.21582	2140.517822
2784.146484	2143.833008
2787.077148	2099.922607
2790.005859	2114.19165
2792.933594	2121.718994
2795.860352	2106.456055
2798.785156	2118.208252
2801.709961	2119.82959
2804.633789	2100.321777
2807.555664	2125.611084
2810.477539	2118.777344
2813.397461	2128.860596
2816.316406	2141.490234
2819.234375	2192.232178
2822.151367	2233.693359
2825.067383	2191.294678
2827.982422	2190.400879
2830.896484	2266.672852
2833.80957	2264.956543
2836.720703	2315.003418
2839.631836	2416.021729
2842.541016	2489.088623
2845.450195	2631.020996
2848.357422	2744.161621
2851.263672	2852.283447
2854.168945	2915.408447
2857.073242	2993.041992
2859.976563	3106.477539
2862.878906	3212.33252
2865.779297	3337.853271
2868.679688	3483.913086
2871.579102	3681.218506
2874.476563	3780.613281
2877.374023	3788.813477
2880.269531	3820.9104
2883.164063	3834.250977
2886.057617	3850.162109
2888.950195	3889.147217
2891.841797	3920.469238
2894.732422	3961.216309
2897.62207	3964.366211
2900.510742	4140.315918
2903.398438	4171.771484
2906.28418	4297.415039
2909.169922	4349.501465
2912.053711	4532.696289
2914.9375	4669.746094
2917.819336	4838.614258
2920.700195	4907.263184
2923.581055	5036.015625
2926.459961	5146.836914
2929.337891	5194.205078
2932.214844	5261.360352
2935.09082	5289.900391
2937.96582	5334.790527
2940.838867	5212.911621
2943.711914	5064.280762
2946.583984	4900.053711
2949.454102	4671.151855
2952.324219	4448.111328
2955.193359	4377.366211
2958.060547	4249.699707
2960.926758	4192.621582
2963.792969	4140.674805
2966.657227	4070.575195
2969.520508	4053.924072
2972.382813	3993.23584
2975.244141	3822.835205
2978.104492	3712.779053
2980.963867	3662.269287
2983.822266	3572.821533
2986.679688	3392.50708
2989.536133	3359.991455
2992.390625	3197.64209
2995.245117	3133.865723
2998.098633	2989.50293
3000.950195	2896.148926
3003.801758	2805.326904
3006.651367	2726.576416
3009.500977	2563.643799
3012.348633	2568.036133
3015.195313	2508.206787
3018.041992	2410.133301
3020.886719	2430.106689
3023.730469	2433.586182
3026.573242	2315.387939
3029.415039	2350.12793
3032.255859	2317.050781
3035.095703	2310.921631
3037.93457	2288.250244
3040.772461	2330.864502
3043.609375	2315.151123
3046.445313	2309.010498
3049.280273	2369.109131
3052.114258	2406.579834
3054.946289	2384.762939
3057.77832	2444.951904
3060.609375	2491.217285
3063.438477	2442.33667
3066.267578	2456.312988
3069.094727	2388.159668
3071.921875	2368.908447
3074.74707	2372.378662
3077.572266	2220.143311
3080.395508	2253.314209
3083.21875	2234.860596
3086.040039	2247.042725
3088.860352	2266.241211
3091.679688	2252.152588
3094.499023	2231.040283
3097.316406	2266.037109
3100.132813	2234.386475
3102.948242	2208.855713
3105.762695	2207.009277
3108.576172	2230.628906
3111.388672	2171.68457
3114.201172	2217.278076
3117.011719	2242.68335
3119.821289	2200.388428
3122.629883	2235.482178
3125.436523	2208.114746
3128.243164	2267.88623
3131.048828	2218.492432
3133.853516	2233.376953
3136.657227	2212.137451
3139.459961	2151.208252
3142.261719	2216.35498
3145.0625	2209.201172
3147.861328	2157.030518
3150.660156	2193.111572
3153.458008	2179.758301
3156.254883	2189.366455
3159.049805	2183.071777
3161.844727	2168.815186
3164.638672	2135.0896
3167.430664	2165.928223
3170.222656	2232.19165
3173.013672	2206.419922
3175.802734	2165.572266
3178.591797	2132.669189
3181.379883	2177.740723
3184.166016	2138.611328
3186.952148	2154.445801
3189.737305	2172.952881
3192.520508	2205.674072
3195.303711	2172.712646
3198.084961	2164.597656
3200.866211	2142.39209
