399.363281	1581.999634
403.25	1562.338379
407.134766	1549.021118
411.017578	1573.240967
414.898438	1567.556274
418.777344	1525.558716
422.654297	1526.220093
426.53125	1524.331421
430.404297	1495.015015
434.277344	1510.976685
438.148438	1527.589966
442.017578	1533.999146
445.884766	1519.96814
449.751953	1507.203003
453.615234	1507.215576
457.478516	1505.948242
461.339844	1516.839722
465.199219	1516.214966
469.056641	1502.137085
472.912109	1518.166504
476.765625	1493.818481
480.619141	1486.766846
484.470703	1502.80896
488.320313	1507.309448
492.167969	1509.244385
496.013672	1538.80835
499.857422	1550.399414
503.699219	1494.478394
507.541016	1545.303223
511.380859	1549.830933
515.21875	1502.850464
519.054688	1538.283203
522.888672	1587.923828
526.720703	1573.778809
530.552734	1522.210815
534.380859	1533.835693
538.208984	1532.55896
542.035156	1547.426514
545.859375	1509.325073
549.683594	1485.411011
553.503906	1553.949829
557.324219	1553.323608
561.140625	1544.929688
564.957031	1553.363281
568.773438	1544.313477
572.585938	1501.556274
576.396484	1532.024292
580.207031	1500.250732
584.015625	1514.520996
587.820313	1500.888672
591.626953	1552.189331
595.429688	1500.226563
599.230469	1513.219482
603.03125	1529.474609
606.828125	1511.263306
610.625	1517.767944
614.419922	1491.72168
618.214844	1539.260986
622.005859	1537.312866
625.796875	1562.744873
629.583984	1545.802734
633.371094	1538.633423
637.15625	1531.45752
640.941406	1540.601929
644.722656	1562.167358
648.503906	1522.963013
652.283203	1560.886353
656.060547	1532.768311
659.835938	1581.19873
663.609375	1587.11145
667.382813	1564.862427
671.152344	1596.329346
674.921875	1562.919434
678.689453	1578.014648
682.455078	1587.217041
686.220703	1576.077637
689.982422	1571.495361
693.744141	1616.839478
697.503906	1591.237305
701.261719	1611.640869
705.017578	1620.878418
708.773438	1641.969116
712.525391	1647.276245
716.277344	1679.592529
720.027344	1664.491821
723.775391	1684.316772
727.523438	1706.136597
731.267578	1700.263428
735.011719	1630.358643
738.753906	1685.199219
742.494141	1679.308228
746.232422	1715.04895
749.970703	1702.552856
753.707031	1690.045654
757.439453	1653.042847
761.171875	1737.159058
764.904297	1681.599243
768.632813	1698.213989
772.361328	1748.64856
776.087891	1758.010132
779.8125	1775.340332
783.535156	1802.640381
787.255859	1776.843628
790.976563	1762.317139
794.695313	1763.062744
798.412109	1752.506104
802.126953	1722.651733
805.839844	1785.261963
809.552734	1788.013428
813.263672	1756.136963
816.972656	1759.543701
820.679688	1787.614258
824.384766	1751.027954
828.089844	1843.157715
831.791016	1781.203125
835.492188	1803.986938
839.193359	1780.034424
842.890625	1794.149292
846.587891	1756.801636
850.28125	1817.06311
853.974609	1801.102417
857.666016	1805.877197
861.357422	1808.646606
865.044922	1783.281982
868.732422	1723.045898
872.417969	1774.726685
876.101563	1758.704712
879.785156	1799.0354
883.464844	1823.287964
887.144531	1775.028076
890.822266	1791.899414
894.5	1810.128662
898.173828	1817.613647
901.847656	1807.613525
905.519531	1755.878052
909.189453	1764.694824
912.857422	1768.803467
916.523438	1791.782959
920.189453	1758.827881
923.853516	1804.077393
927.515625	1771.098755
931.177734	1800.865845
934.835938	1795.543213
938.494141	1788.189087
942.150391	1783.531494
945.804688	1746.415894
949.458984	1774.879761
953.109375	1766.149292
956.759766	1777.719971
960.408203	1768.982422
964.056641	1830.700684
967.701172	1812.487427
971.345703	1796.970947
974.988281	1820.787231
978.628906	1781.506836
982.267578	1797.188232
985.90625	1850.240234
989.542969	1804.805664
993.177734	1844.308105
996.810547	1835.556763
1000.443359	1909.802979
1004.074219	1956.884521
1007.703125	1867.816895
1011.330078	1846.796753
1014.955078	1817.580444
1018.580078	1809.474854
1022.203125	1819.778076
1025.824219	1791.194824
1029.443359	1836.995483
1033.0625	1850.736206
1036.679688	1828.277588
1040.294922	1849.543579
1043.908203	1894.759155
1047.519531	1892.127197
1051.130859	1860.06543
1054.740234	1810.176025
1058.347656	1860.927856
1061.953125	1852.793701
1065.558594	1870.015503
1069.162109	1957.885864
1072.763672	1901.756226
1076.363281	1936.17688
1079.962891	1924.62146
1083.560547	1919.925049
1087.15625	1915.911499
1090.75	1920.831299
1094.34375	1911.311523
1097.933594	1869.444702
1101.523438	1919.092041
1105.113281	1947.432495
1108.699219	1871.770508
1112.285156	1910.451782
1115.869141	1940.890869
1119.451172	1928.588989
1123.03125	1942.498535
1126.611328	1932.257202
1130.189453	1952.394287
1133.765625	1962.874756
1137.341797	1857.933838
1140.914063	1902.265503
1144.486328	1891.983643
1148.056641	1913.527344
1151.626953	1877.624146
1155.193359	1883.940918
1158.759766	1921.443359
1162.324219	1911.838867
1165.888672	1898.065063
1169.449219	1931.455688
1173.009766	1954.462646
1176.568359	2000.401245
1180.125	1951.907715
1183.681641	1961.746582
1187.236328	1985.49707
1190.789063	1949.45459
1194.339844	1989.221313
1197.890625	1999.089722
1201.439453	2034.730591
1204.986328	2067.61377
1208.53125	2063.586426
1212.076172	2059.55542
1215.619141	2130.152588
1219.160156	2121.26001
1222.699219	2124.924805
1226.238281	2107.641357
1229.775391	2169.290039
1233.310547	2184.859131
1236.84375	2243.792236
1240.376953	2220.231445
1243.908203	2244.236572
1247.4375	2166.049072
1250.964844	2203.357422
1254.492188	2194.452637
1258.017578	2220.587158
1261.541016	2171.710938
1265.064453	2216.095703
1268.583984	2210.688477
1272.103516	2201.765381
1275.623047	2197.751221
1279.138672	2193.733154
1282.654297	2181.97876
1286.167969	2213.112061
1289.679688	2248.491455
1293.191406	2328.23999
1296.701172	2304.549316
1300.208984	2330.14624
1303.714844	2346.602783
1307.220703	2326.41333
1310.722656	2367.564697
1314.226563	2378.4104
1317.726563	2427.379639
1321.226563	2404.363281
1324.724609	2463.978271
1328.220703	2448.730469
1331.714844	2489.322021
1335.208984	2454.974365
1338.701172	2480.033936
1342.191406	2449.192383
1345.681641	2384.333984
1349.169922	2354.135254
1352.65625	2338.085938
1356.140625	2343.293213
1359.625	2361.271729
1363.107422	2300.499512
1366.587891	2300.01709
1370.068359	2331.491455
1373.544922	2311.127197
1377.021484	2320.597168
1380.498047	2342.161865
1383.970703	2326.754639
1387.443359	2309.910889
1390.914063	2327.224365
1394.384766	2348.112305
1397.851563	2316.292725
1401.318359	2316.521484
1404.785156	2333.150391
1408.248047	2319.11792
1411.710938	2292.227783
1415.171875	2308.151367
1418.630859	2329.086914
1422.089844	2299.30835
1425.546875	2383.873779
1429.001953	2355.521973
1432.457031	2407.985352
1435.908203	2436.157715
1439.361328	2476.523438
1442.810547	2524.083984
1446.257813	2502.894287
1449.705078	2527.563965
1453.152344	2520.699463
1456.595703	2560.460938
1460.039063	2540.684326
1463.480469	2556.790771
1466.919922	2445.054199
1470.359375	2493.469971
1473.796875	2517.482422
1477.232422	2446.584717
1480.666016	2502.252197
1484.099609	2437.767334
1487.53125	2428.672119
1490.962891	2430.374023
1494.390625	2403.972412
1497.818359	2380.432617
1501.246094	2388.605713
1504.669922	2308.763428
1508.09375	2366.71582
1511.515625	2353.95166
1514.935547	2279.775635
1518.355469	2319.718506
1521.773438	2335.835938
1525.189453	2401.868896
1528.605469	2350.74292
1532.019531	2403.80542
1535.431641	2453.289307
1538.841797	2457.175049
1542.251953	2433.524902
1545.660156	2494.678711
1549.068359	2478.276123
1552.472656	2495.236084
1555.876953	2539.791748
1559.28125	2515.397949
1562.681641	2559.996338
1566.082031	2604.629883
1569.480469	2586.047119
1572.878906	2630.72583
1576.273438	2664.525391
1579.667969	2653.221191
1583.0625	2579.282227
1586.453125	2586.145996
1589.84375	2603.217285
1593.234375	2583.8479
1596.621094	2546.228027
1600.007813	2585.921631
1603.392578	2572.359619
1606.777344	2596.759033
1610.160156	2537.165039
1613.541016	2558.645264
1616.919922	2569.90625
1620.298828	2579.712891
1623.675781	2516.355469
1627.050781	2534.199219
1630.425781	2531.552246
1633.798828	2621.941406
1637.169922	2568.024414
1640.541016	2574.917236
1643.910156	2555.409912
1647.277344	2613.665283
1650.642578	2614.710205
1654.007813	2644.394775
1657.371094	2679.245117
1660.734375	2640.628906
1664.09375	2692.414551
1667.453125	2600.813721
1670.8125	2660.717529
1674.167969	2663.987793
1677.523438	2616.448242
1680.878906	2585.813965
1684.230469	2555.891602
1687.582031	2539.953369
1690.933594	2535.06543
1694.28125	2469.667236
1697.628906	2516.417725
1700.974609	2447.266357
1704.320313	2431.988525
1707.664063	2384.179688
1711.005859	2442.797852
1714.345703	2410.486572
1717.685547	2375.188965
1721.023438	2396.120361
1724.361328	2477.049805
1727.695313	2386.914551
1731.03125	2415.284668
1734.363281	2391.77832
1737.695313	2383.828369
1741.025391	2340.255859
1744.353516	2407.991699
1747.681641	2371.818848
1751.007813	2383.903809
1754.332031	2371.4729
1757.65625	2397.692139
1760.978516	2412.03125
1764.298828	2366.112305
1767.619141	2419.155762
1770.9375	2390.328857
1774.253906	2412.13501
1777.570313	2381.045654
1780.884766	2375.279297
1784.197266	2388.899414
1787.509766	2387.607178
1790.818359	2453.491455
1794.128906	2430.567871
1797.435547	2446.470215
1800.742188	2429.50293
1804.048828	2427.473633
1807.351563	2466.57666
1810.654297	2430.142334
1813.955078	2423.618164
1817.255859	2435.807861
1820.554688	2420.290527
1823.851563	2466.958984
1827.148438	2465.684326
1830.443359	2407.4104
1833.736328	2388.103516
1837.027344	2451.343018
1840.318359	2429.784668
1843.609375	2421.729248
1846.896484	2447.482666
1850.183594	2476.262451
1853.46875	2431.364014
1856.753906	2462.416016
1860.037109	2449.839111
1863.318359	2462.851318
1866.599609	2429.172852
1869.878906	2485.890625
1873.15625	2496.668945
1876.433594	2502.930664
1879.708984	2515.986328
1882.982422	2501.127441
1886.255859	2477.195801
1889.527344	2486.478516
1892.796875	2461.01001
1896.066406	2471.04834
1899.333984	2489.412109
1902.599609	2489.633789
1905.865234	2480.773438
1909.128906	2521.116455
1912.390625	2513.775146
1915.652344	2554.161621
1918.912109	2521.812744
1922.169922	2479.580322
1925.427734	2453.244141
1928.683594	2462.554199
1931.939453	2483.258301
1935.191406	2456.890869
1938.445313	2485.205322
1941.695313	2519.622314
1944.945313	2519.088623
1948.193359	2506.383301
1951.441406	2543.890869
1954.6875	2546.409424
1957.931641	2548.929199
1961.173828	2497.358643
1964.416016	2514.34082
1967.658203	2537.435303
1970.896484	2564.361084
1974.134766	2519.580811
1977.373047	2520.565674
1980.607422	2520.023438
1983.84375	2508.784912
1987.076172	2498.30127
1990.308594	2533.681152
1993.539063	2520.138428
1996.767578	2528.008301
1999.996094	2519.044189
2003.222656	2497.820801
2006.449219	2531.734375
2009.673828	2554.178955
2012.896484	2525.276367
2016.119141	2506.320557
2019.339844	2601.66626
2022.558594	2567.373779
2025.777344	2548.4104
2028.994141	2523.286621
2032.208984	2570.374268
2035.423828	2579.062256
2038.636719	2545.459961
2041.847656	2531.833252
2045.058594	2522.812988
2048.267578	2535.343018
2051.476563	2556.354492
2054.683594	2558.118652
2057.888672	2540.613281
2061.09375	2520.780273
2064.296875	2543.359131
2067.498047	2554.37915
2070.699219	2523.718262
2073.898438	2521.608887
2077.097656	2534.176758
2080.292969	2537.47876
2083.490234	2553.154053
2086.683594	2561.879395
2089.876953	2541.206055
2093.068359	2580.896729
2096.259766	2521.49292
2099.449219	2579.023926
2102.636719	2515.696777
2105.824219	2598.854492
2109.009766	2594.431641
2112.195313	2608.626465
2115.378906	2612.740967
2118.560547	2556.289795
2121.742188	2612.432617
2124.921875	2569.924561
2128.099609	2567.031006
2131.277344	2566.468018
2134.453125	2623.477295
2137.626953	2552.107422
2140.800781	2586.573975
2143.972656	2603.151367
2147.144531	2603.377441
2150.314453	2602.043701
2153.482422	2585.112061
2156.650391	2585.32959
2159.816406	2553.549072
2162.980469	2616.211182
2166.144531	2553.176025
2169.306641	2594.789307
2172.46875	2588.754639
2175.628906	2629.630615
2178.787109	2541.469482
2181.945313	2588.617676
2185.101563	2574.740723
2188.255859	2607.840332
2191.410156	2577.506592
2194.564453	2530.69043
2197.714844	2567.729736
2200.865234	2622.052734
2204.013672	2627.768799
2207.162109	2615.435059
2210.308594	2597.594238
2213.455078	2637.084229
2216.599609	2571.300293
2219.742188	2560.495605
2222.884766	2607.879395
2226.025391	2610.454102
2229.164063	2582.334961
2232.302734	2573.090332
2235.439453	2608.734375
2238.576172	2638.101807
2241.710938	2605.218018
2244.84375	2573.096924
2247.976563	2603.27124
2251.107422	2604.268799
2254.236328	2639.213867
2257.365234	2601.525635
2260.492188	2610.422607
2263.619141	2614.583496
2266.744141	2625.863037
2269.867188	2603.929443
2272.990234	2588.30835
2276.111328	2589.29834
2279.232422	2648.888672
2282.351563	2629.304199
2285.46875	2676.27417
2288.585938	2639.242188
2291.701172	2676.733398
2294.816406	2634.118408
2297.929688	2693.858887
2301.041016	2617.07373
2304.152344	2633.164551
2307.261719	2622.25
2310.369141	2615.30127
2313.476563	2617.88916
2316.583984	2600.590088
2319.6875	2590.439941
2322.791016	2654.322021
2325.894531	2726.216797
2328.996094	2771.872803
2332.095703	2701.991455
2335.195313	2614.51416
2338.292969	2613.914307
2341.388672	2648.42334
2344.484375	2622.290283
2347.578125	2663.216064
2350.671875	2611.503418
2353.763672	2661.246094
2356.853516	2653.463379
2359.943359	2657.671143
2363.03125	2635.478516
2366.119141	2656.489258
2369.205078	2586.236572
2372.289063	2650.497314
2375.373047	2686.760498
2378.457031	2626.056641
2381.537109	2604.599609
2384.617188	2629.654053
2387.697266	2658.739502
2390.773438	2670.184326
2393.851563	2609.355713
2396.925781	2651.31958
2400	2652.323975
2403.074219	2737.75293
2406.146484	2711.441895
2409.216797	2656.947754
2412.286133	2636.219971
2415.355469	2687.143555
2418.421875	2696.21582
2421.488281	2676.282959
2424.553711	2636.18042
2427.617188	2700.888672
2430.679688	2718.852051
2433.741211	2668.22583
2436.801758	2681.344727
2439.861328	2713.050049
2442.918945	2705.994629
2445.976563	2645.584961
2449.032227	2732.296143
2452.086914	2689.645752
2455.140625	2702.798828
2458.192383	2662.532471
2461.243164	2668.395264
2464.293945	2695.325684
2467.342773	2690.668457
2470.390625	2708.708008
2473.436523	2690.263184
2476.482422	2695.333252
2479.526367	2721.509766
2482.569336	2660.012451
2485.611328	2698.378418
2488.652344	2730.271729
2491.692383	2713.415283
2494.730469	2664.017822
2497.768555	2726.845215
2500.804688	2679.855957
2503.839844	2688.189941
2506.873047	2706.302734
2509.90625	2702.430908
2512.938477	2731.156738
2515.96875	2732.182129
2518.998047	2656.537598
2522.026367	2706.491211
2525.053711	2679.75415
2528.079102	2793.444336
2531.104492	2763.450928
2534.12793	2667.243652
2537.150391	2695.220215
2540.171875	2781.279541
2543.192383	2752.052246
2546.211914	2777.634766
2549.230469	2695.167236
2552.24707	2733.031738
2555.262695	2692.269531
2558.277344	2758.026855
2561.291016	2746.759766
2564.303711	2751.067871
2567.31543	2725.018799
2570.325195	2741.633545
2573.333984	2804.244629
2576.341797	2754.361816
2579.348633	2741.420654
2582.354492	2724.358643
2585.359375	2763.205566
2588.363281	2718.989014
2591.365234	2742.224609
2594.366211	2761.360352
2597.366211	2775.567871
2600.365234	2786.48999
2603.363281	2758.680908
2606.360352	2788.567871
2609.355469	2741.766113
2612.350586	2801.373047
2615.34375	2752.063721
2618.335938	2824.929443
2621.327148	2751.63501
2624.317383	2779.929443
2627.306641	2793.364014
2630.293945	2784.479248
2633.280273	2755.731934
2636.266602	2788.205566
2639.250977	2847.196045
2642.234375	2781.167969
2645.216797	2822.799316
2648.197266	2806.442139
2651.177734	2875.474121
2654.157227	2823.456787
2657.134766	2795.462891
2660.111328	2789.029785
2663.086914	2797.537598
2666.061523	2820.173096
2669.035156	2830.359619
2672.007813	2855.516602
2674.978516	2863.227539
2677.949219	2802.726563
2680.917969	2856.195068
2683.885742	2770.669189
2686.852539	2877.46582
2689.818359	2870.199463
2692.783203	2820.420654
2695.74707	2861.484863
2698.708984	2829.180176
2701.670898	2851.920166
2704.630859	2853.809326
2707.589844	2901.624023
2710.547852	2898.519531
2713.504883	2863.658691
2716.460938	2880.598877
2719.416016	2898.386963
2722.369141	2937.937988
2725.322266	2839.436768
2728.273438	2891.551025
2731.223633	2885.080322
2734.173828	2955.679688
2737.12207	2937.493408
2740.069336	2906.717041
2743.014648	2907.788086
2745.959961	2890.400879
2748.904297	2930.074219
2751.84668	2958.02124
2754.788086	2854.117432
2757.729492	2932.470947
2760.668945	2900.767822
2763.607422	2946.400879
2766.544922	2939.07251
2769.481445	2945.201904
2772.416016	2933.657471
2775.350586	2878.314453
2778.28418	2891.165527
2781.21582	2870.31665
2784.146484	2907.62085
2787.077148	2857.244141
2790.005859	2858.292725
2792.933594	2911.666992
2795.860352	2911.046387
2798.785156	2867.351074
2801.709961	2951.201416
2804.633789	2888.047852
2807.555664	2947.446289
2810.477539	2932.455566
2813.397461	2956.375
2816.316406	2932.910645
2819.234375	2967.854004
2822.151367	2940.987305
2825.067383	2945.452637
2827.982422	2963.483398
2830.896484	2923.015625
2833.80957	3004.672607
2836.720703	3027.834473
2839.631836	3051.861572
2842.541016	3145.542236
2845.450195	3258.830078
2848.357422	3344.155029
2851.263672	3409.137451
2854.168945	3493.727539
2857.073242	3466.075439
2859.976563	3569.470459
2862.878906	3619.301758
2865.779297	3660.651367
2868.679688	3836.649658
2871.579102	3901.972412
2874.476563	3942.615234
2877.374023	4037.875488
2880.269531	4065.796631
2883.164063	4020.330078
2886.057617	4079.00293
2888.950195	4110.383789
2891.841797	4152.040039
2894.732422	4049.262207
2897.62207	4093.490479
2900.510742	4151.437012
2903.398438	4257.346191
2906.28418	4265.740723
2909.169922	4382.899902
2912.053711	4488.148926
2914.9375	4577.190918
2917.819336	4626.860352
2920.700195	4786.339844
2923.581055	4804.375977
2926.459961	4930.561523
2929.337891	4890.279785
2932.214844	4963.336914
2935.09082	4944.514648
2937.96582	4978.96582
2940.838867	4930.900391
2943.711914	4787.328125
2946.583984	4675.48584
2949.454102	4480.071289
2952.324219	4472.220215
2955.193359	4384.256836
2958.060547	4409.968262
2960.926758	4281.404297
2963.792969	4230.352051
2966.657227	4224.979004
2969.520508	4132.448242
2972.382813	4114.949219
2975.244141	4066.349854
2978.104492	4009.075928
2980.963867	3938.797363
2983.822266	3801.903809
2986.679688	3753.982422
2989.536133	3736.303467
2992.390625	3629.475098
2995.245117	3522.568848
2998.098633	3434.637451
3000.950195	3487.85376
3003.801758	3399.844971
3006.651367	3321.30835
3009.500977	3212.360107
3012.348633	3211.780273
3015.195313	3232.028564
3018.041992	3067.363281
3020.886719	3133.604248
3023.730469	3107.796387
3026.573242	3061.979004
3029.415039	3020.475342
3032.255859	3061.568604
3035.095703	3033.084717
3037.93457	3079.433105
3040.772461	3007.398682
3043.609375	3032.865479
3046.445313	3019.140137
3049.280273	3066.418701
3052.114258	3112.858643
3054.946289	3124.440918
3057.77832	3111.598389
3060.609375	3103.110596
3063.438477	3167.091309
3066.267578	3123.675537
3069.094727	3083.723145
3071.921875	3129.406738
3074.74707	3066.690674
3077.572266	3115.023682
3080.395508	3062.757324
3083.21875	2992.06958
3086.040039	3024.66333
3088.860352	2988.950439
3091.679688	2983.006592
3094.499023	2977.057861
3097.316406	2942.165039
3100.132813	2999.358887
3102.948242	3029.388184
3105.762695	3019.055176
3108.576172	2972.708252
3111.388672	3002.758057
3114.201172	2988.008301
3117.011719	2980.280762
3119.821289	3010.363525
3122.629883	2946.332031
3125.436523	3009.865479
3128.243164	3036.467041
3131.048828	2967.971191
3133.853516	2968.14502
3136.657227	3001.808838
3139.459961	2979.952393
3142.261719	2951.906006
3145.0625	2951.189453
3147.861328	2957.532227
3150.660156	2964.761963
3153.458008	2941.08374
3156.254883	2894.416504
3159.049805	3006.805908
3161.844727	2994.609375
3164.638672	2947.024902
3167.430664	2953.377441
3170.222656	2942.917236
3173.013672	2974.062744
3175.802734	2924.629639
3178.591797	2922.120117
3181.379883	2956.834717
3184.166016	2979.160156
3186.952148	2977.552246
3189.737305	2942.226074
3192.520508	2953.916748
3195.303711	2944.305176
3198.084961	2927.580566
3200.866211	2915.145264
