399.363281	1185.387451
403.25	1198.619385
407.134766	1192.778076
411.017578	1189.477051
414.898438	1158.794678
418.777344	1166.303955
422.654297	1119.015625
426.53125	1102.924805
430.404297	1094.473511
434.277344	1117.280518
438.148438	1094.783447
442.017578	1083.762085
445.884766	1088.703491
449.751953	1073.195068
453.615234	1076.217163
457.478516	1117.625977
461.339844	1104.028931
465.199219	1092.340698
469.056641	1120.3573
472.912109	1079.827148
476.765625	1102.73291
480.619141	1090.381226
484.470703	1078.660034
488.320313	1072.706177
492.167969	1082.80249
496.013672	1094.834839
499.857422	1081.808594
503.699219	1127.932495
507.541016	1129.705444
511.380859	1127.61792
515.21875	1115.22583
519.054688	1103.466919
522.888672	1103.297729
526.720703	1120.535645
530.552734	1098.442871
534.380859	1110.53064
538.208984	1111.008423
542.035156	1094.694458
545.859375	1100.980225
549.683594	1096.282471
553.503906	1110.980347
557.324219	1084.932861
561.140625	1111.935181
564.957031	1062.554932
568.773438	1094.104614
572.585938	1044.673584
576.396484	1055.495361
580.207031	1072.163696
584.015625	1024.605225
587.820313	1070.486816
591.626953	1088.480957
595.429688	1049.963623
599.230469	1044.563477
603.03125	1033.956055
606.828125	1025.941528
610.625	1045.906128
614.419922	1026.82019
618.214844	1047.453125
622.005859	1071.361694
625.796875	1058.780884
629.583984	1080.757446
633.371094	1048.59375
637.15625	1046.430664
640.941406	1110.226074
644.722656	1085.219604
648.503906	1054.962402
652.283203	1087.454468
656.060547	1055.209229
659.835938	1083.801758
663.609375	1120.275391
667.382813	1095.207153
671.152344	1116.644165
674.921875	1115.153442
678.689453	1074.309204
682.455078	1099.044434
686.220703	1131.021118
689.982422	1092.100586
693.744141	1141.839478
697.503906	1111.434204
701.261719	1127.030762
705.017578	1145.271606
708.773438	1149.70752
712.525391	1146.246216
716.277344	1190.205322
720.027344	1188.075562
723.775391	1224.837769
727.523438	1242.505371
731.267578	1186.951538
735.011719	1194.716309
738.753906	1195.883911
742.494141	1249.241455
746.232422	1225.979126
749.970703	1233.772217
753.707031	1225.035034
757.439453	1235.480713
761.171875	1221.439941
764.904297	1223.94458
768.632813	1217.174805
772.361328	1258.78833
776.087891	1309.057739
779.8125	1359.369385
783.535156	1302.201904
787.255859	1282.833252
790.976563	1248.833862
794.695313	1267.305176
798.412109	1227.286133
802.126953	1254.40979
805.839844	1254.940063
809.552734	1275.440796
813.263672	1285.303101
816.972656	1259.862549
820.679688	1300.385986
824.384766	1278.263672
828.089844	1334.838501
831.791016	1266.662964
835.492188	1270.535645
839.193359	1276.414917
842.890625	1296.999634
846.587891	1261.447754
850.28125	1318.825317
853.974609	1330.755005
857.666016	1292.494019
861.357422	1267.592773
865.044922	1264.7771
868.732422	1280.053589
872.417969	1276.569458
876.101563	1291.192383
879.785156	1281.670166
883.464844	1281.537842
887.144531	1275.360718
890.822266	1281.943726
894.5	1281.810425
898.173828	1274.952026
901.847656	1297.014893
905.519531	1296.886597
909.189453	1253.667236
912.857422	1249.478394
916.523438	1266.175415
920.189453	1254.572144
923.853516	1311.749756
927.515625	1297.456421
931.177734	1278.425781
934.835938	1262.755127
938.494141	1288.955322
942.150391	1269.896118
945.804688	1260.96228
949.458984	1293.28125
953.109375	1262.018555
956.759766	1280.147949
960.408203	1271.879395
964.056641	1270.378906
967.701172	1291.244751
971.345703	1274.832153
974.988281	1260.440674
978.628906	1276.576904
982.267578	1285.936646
985.90625	1310.247192
989.542969	1329.141479
993.177734	1291.627441
996.810547	1339.772827
1000.443359	1510.424927
1004.074219	1503.567993
1007.703125	1349.621948
1011.330078	1332.473022
1014.955078	1296.908691
1018.580078	1304.949097
1022.203125	1302.08252
1025.824219	1273.965942
1029.443359	1288.149536
1033.0625	1344.003296
1036.679688	1309.035889
1040.294922	1320.516724
1043.908203	1306.023071
1047.519531	1270.995117
1051.130859	1252.361938
1054.740234	1298.068726
1058.347656	1302.033081
1061.953125	1311.481934
1065.558594	1310.656006
1069.162109	1301.599731
1072.763672	1332.327026
1076.363281	1379.551758
1079.962891	1370.511719
1083.560547	1359.403076
1087.15625	1389.516846
1090.75	1346.78186
1094.34375	1382.416748
1097.933594	1349.963379
1101.523438	1405.590332
1105.113281	1374.496216
1108.699219	1372.999146
1112.285156	1372.189575
1115.869141	1356.210449
1119.451172	1401.606934
1123.03125	1397.356812
1126.611328	1402.767578
1130.189453	1361.910645
1133.765625	1304.437744
1137.341797	1255.211182
1140.914063	1271.634399
1144.486328	1279.769531
1148.056641	1265.765503
1151.626953	1309.213623
1155.193359	1288.975708
1158.759766	1303.366333
1162.324219	1301.825073
1165.888672	1344.665039
1169.449219	1307.062744
1173.009766	1323.56543
1176.568359	1359.522949
1180.125	1357.999878
1183.681641	1302.271729
1187.236328	1300.723022
1190.789063	1291.522339
1194.339844	1297.620728
1197.890625	1319.733276
1201.439453	1348.130859
1204.986328	1433.675537
1208.53125	1485.141113
1212.076172	1457.16687
1215.619141	1460.556519
1219.160156	1489.068726
1222.699219	1553.205566
1226.238281	1588.762207
1229.775391	1612.470581
1233.310547	1571.896484
1236.84375	1592.819702
1240.376953	1608.863281
1243.908203	1606.724976
1247.4375	1606.684692
1250.964844	1586.333374
1254.492188	1603.800171
1258.017578	1565.205566
1261.541016	1590.390747
1265.064453	1539.130859
1268.583984	1550.990845
1272.103516	1548.116333
1275.623047	1522.762817
1279.138672	1521.981445
1282.654297	1565.485474
1286.167969	1537.293579
1289.679688	1608.276489
1293.191406	1651.164185
1296.701172	1677.187988
1300.208984	1701.823853
1303.714844	1725.070068
1307.220703	1746.219971
1310.722656	1773.028809
1314.226563	1751.176147
1317.726563	1772.361206
1321.226563	1720.832153
1324.724609	1781.580566
1328.220703	1763.93396
1331.714844	1835.353638
1335.208984	1818.420898
1338.701172	1828.361694
1342.191406	1744.872559
1345.681641	1729.297119
1349.169922	1699.539673
1352.65625	1643.53479
1356.140625	1639.241821
1359.625	1644.875122
1363.107422	1621.419312
1366.587891	1568.838867
1370.068359	1581.550781
1373.544922	1577.22168
1377.021484	1526.689941
1380.498047	1506.691284
1383.970703	1543.582153
1387.443359	1497.955078
1390.914063	1536.295532
1394.384766	1540.481323
1397.851563	1561.769775
1401.318359	1520.35083
1404.785156	1508.84668
1408.248047	1496.619385
1411.710938	1499.368286
1415.171875	1531.390381
1418.630859	1519.156128
1422.089844	1509.055054
1425.546875	1513.241577
1429.001953	1540.314087
1432.457031	1618.200439
1435.908203	1666.807007
1439.361328	1713.304688
1442.810547	1807.828613
1446.257813	1863.018799
1449.705078	1846.569702
1453.152344	1797.83606
1456.595703	1817.217041
1460.039063	1744.746704
1463.480469	1761.967041
1466.919922	1730.357178
1470.359375	1695.846924
1473.796875	1598.766724
1477.232422	1594.379272
1480.666016	1583.512695
1484.099609	1621.579468
1487.53125	1517.110107
1490.962891	1448.572021
1494.390625	1383.581299
1497.818359	1369.001099
1501.246094	1351.523926
1504.669922	1378.043213
1508.09375	1354.058838
1511.515625	1383.488159
1514.935547	1384.046265
1518.355469	1349.917236
1521.773438	1367.812256
1525.189453	1385.721436
1528.605469	1367.468262
1532.019531	1391.905396
1535.431641	1413.465332
1538.841797	1412.585938
1542.251953	1431.996826
1545.660156	1429.673462
1549.068359	1468.688721
1552.472656	1567.231689
1555.876953	1535.924316
1559.28125	1591.729858
1562.681641	1564.038574
1566.082031	1566.120972
1569.480469	1648.904907
1572.878906	1660.477417
1576.273438	1672.058838
1579.667969	1673.458374
1583.0625	1661.751099
1586.453125	1633.278564
1589.84375	1587.292114
1593.234375	1601.781616
1596.621094	1573.978882
1600.007813	1584.095825
1603.392578	1629.258423
1606.777344	1574.412964
1610.160156	1610.840576
1613.541016	1623.910278
1616.919922	1624.561035
1620.298828	1614.971924
1623.675781	1582.691772
1627.050781	1597.233521
1630.425781	1605.928223
1633.798828	1616.827271
1637.169922	1627.734619
1640.541016	1679.70813
1643.910156	1635.638306
1647.277344	1677.383179
1650.642578	1703.011719
1654.007813	1736.738159
1657.371094	1814.569702
1660.734375	1829.258423
1664.09375	1800.579834
1667.453125	1808.654175
1670.8125	1780.679321
1674.167969	1736.487305
1677.523438	1708.460449
1680.878906	1711.352173
1684.230469	1637.598389
1687.582031	1565.260132
1690.933594	1500.239502
1694.28125	1516.332886
1697.628906	1466.741577
1700.974609	1442.956665
1704.320313	1391.818481
1707.664063	1308.120972
1711.005859	1327.864746
1714.345703	1320.996948
1717.685547	1311.163574
1721.023438	1280.595581
1724.361328	1274.440308
1727.695313	1277.169678
1731.03125	1282.865234
1734.363281	1261.132935
1737.695313	1287.59375
1741.025391	1300.719238
1744.353516	1302.720581
1747.681641	1223.78125
1751.007813	1259.925415
1754.332031	1296.841187
1757.65625	1225.982788
1760.978516	1260.682373
1764.298828	1243.325073
1767.619141	1254.983521
1770.9375	1212.291382
1774.253906	1254.489014
1777.570313	1231.883789
1780.884766	1253.246948
1784.197266	1222.418457
1787.509766	1269.908569
1790.818359	1248.018799
1794.128906	1248.512939
1797.435547	1289.345825
1800.742188	1274.90979
1804.048828	1241.024414
1807.351563	1252.733765
1810.654297	1223.30127
1813.955078	1250.730591
1817.255859	1239.993164
1820.554688	1216.512451
1823.851563	1255.960938
1827.148438	1249.709839
1830.443359	1253.203247
1833.736328	1221.436523
1837.027344	1270.705322
1840.318359	1258.442139
1843.609375	1237.155151
1846.896484	1230.128662
1850.183594	1277.973999
1853.46875	1279.981934
1856.753906	1312.084839
1860.037109	1287.764893
1863.318359	1268.695923
1866.599609	1257.143921
1869.878906	1277.984375
1873.15625	1249.088379
1876.433594	1270.695435
1879.708984	1277.985352
1882.982422	1269.431519
1886.255859	1241.240479
1889.527344	1269.675049
1892.796875	1298.887329
1896.066406	1276.720825
1899.333984	1246.218384
1902.599609	1252.76001
1905.865234	1273.685669
1909.128906	1251.473145
1912.390625	1242.11853
1915.652344	1249.425293
1918.912109	1257.495483
1922.169922	1233.723877
1925.427734	1290.342773
1928.683594	1274.912476
1931.939453	1253.396362
1935.191406	1234.141479
1938.445313	1300.725098
1941.695313	1289.83374
1944.945313	1248.519043
1948.193359	1265.742554
1951.441406	1284.501343
1954.6875	1275.869019
1957.931641	1244.383057
1961.173828	1249.441162
1964.416016	1272.032349
1967.658203	1315.989624
1970.896484	1282.943359
1974.134766	1273.525269
1977.373047	1257.992798
1980.607422	1266.884521
1983.84375	1264.32373
1987.076172	1277.80957
1990.308594	1278.308594
1993.539063	1274.218628
1996.767578	1296.139893
1999.996094	1281.337036
2003.222656	1270.350952
2006.449219	1247.099487
2009.673828	1316.555542
2012.896484	1256.505127
2016.119141	1303.777466
2019.339844	1248.278076
2022.558594	1300.956177
2025.777344	1287.64209
2028.994141	1274.317261
2032.208984	1245.613403
2035.423828	1252.248047
2038.636719	1278.88208
2041.847656	1291.688843
2045.058594	1303.735596
2048.267578	1291.92395
2051.476563	1261.617554
2054.683594	1323.74939
2057.888672	1313.472412
2061.09375	1298.560425
2064.296875	1297.521973
2067.498047	1273.331055
2070.699219	1286.177612
2073.898438	1292.855469
2077.097656	1316.535645
2080.292969	1283.811157
2083.490234	1289.72168
2086.683594	1287.127808
2089.876953	1283.757813
2093.068359	1261.806152
2096.259766	1297.918335
2099.449219	1314.690186
2102.636719	1267.14856
2105.824219	1318.810181
2109.009766	1285.96936
2112.195313	1296.554077
2115.378906	1283.860229
2118.560547	1283.580444
2121.742188	1309.712036
2124.921875	1310.218506
2128.099609	1301.396118
2131.277344	1304.232422
2134.453125	1294.622192
2137.626953	1332.481812
2140.800781	1288.615234
2143.972656	1268.082153
2147.144531	1300.519775
2150.314453	1293.226685
2153.482422	1306.203003
2156.650391	1305.92688
2159.816406	1283.017944
2162.980469	1289.758545
2166.144531	1269.949219
2169.306641	1280.596069
2172.46875	1280.307983
2175.628906	1283.147217
2178.787109	1283.641479
2181.945313	1296.656372
2185.101563	1351.954102
2188.255859	1283.558716
2191.410156	1285.619629
2194.564453	1299.437866
2197.714844	1277.984619
2200.865234	1291.809937
2204.013672	1287.598877
2207.162109	1295.943359
2210.308594	1273.669312
2213.455078	1263.946533
2216.599609	1270.718994
2219.742188	1317.589966
2222.884766	1303.939697
2226.025391	1303.653564
2229.164063	1321.469238
2232.302734	1312.527954
2235.439453	1294.915283
2238.576172	1343.477783
2241.710938	1315.615356
2244.84375	1278.268433
2247.976563	1327.668335
2251.107422	1356.58728
2254.236328	1329.475342
2257.365234	1311.819702
2260.492188	1321.802979
2263.619141	1327.841675
2266.744141	1319.652344
2269.867188	1310.665527
2272.990234	1319.079834
2276.111328	1311.668457
2279.232422	1343.845825
2282.351563	1315.048218
2285.46875	1344.080811
2288.585938	1326.359985
2291.701172	1324.487427
2294.816406	1300.397583
2297.929688	1338.99231
2301.041016	1323.623169
2304.152344	1323.333984
2307.261719	1346.883057
2310.369141	1303.676025
2313.476563	1339.958496
2316.583984	1327.740845
2319.6875	1316.30957
2322.791016	1384.48291
2325.894531	1425.628906
2328.996094	1403.863159
2332.095703	1422.72998
2335.195313	1402.540527
2338.292969	1347.238647
2341.388672	1326.206543
2344.484375	1335.492065
2347.578125	1356.762817
2350.671875	1334.910522
2353.763672	1325.828003
2356.853516	1341.522095
2359.943359	1331.634766
2363.03125	1305.737915
2366.119141	1344.652588
2369.205078	1323.544556
2372.289063	1355.286011
2375.373047	1374.230347
2378.457031	1301.805908
2381.537109	1327.960938
2384.617188	1317.233643
2387.697266	1349.031372
2390.773438	1333.48645
2393.851563	1333.188843
2396.925781	1326.463135
2400	1311.694824
2403.074219	1328.272461
2406.146484	1300.623413
2409.216797	1324.450684
2412.286133	1323.342163
2415.355469	1335.116577
2418.421875	1284.871216
2421.488281	1330.48584
2424.553711	1372.90979
2427.617188	1364.557617
2430.679688	1331.188599
2433.741211	1331.69165
2436.801758	1368.527344
2439.861328	1318.159424
2442.918945	1365.52124
2445.976563	1365.228516
2449.032227	1354.423218
2452.086914	1343.609497
2455.140625	1334.405762
2458.192383	1379.432983
2461.243164	1375.094116
2464.293945	1309.991455
2467.342773	1352.628174
2470.390625	1370.163574
2473.436523	1326.882935
2476.482422	1341.175781
2479.526367	1392.003906
2482.569336	1369.792725
2485.611328	1356.499634
2488.652344	1345.633911
2491.692383	1342.88855
2494.730469	1356.404663
2497.768555	1355.28772
2500.804688	1367.19043
2503.839844	1361.191284
2506.873047	1396.722656
2509.90625	1369.546753
2512.938477	1382.286499
2515.96875	1363.237427
2518.998047	1402.89978
2522.026367	1390.371216
2525.053711	1375.384033
2528.079102	1393.047607
2531.104492	1362.529175
2534.12793	1403.89856
2537.150391	1388.8927
2540.171875	1427.031128
2543.192383	1362.11853
2546.211914	1366.720703
2549.230469	1432.728638
2552.24707	1379.210449
2555.262695	1409.222046
2558.277344	1399.913818
2561.291016	1408.636841
2564.303711	1419.00647
2567.31543	1418.716431
2570.325195	1421.709351
2573.333984	1382.825195
2576.341797	1382.520386
2579.348633	1374.819092
2582.354492	1410.681763
2585.359375	1393.938477
2588.363281	1392.813354
2591.365234	1412.262085
2594.366211	1418.552124
2597.366211	1417.43396
2600.365234	1402.308105
2603.363281	1396.237061
2606.360352	1461.895508
2609.355469	1436.870239
2612.350586	1481.138306
2615.34375	1435.464478
2618.335938	1428.567139
2621.327148	1431.577148
2624.317383	1455.248413
2627.306641	1418.589111
2630.293945	1453.850464
2633.280273	1414.680786
2636.266602	1412.723877
2639.250977	1433.119019
2642.234375	1397.209839
2645.216797	1424.241821
2648.197266	1418.140137
2651.177734	1462.61145
2654.157227	1434.953003
2657.134766	1457.059326
2660.111328	1428.547607
2663.086914	1473.087524
2666.061523	1466.157715
2669.035156	1442.602539
2672.007813	1429.005249
2674.978516	1493.568604
2677.949219	1433.39209
2680.917969	1452.232056
2683.885742	1461.095093
2686.852539	1459.970337
2689.818359	1458.844482
2692.783203	1493.55603
2695.74707	1470.763184
2698.708984	1478.813843
2701.670898	1474.35437
2704.630859	1514.9646
2707.589844	1506.339478
2710.547852	1511.907837
2713.504883	1504.945801
2716.460938	1555.657104
2719.416016	1570.44751
2722.369141	1605.325439
2725.322266	1579.975464
2728.273438	1616.556152
2731.223633	1617.152466
2734.173828	1559.942139
2737.12207	1542.917358
2740.069336	1548.516357
2743.014648	1552.441772
2745.959961	1547.140625
2748.904297	1528.406006
2751.84668	1555.836914
2754.788086	1536.250977
2757.729492	1556.14209
2760.668945	1528.13562
2763.607422	1495.062988
2766.544922	1517.483398
2769.481445	1528.980591
2772.416016	1511.864746
2775.350586	1503.999268
2778.28418	1555.939087
2781.21582	1536.285034
2784.146484	1513.244263
2787.077148	1529.823242
2790.005859	1513.511597
2792.933594	1530.946045
2795.860352	1511.245117
2798.785156	1493.218506
2801.709961	1515.733032
2804.633789	1516.288574
2807.555664	1534.599854
2810.477539	1538.545288
2813.397461	1528.9552
2816.316406	1544.750854
2819.234375	1526.687866
2822.151367	1541.646484
2825.067383	1591.35791
2827.982422	1619.91333
2830.896484	1678.168823
2833.80957	1671.995972
2836.720703	1709.945801
2839.631836	1808.196167
2842.541016	1886.136475
2845.450195	2092.413574
2848.357422	2248.699951
2851.263672	2351.539795
2854.168945	2403.426025
2857.073242	2462.155762
2859.976563	2550.716064
2862.878906	2647.854248
2865.779297	2828.530273
2868.679688	2942.027832
2871.579102	3139.135986
2874.476563	3252.828125
2877.374023	3335.895996
2880.269531	3337.110352
2883.164063	3282.842773
2886.057617	3303.676514
2888.950195	3304.878174
2891.841797	3419.729248
2894.732422	3484.229004
2897.62207	3547.064697
2900.510742	3506.437012
2903.398438	3618.102539
2906.28418	3708.446777
2909.169922	3822.833984
2912.053711	3910.746338
2914.9375	4086.13501
2917.819336	4319.088867
2920.700195	4433.00293
2923.581055	4568.446777
2926.459961	4604.432129
2929.337891	4737.458496
2932.214844	4844.814453
2935.09082	4718.553711
2937.96582	4764.955078
2940.838867	4721.971191
2943.711914	4506.93457
2946.583984	4254.743652
2949.454102	4091.884521
2952.324219	3930.628662
2955.193359	3816.62915
2958.060547	3693.068359
2960.926758	3663.37207
2963.792969	3621.581543
2966.657227	3572.859131
2969.520508	3542.22168
2972.382813	3369.130859
2975.244141	3239.954102
2978.104492	3184.973633
2980.963867	3056.5
2983.822266	2949.544434
2986.679688	2942.824707
2989.536133	2751.836426
2992.390625	2608.306641
2995.245117	2504.495361
2998.098633	2419.661377
3000.950195	2296.646973
3003.801758	2195.209473
3006.651367	2137.91333
3009.500977	1984.308838
3012.348633	1938.173096
3015.195313	1944.077271
3018.041992	1845.800903
3020.886719	1813.460571
3023.730469	1800.210815
3026.573242	1729.587891
3029.415039	1698.039185
3032.255859	1731.699707
3035.095703	1752.332886
3037.93457	1750.350464
3040.772461	1734.434937
3043.609375	1738.540894
3046.445313	1754.8479
3049.280273	1750.246948
3052.114258	1801.447144
3054.946289	1816.920776
3057.77832	1880.396729
3060.609375	1826.950928
3063.438477	1849.434692
3066.267578	1857.958008
3069.094727	1838.524658
3071.921875	1777.118408
3074.74707	1752.394653
3077.572266	1736.400513
3080.395508	1660.889526
3083.21875	1647.476563
3086.040039	1692.725586
3088.860352	1637.265137
3091.679688	1657.12854
3094.499023	1645.446899
3097.316406	1659.18811
3100.132813	1667.675171
3102.948242	1575.246704
3105.762695	1650.428589
3108.576172	1588.664429
3111.388672	1571.660034
3114.201172	1605.615112
3117.011719	1571.021118
3119.821289	1618.191284
3122.629883	1609.0896
3125.436523	1626.383423
3128.243164	1588.224609
3131.048828	1619.613892
3133.853516	1588.4729
3136.657227	1614.595947
3139.459961	1556.099365
3142.261719	1596.339966
3145.0625	1626.021606
3147.861328	1585.11731
3150.660156	1552.129761
3153.458008	1542.081787
3156.254883	1558.531982
3159.049805	1559.084595
3161.844727	1605.612793
3164.638672	1592.030273
3167.430664	1541.277344
3170.222656	1574.571411
3173.013672	1569.816406
3175.802734	1630.600586
3178.591797	1583.331909
3181.379883	1547.552002
3184.166016	1572.925537
3186.952148	1559.290161
3189.737305	1602.430786
3192.520508	1536.427246
3195.303711	1580.477539
3198.084961	1584.588501
3200.866211	1605.017578
