399.333984	1034.747681
403.220703	1021.207764
407.103516	1041.37146
410.986328	1008.092896
414.867188	1005.983337
418.748047	1001.323792
422.625	966.709106
426.501953	978.603577
430.375	987.956848
434.248047	970.518616
438.119141	955.618408
441.988281	990.518311
445.855469	983.919067
449.722656	993.293457
453.585938	963.029053
457.449219	964.725037
461.310547	968.342285
465.169922	968.760925
469.027344	955.087097
472.882813	972.161743
476.736328	984.763
480.589844	967.229126
484.441406	956.738281
488.289063	979.619568
492.136719	960.133179
495.984375	986.890198
499.828125	969.317932
503.669922	991.599976
507.511719	976.587341
511.351563	984.731628
515.189453	978.07312
519.025391	973.341064
522.859375	969.893555
526.691406	1003.192139
530.523438	1005.55896
534.351563	1004.055847
538.179688	1005.133362
542.005859	992.648987
545.830078	971.108032
549.654297	972.818237
553.474609	963.536316
557.294922	998.885498
561.113281	976.661743
564.927734	957.008606
568.744141	923.087097
572.556641	927.371704
576.367188	938.143066
580.177734	946.977539
583.986328	938.94812
587.792969	960.773438
591.597656	961.834778
595.400391	940.80603
599.201172	945.109192
603.001953	917.551819
606.800781	936.811096
610.597656	928.751282
614.392578	940.217896
618.185547	947.785706
621.976563	952.75293
625.767578	957.724182
629.556641	960.090454
633.34375	970.941162
637.128906	982.453674
640.912109	948.260681
644.693359	1003.547241
648.474609	979.137939
652.253906	961.900513
656.03125	973.432312
659.806641	998.06311
663.580078	1007.000671
667.353516	1001.534973
671.123047	986.234802
674.892578	999.766968
678.660156	983.79657
682.425781	996.026367
686.191406	997.107178
689.953125	977.174072
693.714844	995.328735
697.474609	1018.756714
701.232422	1006.03949
704.988281	1009.756653
708.744141	997.024231
712.498047	1058.019409
716.248047	1067.690552
719.998047	1043.76355
723.748047	1048.821777
727.494141	1065.095459
731.240234	1077.42395
734.982422	1055.439453
738.724609	1084.942627
742.464844	1092.669922
746.205078	1065.375732
749.941406	1074.423096
753.677734	1096.045776
757.412109	1098.495728
761.144531	1100.94751
764.875	1100.0896
768.605469	1119.770752
772.332031	1125.548096
776.058594	1138.624634
779.783203	1179.575928
783.505859	1142.907593
787.228516	1146.047241
790.947266	1116.640015
794.666016	1115.783203
798.382813	1128.222168
802.097656	1153.30835
805.8125	1142.484253
809.523438	1166.931396
813.234375	1132.128662
816.943359	1131.940674
820.650391	1149.081665
824.357422	1166.236938
828.060547	1180.737915
831.763672	1151.204834
835.464844	1158.366943
839.164063	1166.870728
842.861328	1141.302612
846.558594	1141.783813
850.253906	1178.378784
853.947266	1166.832397
857.638672	1127.833008
861.328125	1165.137085
865.017578	1189.074219
868.705078	1150.034058
872.390625	1156.552246
876.074219	1111.428101
879.755859	1148.802246
883.4375	1148.614136
887.117188	1104.100342
890.794922	1164.36145
894.470703	1160.817871
898.146484	1131.71814
901.818359	1144.302612
905.490234	1143.437134
909.160156	1125.065186
912.830078	1138.335327
916.496094	1141.508423
920.162109	1147.380493
923.826172	1120.210571
927.488281	1134.849121
931.148438	1153.549438
934.808594	1145.92981
938.466797	1117.361328
942.123047	1152.972778
945.777344	1139.257324
949.429688	1138.381592
953.082031	1129.384644
956.732422	1133.919189
960.380859	1116.10791
964.027344	1154.516724
967.673828	1155.677368
971.318359	1145.311035
974.960938	1132.222168
978.601563	1120.479492
982.240234	1131.810913
985.878906	1150.623047
989.515625	1139.551758
993.150391	1111.475952
996.783203	1156.145508
1000.416016	1246.43689
1004.044922	1308.215698
1007.673828	1191.640259
1011.302734	1162.844727
1014.927734	1161.285156
1018.552734	1122.907227
1022.175781	1122.693115
1025.796875	1115.655029
1029.416016	1151.617188
1033.035156	1186.926025
1036.650391	1151.893311
1040.265625	1135.2854
1043.880859	1146.698364
1047.492188	1163.593018
1051.103516	1135.334473
1054.712891	1133.752686
1058.320313	1149.977173
1061.925781	1144.973633
1065.53125	1184.522217
1069.134766	1152.783081
1072.736328	1165.611084
1076.335938	1197.66687
1079.935547	1204.34375
1083.533203	1207.591309
1087.128906	1170.983887
1090.722656	1155.657593
1094.316406	1177.457764
1097.90625	1208.220337
1101.496094	1185.317871
1105.085938	1184.431885
1108.671875	1193.87854
1112.257813	1177.143433
1115.841797	1161.772949
1119.423828	1167.082397
1123.003906	1220.699585
1126.583984	1219.824219
1130.162109	1182.344727
1133.738281	1198.724854
1137.314453	1134.939697
1140.886719	1120.196533
1144.458984	1127.577271
1148.029297	1126.659302
1151.599609	1174.896118
1155.166016	1174.688965
1158.732422	1175.867065
1162.296875	1174.273071
1165.861328	1156.727295
1169.421875	1188.424316
1172.982422	1236.110474
1176.541016	1204.680786
1180.097656	1206.567017
1183.654297	1155.640991
1187.208984	1181.839844
1190.761719	1202.496094
1194.3125	1195.338135
1197.863281	1200.703003
1201.412109	1207.464722
1204.958984	1245.5802
1208.503906	1269.091309
1212.048828	1257.76123
1215.591797	1298.035889
1219.132813	1321.59668
1222.671875	1328.422974
1226.210938	1359.696899
1229.748047	1319.734619
1233.283203	1342.642822
1236.816406	1378.854614
1240.349609	1373.12561
1243.880859	1393.983521
1247.410156	1369.353271
1250.939453	1372.716919
1254.464844	1373.980957
1257.990234	1345.105347
1261.513672	1337.943726
1265.037109	1350.418213
1268.558594	1344.655884
1272.078125	1364.163574
1275.595703	1359.10376
1279.111328	1337.175415
1282.626953	1372.870972
1286.140625	1393.827393
1289.652344	1374.699341
1293.164063	1442.828735
1296.673828	1446.939819
1300.181641	1439.783691
1303.6875	1453.761719
1307.193359	1459.996094
1310.697266	1497.972046
1314.199219	1507.756592
1317.699219	1497.079468
1321.199219	1495.572998
1324.697266	1483.468506
1328.193359	1498.915283
1331.689453	1519.32312
1335.181641	1522.772583
1338.673828	1511.365479
1342.166016	1516.229492
1345.654297	1453.82312
1349.142578	1461.500488
1352.628906	1445.087158
1356.115234	1362.721924
1359.597656	1448.393555
1363.080078	1433.372925
1366.5625	1418.3396
1370.041016	1417.496948
1373.519531	1415.942871
1376.996094	1367.477783
1380.470703	1389.365601
1383.945313	1386.37439
1387.417969	1408.998535
1390.888672	1388.2146
1394.357422	1403.735229
1397.826172	1390.056396
1401.292969	1413.430176
1404.757813	1403.308716
1408.222656	1399.598755
1411.683594	1338.794067
1415.144531	1390.740845
1418.605469	1415.589233
1422.0625	1378.294678
1425.519531	1398.86853
1428.976563	1410.162476
1432.429688	1462.242188
1435.882813	1472.854614
1439.333984	1510.681885
1442.783203	1542.093262
1446.232422	1578.54541
1449.679688	1606.424683
1453.125	1585.561768
1456.570313	1534.550049
1460.011719	1535.88916
1463.453125	1527.177002
1466.894531	1533.541382
1470.332031	1494.640259
1473.769531	1501.714722
1477.207031	1475.713257
1480.640625	1454.00708
1484.074219	1430.123657
1487.505859	1396.860229
1490.935547	1391.662109
1494.365234	1346.105225
1497.792969	1313.487305
1501.21875	1344.307861
1504.644531	1307.333374
1508.066406	1331.679688
1511.490234	1322.8302
1514.910156	1363.093628
1518.330078	1303.663452
1521.748047	1318.647949
1525.164063	1341.599854
1528.580078	1351.546509
1531.992188	1360.776978
1535.40625	1351.911743
1538.816406	1393.022827
1542.226563	1387.786255
1545.634766	1418.069336
1549.041016	1415.739014
1552.447266	1493.218994
1555.851563	1464.05957
1559.253906	1479.171509
1562.65625	1457.246582
1566.056641	1469.460327
1569.455078	1507.856445
1572.851563	1496.098022
1576.248047	1503.97522
1579.642578	1522.776978
1583.035156	1500.814453
1586.427734	1489.76123
1589.818359	1475.783569
1593.207031	1463.981689
1596.595703	1480.615112
1599.982422	1491.424316
1603.367188	1488.372681
1606.751953	1502.844116
1610.132813	1529.015381
1613.513672	1527.435791
1616.894531	1476.869141
1620.273438	1495.014771
1623.650391	1455.369507
1627.025391	1448.632324
1630.400391	1499.008301
1633.773438	1490.817261
1637.144531	1481.153442
1640.513672	1566.061035
1643.882813	1524.879761
1647.251953	1546.768555
1650.617188	1562.802124
1653.982422	1596.472412
1657.345703	1585.356079
1660.707031	1588.194336
1664.068359	1618.973022
1667.427734	1565.190918
1670.787109	1578.324585
1674.142578	1594.412964
1677.498047	1583.266724
1680.853516	1527.172729
1684.205078	1484.299438
1687.556641	1468.671143
1690.90625	1483.27063
1694.255859	1429.997192
1697.603516	1409.898438
1700.949219	1363.198608
1704.294922	1366.696655
1707.638672	1348.764648
1710.980469	1344.865601
1714.320313	1316.555054
1717.660156	1359.255249
1720.998047	1315.382446
1724.335938	1328.494507
1727.669922	1353.469727
1731.003906	1325.845703
1734.337891	1335.269653
1737.669922	1347.66748
1741	1286.617432
1744.328125	1301.232056
1747.65625	1311.402466
1750.982422	1343.124023
1754.306641	1336.225464
1757.630859	1338.986206
1760.953125	1311.998291
1764.273438	1316.983154
1767.59375	1334.62561
1770.912109	1297.922363
1774.228516	1306.631348
1777.544922	1292.244385
1780.859375	1303.939453
1784.171875	1329.814209
1787.484375	1318.402954
1790.792969	1330.121338
1794.103516	1357.529663
1797.410156	1296.065063
1800.716797	1317.502563
1804.023438	1329.985352
1807.326172	1334.250977
1810.628906	1284.649536
1813.929688	1307.612183
1817.230469	1342.57312
1820.529297	1322.129395
1823.826172	1318.904907
1827.123047	1323.923828
1830.417969	1331.946411
1833.710938	1274.701782
1837.001953	1269.200439
1840.292969	1309.496826
1843.583984	1301.750732
1846.871094	1345.848389
1850.158203	1306.536499
1853.443359	1326.604858
1856.728516	1370.763428
1860.011719	1348.724609
1863.292969	1322.150391
1866.574219	1333.216431
1869.853516	1304.354004
1873.130859	1309.390503
1876.408203	1310.660034
1879.683594	1328.527466
1882.957031	1320.748291
1886.230469	1293.33252
1889.501953	1389.765137
1892.771484	1331.374512
1896.041016	1338.700928
1899.308594	1327.884155
1902.574219	1361.69165
1905.839844	1322.873413
1909.103516	1332.478027
1912.365234	1344.362061
1915.626953	1320.643921
1918.886719	1326.46814
1922.146484	1309.548218
1925.402344	1348.749268
1928.658203	1364.455811
1931.914063	1321.718018
1935.167969	1282.743774
1938.419922	1329.592407
1941.669922	1353.675415
1944.919922	1347.362427
1948.167969	1364.624756
1951.416016	1344.613159
1954.662109	1299.464233
1957.90625	1322.057983
1961.150391	1367.524536
1964.392578	1339.859985
1967.632813	1360.207764
1970.873047	1323.365112
1974.111328	1346.773804
1977.347656	1377.070557
1980.583984	1360.808594
1983.818359	1360.576294
1987.050781	1339.709106
1990.283203	1346.348633
1993.513672	1362.935791
1996.744141	1344.339478
1999.970703	1367.061523
2003.199219	1401.287109
2006.423828	1333.657104
2009.648438	1370.19458
2012.871094	1343.896851
2016.09375	1367.428467
2019.314453	1362.59082
2022.533203	1379.239746
2025.751953	1367.491821
2028.96875	1341.140137
2032.183594	1340.125488
2035.398438	1348.334351
2038.611328	1335.785767
2041.824219	1375.540649
2045.035156	1342.212646
2048.244141	1343.504517
2051.451172	1376.375977
2054.658203	1363.041748
2057.865234	1362.800659
2061.068359	1376.439087
2064.271484	1367.716797
2067.474609	1378.280273
2070.673828	1382.675537
2073.875	1357.725952
2077.072266	1366.751587
2080.269531	1340.22998
2083.464844	1370.905151
2086.660156	1366.795776
2089.853516	1384.349609
2093.044922	1329.150269
2096.236328	1342.830322
2099.425781	1364.267944
2102.613281	1425.247314
2105.800781	1377.72998
2108.986328	1367.404907
2112.169922	1371.037842
2115.353516	1328.100586
2118.535156	1373.652222
2121.716797	1381.175049
2124.896484	1330.419678
2128.074219	1362.808105
2131.251953	1406.109253
2134.427734	1354.525635
2137.603516	1362.832275
2140.777344	1338.442993
2143.949219	1374.790161
2147.119141	1380.775513
2150.289063	1382.867676
2153.458984	1384.96106
2156.625	1369.892944
2159.791016	1322.815674
2162.957031	1362.362061
2166.121094	1372.259766
2169.283203	1381.383301
2172.445313	1379.570801
2175.603516	1358.990356
2178.763672	1411.141113
2181.921875	1315.43335
2185.078125	1335.51062
2188.232422	1377.530884
2191.386719	1387.46228
2194.539063	1344.890747
2197.691406	1371.281372
2200.841797	1383.573853
2203.990234	1390.382935
2207.138672	1388.562744
2210.285156	1392.237427
2213.429688	1387.27356
2216.574219	1362.659424
2219.71875	1360.038208
2222.859375	1373.930054
2226	1357.935669
2229.140625	1367.114502
2232.279297	1370.788574
2235.416016	1357.136597
2238.550781	1368.688599
2241.685547	1381.825562
2244.820313	1369.738281
2247.951172	1407.340088
2251.082031	1368.420898
2254.212891	1378.418823
2257.341797	1406.588867
2260.46875	1344.711426
2263.595703	1352.3396
2266.720703	1400.298096
2269.84375	1395.297119
2272.966797	1404.535034
2276.087891	1365.492676
2279.208984	1405.609497
2282.328125	1402.185913
2285.445313	1355.171875
2288.5625	1391.365845
2291.677734	1432.345703
2294.792969	1371.800415
2297.90625	1400.897705
2301.017578	1394.286499
2304.128906	1437.71167
2307.238281	1407.270142
2310.345703	1374.420288
2313.453125	1365.401733
2316.558594	1376.264282
2319.664063	1354.505615
2322.767578	1398.013184
2325.871094	1520.401001
2328.972656	1505.045288
2332.072266	1472.939697
2335.169922	1431.241089
2338.267578	1379.938477
2341.365234	1389.241211
2344.460938	1396.155884
2347.554688	1442.2052
2350.648438	1407.603516
2353.740234	1401.745361
2356.830078	1372.697632
2359.919922	1430.803467
2363.007813	1428.146729
2366.095703	1419.88501
2369.181641	1395.602905
2372.265625	1396.132813
2375.349609	1418.297852
2378.431641	1449.296997
2381.513672	1412.959106
2384.59375	1434.352661
2387.673828	1415.63623
2390.75	1405.736328
2393.828125	1399.041138
2396.902344	1421.263794
2399.976563	1376.793335
2403.050781	1386.159302
2406.123047	1446.205444
2409.193359	1361.460571
2412.262695	1386.929321
2415.331055	1438.185303
2418.398438	1396.840332
2421.464844	1385.280762
2424.530273	1448.685791
2427.59375	1421.006836
2430.65625	1401.374512
2433.717773	1437.415771
2436.77832	1426.655396
2439.837891	1436.886597
2442.895508	1432.581177
2445.953125	1452.521362
2449.008789	1441.749023
2452.063477	1456.044678
2455.117188	1450.929443
2458.168945	1448.238525
2461.220703	1396.145752
2464.270508	1442.849731
2467.319336	1441.772705
2470.367188	1433.397827
2473.413086	1421.771973
2476.458984	1420.684814
2479.50293	1413.103149
2482.545898	1396.58374
2485.587891	1447.470337
2488.628906	1451.265259
2491.668945	1440.430786
2494.707031	1432.027466
2497.745117	1426.057861
2500.78125	1448.56665
2503.816406	1455.623901
2506.850586	1441.511353
2509.882813	1467.309082
2512.915039	1502.90625
2515.945313	1487.979126
2518.974609	1480.381348
2522.00293	1438.507813
2525.030273	1406.397583
2528.056641	1450.202515
2531.081055	1452.380005
2534.105469	1464.364868
2537.12793	1459.191406
2540.149414	1450.742676
2543.169922	1451.286133
2546.188477	1443.645752
2549.207031	1461.379028
2552.223633	1478.306274
2555.239258	1482.136841
2558.254883	1485.969849
2561.267578	1487.345703
2564.280273	1475.598389
2567.291992	1499.125244
2570.301758	1452.076538
2573.311523	1499.424927
2576.319336	1478.627197
2579.326172	1495.614868
2582.332031	1512.614868
2585.335938	1487.685791
2588.339844	1501.404175
2591.341797	1489.619507
2594.34375	1477.002441
2597.34375	1516.262939
2600.342773	1505.293457
2603.34082	1463.819336
2606.336914	1528.678223
2609.333008	1558.942017
2612.327148	1539.719238
2615.320313	1521.307373
2618.313477	1511.138916
2621.304688	1502.614746
2624.293945	1525.486084
2627.283203	1533.493774
2630.271484	1499.330688
2633.257813	1531.325562
2636.243164	1502.928711
2639.227539	1492.724487
2642.210938	1507.359009
2645.193359	1533.603271
2648.174805	1530.028809
2651.155273	1556.300293
2654.133789	1542.777466
2657.112305	1583.178467
2660.088867	1549.733154
2663.064453	1559.442261
2666.039063	1521.809204
2669.012695	1530.68335
2671.984375	1498.8302
2674.956055	1468.616211
2677.925781	1526.562378
2680.895508	1572.900146
2683.863281	1517.703003
2686.830078	1563.238281
2689.795898	1560.484253
2692.760742	1550.226807
2695.723633	1554.969116
2698.686523	1522.181396
2701.647461	1551.113159
2704.608398	1534.992798
2707.567383	1617.389771
2710.525391	1597.104736
2713.482422	1597.694702
2716.438477	1619.182861
2719.392578	1627.306763
2722.34668	1647.147827
2725.299805	1609.26062
2728.250977	1640.829224
2731.201172	1627.19751
2734.150391	1626.121948
2737.098633	1635.102295
2740.045898	1599.654053
2742.992188	1627.081909
2745.9375	1651.173584
2748.881836	1589.671997
2751.824219	1596.974365
2754.765625	1574.883789
2757.707031	1604.031738
2760.646484	1595.375854
2763.584961	1628.756348
2766.522461	1629.355347
2769.458984	1618.173462
2772.393555	1606.983154
2775.328125	1623.573608
2778.261719	1582.049438
2781.193359	1627.294678
2784.124023	1638.008545
2787.054688	1598.129395
2789.983398	1605.465088
2792.911133	1590.862793
2795.837891	1602.421875
2798.762695	1635.947998
2801.6875	1659.359741
2804.611328	1643.063965
2807.533203	1625.064819
2810.455078	1655.263672
2813.375	1624.563232
2816.293945	1595.532715
2819.211914	1681.638062
2822.129883	1630.583008
2825.045898	1697.27417
2827.959961	1709.762451
2830.874023	1672.228271
2833.787109	1711.012817
2836.698242	1726.064453
2839.609375	1765.745239
2842.518555	1845.368286
2845.427734	1918.252808
2848.334961	2082.973389
2851.241211	2064.180176
2854.146484	2189.101563
2857.050781	2233.289795
2859.954102	2232.4021
2862.856445	2297.922363
2865.757813	2363.489746
2868.657227	2477.669434
2871.556641	2607.273926
2874.454102	2655.971436
2877.351563	2670.585693
2880.24707	2692.036133
2883.141602	2670.823242
2886.036133	2734.982178
2888.928711	2755.623535
2891.820313	2753.207764
2894.710938	2814.900391
2897.599609	2813.358154
2900.488281	2840.898926
2903.375977	2853.911621
2906.262695	2902.887207
2909.147461	2963.886963
2912.032227	3097.748047
2914.915039	3182
2917.797852	3214.874756
2920.678711	3403
2923.558594	3387.075439
2926.4375	3462.111328
2929.31543	3478.820068
2932.192383	3553.083252
2935.068359	3609.356934
2937.943359	3539.327393
2940.817383	3516.534668
2943.69043	3414.595459
2946.561523	3291.931885
2949.432617	3120.978516
2952.301758	3011.033936
2955.170898	3044.85376
2958.038086	2904.642578
2960.905273	2930.689453
2963.770508	2806.717773
2966.634766	2810.319336
2969.499023	2673.269775
2972.361328	2754.513672
2975.222656	2676.063477
2978.083008	2610.513428
2980.942383	2562.19873
2983.800781	2500.01709
2986.657227	2381.580078
2989.513672	2362.541504
2992.369141	2263.872314
2995.223633	2251.702148
2998.076172	2188.427734
3000.928711	2140.701172
3003.779297	2021.008423
3006.629883	1956.714111
3009.478516	1916.656616
3012.327148	1882.642822
3015.173828	1865.961914
3018.019531	1833.640869
3020.865234	1788.268677
3023.708984	1760.239868
3026.551758	1740.881836
3029.393555	1755.418091
3032.234375	1755.178467
3035.074219	1765.37915
3037.913086	1740.771362
3040.750977	1768.387329
3043.587891	1761.182251
3046.423828	1711.276978
3049.258789	1791.208984
3052.091797	1754.356934
3054.924805	1740.156982
3057.756836	1833.272583
3060.586914	1889.793457
3063.416992	1893.089355
3066.246094	1824.759521
3069.073242	1842.88855
3071.900391	1778.861694
3074.725586	1757.636475
3077.550781	1743.393799
3080.374023	1699.388062
3083.196289	1706.122681
3086.018555	1744.386963
3088.838867	1711.721313
3091.658203	1728.9823
3094.477539	1693.657227
3097.294922	1695.138306
3100.111328	1712.410767
3102.926758	1639.305176
3105.741211	1686.417236
3108.554688	1639.595459
3111.367188	1693.768677
3114.178711	1681.189453
3116.990234	1730.140503
3119.799805	1693.819458
3122.607422	1713.776855
3125.415039	1661.581909
3128.22168	1662.172852
3131.027344	1722.651489
3133.832031	1686.261108
3136.635742	1653.369751
3139.438477	1656.602051
3142.240234	1710.107544
3145.041016	1709.832397
3147.839844	1663.662476
3150.638672	1658.955444
3153.436523	1611.85083
3156.233398	1672.501709
3159.02832	1663.372437
3161.823242	1672.803467
3164.617188	1669.858276
3167.410156	1639.482788
3170.201172	1665.730835
3172.992188	1668.091309
3175.782227	1659.824585
3178.570313	1638.261108
3181.358398	1675.180542
3184.144531	1681.979492
3186.930664	1635.564941
3189.71582	1662.761353
3192.499023	1690.864136
3195.282227	1697.676758
3198.063477	1701.829102
3200.844727	1671.629639
