399.333984	1447.884155
403.220703	1454.235474
407.103516	1451.049683
410.986328	1468.226196
414.867188	1423.657471
418.748047	1434.466431
422.625	1435.088257
426.501953	1416.584473
430.375	1422.938477
434.248047	1433.126099
438.119141	1438.853638
441.988281	1429.897095
445.855469	1390.264893
449.722656	1433.691895
453.585938	1379.957886
457.449219	1436.851807
461.310547	1411.232422
465.169922	1459.224121
469.027344	1451.527466
472.882813	1414.985596
476.736328	1458.552002
480.589844	1423.26355
484.441406	1395.644409
488.289063	1434.763916
492.136719	1396.849365
495.984375	1426.364746
499.828125	1397.411865
503.669922	1455.890015
507.511719	1447.510864
511.351563	1456.501709
515.189453	1457.129272
519.025391	1460.33374
522.859375	1457.095947
526.691406	1462.881104
530.523438	1455.125732
534.351563	1448.653809
538.179688	1433.138184
542.005859	1454.421265
545.830078	1462.153931
549.654297	1463.428955
553.474609	1475.05127
557.294922	1443.984741
561.113281	1441.368896
564.927734	1430.332886
568.744141	1454.26709
572.556641	1451.00293
576.367188	1419.208862
580.177734	1417.223267
583.986328	1424.320068
587.792969	1425.580078
591.597656	1403.460449
595.400391	1433.299805
599.201172	1408.563721
603.001953	1442.331665
606.800781	1454.008911
610.597656	1429.248657
614.392578	1429.860474
618.185547	1453.922852
621.976563	1479.960327
625.767578	1456.470947
629.556641	1408.176147
633.34375	1440.098877
637.128906	1442.672852
640.912109	1474.636719
644.693359	1462.199707
648.474609	1478.511353
652.253906	1439.254272
656.03125	1497.437256
659.806641	1492.186157
663.580078	1485.620605
667.353516	1498.0448
671.123047	1446.914551
674.892578	1498.667114
678.660156	1495.370728
682.425781	1480.916748
686.191406	1493.363281
689.953125	1515.670532
693.714844	1475.58313
697.474609	1480.154907
701.232422	1536.018433
704.988281	1541.276855
708.744141	1526.138062
712.498047	1548.513794
716.248047	1555.100098
719.998047	1584.754639
723.748047	1575.539917
727.494141	1553.786255
731.240234	1578.858276
734.982422	1588.769653
738.724609	1566.332153
742.464844	1602.670776
746.205078	1607.977173
749.941406	1604.692261
753.677734	1652.336914
757.412109	1617.303345
761.144531	1627.919434
764.875	1661.0625
768.605469	1614.722656
772.332031	1624.024048
776.058594	1628.690796
779.783203	1691.079346
783.505859	1688.476685
787.228516	1681.223389
790.947266	1689.906006
794.666016	1674.00708
798.382813	1680.698608
802.097656	1634.851196
805.8125	1656.834961
809.523438	1668.186035
813.234375	1721.501587
816.943359	1737.552246
820.650391	1676.299561
824.357422	1715.681885
828.060547	1714.404785
831.763672	1713.126221
835.464844	1709.84314
839.164063	1694.534058
842.861328	1754.71936
846.558594	1703.985229
850.253906	1713.397461
853.947266	1716.795776
857.638672	1720.196411
861.328125	1712.21582
865.017578	1698.198975
868.705078	1679.478638
872.390625	1707.674561
876.074219	1732.540039
879.755859	1680.928589
883.4375	1708.488037
887.117188	1674.955078
890.794922	1693.799805
894.470703	1733.496948
898.146484	1734.897705
901.818359	1684.499512
905.490234	1678.476929
909.160156	1708.133057
912.830078	1689.316528
916.496094	1722.370483
920.162109	1722.418945
923.826172	1748.094971
927.488281	1705.647095
931.148438	1711.087158
934.808594	1737.4646
938.466797	1714.54834
942.123047	1719.997559
945.777344	1723.422485
949.429688	1704.528564
953.082031	1715.392456
956.732422	1756.051514
960.380859	1745.273071
964.027344	1740.583008
967.673828	1755.545166
971.318359	1738.648682
974.960938	1738.018799
978.601563	1714.991821
982.240234	1711.634766
985.878906	1707.595215
989.515625	1743.643311
993.150391	1747.090698
996.783203	1766.182373
1000.416016	1836.317139
1004.044922	1843.209229
1007.673828	1781.332031
1011.302734	1769.131714
1014.927734	1758.965332
1018.552734	1735.154175
1022.175781	1716.779297
1025.796875	1790.506836
1029.416016	1787.156982
1033.035156	1807.023193
1036.650391	1776.3479
1040.265625	1777.770874
1043.880859	1760.732422
1047.492188	1764.885376
1051.103516	1734.823853
1054.712891	1761.561401
1058.320313	1817.772217
1061.925781	1848.676758
1065.53125	1823.396606
1069.134766	1828.95459
1072.736328	1796.097534
1076.335938	1842.141968
1079.935547	1856.639404
1083.533203	1853.975586
1087.128906	1860.929688
1090.722656	1852.764526
1094.316406	1852.157593
1097.90625	1858.430054
1101.496094	1853.69397
1105.085938	1859.971313
1108.671875	1864.87561
1112.257813	1875.296997
1115.841797	1840.910278
1119.423828	1863.05542
1123.003906	1873.487427
1126.583984	1866.669312
1130.162109	1859.154297
1133.738281	1848.869019
1137.314453	1836.501099
1140.886719	1821.356567
1144.458984	1804.81543
1148.029297	1838.779907
1151.599609	1856.155884
1155.166016	1881.164551
1158.732422	1850.760742
1162.296875	1868.854858
1165.861328	1893.898315
1169.421875	1916.18689
1172.982422	1921.141968
1176.541016	1898.327026
1180.097656	1911.613281
1183.654297	1883.910156
1187.208984	1924.313354
1190.761719	1918.847168
1194.3125	1946.773071
1197.863281	1912.07605
1201.412109	1986.676392
1204.958984	1979.134888
1208.503906	1967.405151
1212.048828	1987.039551
1215.591797	1999.714722
1219.132813	2009.608521
1222.671875	2018.113892
1226.210938	2047.576416
1229.748047	2021.171143
1233.283203	2046.464478
1236.816406	2066.184326
1240.349609	2087.318848
1243.880859	2084.677246
1247.410156	2067.331299
1250.939453	2080.086426
1254.464844	2094.953125
1257.990234	2093.009033
1261.513672	2113.502197
1265.037109	2082.099365
1268.558594	2104.709229
1272.078125	2081.700928
1275.595703	2161.220703
1279.111328	2082.705078
1282.626953	2123.626709
1286.140625	2111.838379
1289.652344	2150.693848
1293.164063	2183.949951
1296.673828	2209.487793
1300.181641	2175.876465
1303.6875	2231.732178
1307.193359	2240.399658
1310.697266	2189.126709
1314.199219	2219.654785
1317.699219	2259.383057
1321.199219	2227.118652
1324.697266	2237.211914
1328.193359	2223.284912
1331.689453	2248.230713
1335.181641	2273.90332
1338.673828	2331.437012
1342.166016	2297.703369
1345.654297	2311.387451
1349.142578	2278.325439
1352.628906	2211.926025
1356.115234	2230.553223
1359.597656	2249.904297
1363.080078	2230.952637
1366.5625	2214.114746
1370.041016	2254.075928
1373.519531	2272.044922
1376.996094	2220.374512
1380.470703	2197.103271
1383.945313	2197.286133
1387.417969	2196.756836
1390.888672	2221.143311
1394.357422	2228.456543
1397.826172	2226.512695
1401.292969	2233.119873
1404.757813	2183.399902
1408.222656	2222.094727
1411.683594	2245.120361
1415.144531	2232.467529
1418.605469	2266.228271
1422.0625	2257.14502
1425.519531	2247.339111
1428.976563	2237.524658
1432.429688	2252.024658
1435.882813	2320.211182
1439.333984	2380.576904
1442.783203	2362.203125
1446.232422	2402.570557
1449.679688	2389.924072
1453.125	2401.64917
1456.570313	2384.686523
1460.011719	2465.317383
1463.453125	2382.310059
1466.894531	2371.063232
1470.332031	2364.118408
1473.769531	2330.569336
1477.207031	2320.724365
1480.640625	2351.1604
1484.074219	2315.404053
1487.505859	2308.419678
1490.935547	2275.497314
1494.365234	2247.592041
1497.792969	2208.850098
1501.21875	2207.578613
1504.644531	2237.329346
1508.066406	2215.135498
1511.490234	2201.587891
1514.910156	2249.429688
1518.330078	2266.235352
1521.748047	2265.703369
1525.164063	2255.768311
1528.580078	2295.747803
1531.992188	2311.149414
1535.40625	2257.772461
1538.816406	2302.145752
1542.226563	2300.174072
1545.634766	2383.748535
1549.041016	2364.400146
1552.447266	2435.731934
1555.851563	2400.418945
1559.253906	2366.529053
1562.65625	2394.359375
1566.056641	2405.496338
1569.455078	2431.182129
1572.851563	2436.523193
1576.248047	2436.046875
1579.642578	2452.311523
1583.035156	2440.188965
1586.427734	2375.604492
1589.818359	2418.827637
1593.207031	2429.276367
1596.595703	2428.792236
1599.982422	2445.819092
1603.367188	2435.12085
1606.751953	2430.255371
1610.132813	2442.918213
1613.513672	2466.552979
1616.894531	2421.480469
1620.273438	2415.136475
1623.650391	2419.030518
1627.025391	2372.418945
1630.400391	2423.897217
1633.773438	2449.042725
1637.144531	2388.460693
1640.513672	2441.47168
1643.882813	2451.983154
1647.251953	2477.911621
1650.617188	2484.774658
1653.982422	2468.143311
1657.345703	2523.493164
1660.707031	2523.766357
1664.068359	2528.450684
1667.427734	2486.064453
1670.787109	2486.321289
1674.142578	2464.494141
1677.498047	2490.515381
1680.853516	2467.197998
1684.205078	2434.280518
1687.556641	2381.429443
1690.90625	2386.804443
1694.255859	2421.697998
1697.603516	2348.846436
1700.949219	2316.551514
1704.294922	2310.825439
1707.638672	2322.092529
1710.980469	2317.102295
1714.320313	2266.989502
1717.660156	2280.470703
1720.998047	2307.285889
1724.335938	2365.964355
1727.669922	2292.083008
1731.003906	2326.344238
1734.337891	2300.578369
1737.669922	2318.551758
1741	2322.440918
1744.328125	2317.425293
1747.65625	2297.553223
1750.982422	2338.581055
1754.306641	2338.766357
1757.630859	2298.060303
1760.953125	2336.904053
1764.273438	2291.699463
1767.59375	2308.984131
1770.912109	2274.156494
1774.228516	2249.72998
1777.544922	2343.031494
1780.859375	2310.410645
1784.171875	2314.309326
1787.484375	2283.142578
1790.792969	2278.821777
1794.103516	2322.286865
1797.410156	2285.855469
1800.716797	2332.345703
1804.023438	2337.753906
1807.326172	2316.989502
1810.628906	2297.70459
1813.929688	2287.385742
1817.230469	2316.743652
1820.529297	2329.644531
1823.826172	2290.098389
1827.123047	2293.251953
1830.417969	2319.656738
1833.710938	2300.315186
1837.001953	2393.54248
1840.292969	2341.927002
1843.583984	2316.560547
1846.871094	2312.965576
1850.158203	2312.374268
1853.443359	2353.89624
1856.728516	2338.272705
1860.011719	2299.304443
1863.292969	2325.810059
1866.574219	2395.270264
1869.853516	2327.642578
1873.130859	2322.528564
1876.408203	2296.294434
1879.683594	2348.498535
1882.957031	2357.724365
1886.230469	2337.511475
1889.501953	2329.367188
1892.771484	2346.906494
1896.041016	2333.466797
1899.308594	2333.627686
1902.574219	2286.885498
1905.839844	2311.244385
1909.103516	2306.852539
1912.365234	2328.965332
1915.626953	2348.821533
1918.886719	2364.903076
1922.146484	2343.841064
1925.402344	2372.827881
1928.658203	2398.04248
1931.914063	2385.317627
1935.167969	2323.216797
1938.419922	2340.842285
1941.669922	2338.719238
1944.919922	2363.206787
1948.167969	2377.063721
1951.416016	2351.36084
1954.662109	2336.295166
1957.90625	2360.817627
1961.150391	2385.358887
1964.392578	2392.389404
1967.632813	2375.788818
1970.873047	2420.957275
1974.111328	2381.462402
1977.347656	2388.5
1980.583984	2375.687744
1983.818359	2321.612305
1987.050781	2353.852783
1990.283203	2365.475586
1993.513672	2359.515625
1996.744141	2405.57959
1999.970703	2317.728027
2003.199219	2327.05542
2006.423828	2347.879883
2009.648438	2411.634521
2012.871094	2358.910889
2016.09375	2376.702637
2019.314453	2367.655029
2022.533203	2349.389404
2025.751953	2371.803711
2028.96875	2340.466064
2032.183594	2319.093262
2035.398438	2365.350342
2038.611328	2350.890625
2041.824219	2328.72583
2045.035156	2371.960693
2048.244141	2371.343262
2051.451172	2327.592773
2054.658203	2385.515625
2057.865234	2315.527832
2061.068359	2330.307617
2064.271484	2336.612793
2067.474609	2349.095947
2070.673828	2360.044189
2073.875	2360.960205
2077.072266	2365.739746
2080.269531	2323.374512
2083.464844	2338.966797
2086.660156	2387.058105
2089.853516	2346.197998
2093.044922	2414.455078
2096.236328	2375.895996
2099.425781	2369.844238
2102.613281	2383.162354
2105.800781	2375.556885
2108.986328	2352.432861
2112.169922	2394.466797
2115.353516	2388.407715
2118.535156	2449.899902
2121.716797	2420.552002
2124.896484	2361.650391
2128.074219	2395.214844
2131.251953	2366.587646
2134.427734	2368.280273
2137.603516	2383.205322
2140.777344	2397.362305
2143.949219	2371.026123
2147.119141	2367.266357
2150.289063	2364.282715
2153.458984	2404.966064
2156.625	2367.668213
2159.791016	2342.827637
2162.957031	2372.61792
2166.121094	2405.554932
2169.283203	2385.386475
2172.445313	2341.753174
2175.603516	2369.240967
2178.763672	2366.242676
2181.921875	2378.109375
2185.078125	2341.449219
2188.232422	2339.218018
2191.386719	2354.220215
2194.539063	2365.314697
2197.691406	2399.154297
2200.841797	2425.960205
2203.990234	2364.906494
2207.138672	2363.460938
2210.285156	2394.208496
2213.429688	2369.205566
2216.574219	2308.033691
2219.71875	2345.869385
2222.859375	2368.790771
2226	2375.994141
2229.140625	2413.897705
2232.279297	2349.473389
2235.416016	2340.922852
2238.550781	2332.36499
2241.685547	2383.708252
2244.820313	2355.445313
2247.951172	2438.390381
2251.082031	2377.769287
2254.212891	2358.154053
2257.341797	2401.705078
2260.46875	2354.429932
2263.595703	2332.4104
2266.720703	2326.977539
2269.84375	2346.851807
2272.966797	2361.992676
2276.087891	2369.22876
2279.208984	2337.667236
2282.328125	2340.9375
2285.445313	2427.421875
2288.5625	2423.592773
2291.677734	2419.76001
2294.792969	2369.112793
2297.90625	2373.192139
2301.017578	2375.686279
2304.128906	2441.726807
2307.238281	2410.079346
2310.345703	2353.76416
2313.453125	2399.19458
2316.558594	2407.269287
2319.664063	2413.757813
2322.767578	2392.385986
2325.871094	2480.109375
2328.972656	2501.769287
2332.072266	2501.128174
2335.169922	2389.654297
2338.267578	2379.396973
2341.365234	2345.192383
2344.460938	2381.208252
2347.554688	2444.401855
2350.648438	2384.617676
2353.740234	2320.791748
2356.830078	2356.05127
2359.919922	2382.539551
2363.007813	2376.244141
2366.095703	2382.749512
2369.181641	2410.87793
2372.265625	2338.902832
2375.349609	2399.888184
2378.431641	2392.782959
2381.513672	2408.927002
2384.59375	2347.268311
2387.673828	2437.237549
2390.75	2383.570068
2393.828125	2423.023438
2396.902344	2414.300537
2399.976563	2414.411621
2403.050781	2394.421387
2406.123047	2450.827637
2409.193359	2416.351074
2412.262695	2388.287598
2415.331055	2436.701416
2418.398438	2409.428711
2421.464844	2491.732422
2424.530273	2422.538086
2427.59375	2436.357422
2430.65625	2409.041016
2433.717773	2408.337402
2436.77832	2459.305176
2439.837891	2404.503418
2442.895508	2431.267334
2445.953125	2432.185059
2449.008789	2395.907227
2452.063477	2461.524414
2455.117188	2443.031738
2458.168945	2439.905518
2461.220703	2453.782959
2464.270508	2415.01123
2467.319336	2436.99292
2470.367188	2424.128662
2473.413086	2409.631836
2476.458984	2444.616455
2479.50293	2410.635498
2482.545898	2381.5
2485.587891	2446.565918
2488.628906	2406.044922
2491.668945	2458.161865
2494.707031	2469.657715
2497.745117	2437.23291
2500.78125	2449.54248
2503.816406	2416.270508
2506.850586	2480.702637
2509.882813	2447.41626
2512.915039	2420.624512
2515.945313	2395.442627
2518.974609	2459.961426
2522.00293	2464.148438
2525.030273	2456.9104
2528.056641	2484.77832
2531.081055	2462.020996
2534.105469	2471.115723
2537.12793	2426.263428
2540.149414	2456.612793
2543.169922	2496.80127
2546.188477	2439.630371
2549.207031	2463.467529
2552.223633	2475.855957
2555.239258	2523.483398
2558.254883	2499.019287
2561.267578	2467.157227
2564.280273	2491.866699
2567.291992	2494.439453
2570.301758	2432.987549
2573.311523	2490.556396
2576.319336	2448.770996
2579.326172	2507.209229
2582.332031	2426.760498
2585.335938	2447.403564
2588.339844	2445.849121
2591.341797	2443.469727
2594.34375	2492.132813
2597.34375	2538.36084
2600.342773	2479.985596
2603.34082	2441.347412
2606.336914	2488.430908
2609.333008	2533.899414
2612.327148	2518.340332
2615.320313	2469.751221
2618.313477	2488.837646
2621.304688	2492.242188
2624.293945	2493.996094
2627.283203	2456.896729
2630.271484	2533.893555
2633.257813	2476.925293
2636.243164	2491.915527
2639.227539	2518.506836
2642.210938	2550.915283
2645.193359	2451.611084
2648.174805	2511.368896
2651.155273	2506.497559
2654.133789	2469.273438
2657.112305	2517.486084
2660.088867	2495.178467
2663.064453	2486.969971
2666.039063	2545.209229
2669.012695	2522.885254
2671.984375	2536.290039
2674.956055	2532.240234
2677.925781	2593.908203
2680.895508	2530.787842
2683.863281	2500.089111
2686.830078	2536.82666
2689.795898	2545.263916
2692.760742	2546.205811
2695.723633	2519.633545
2698.686523	2539.749268
2701.647461	2605.77002
2704.608398	2556.651855
2707.567383	2539.226807
2710.525391	2539.329834
2713.482422	2526.062256
2716.438477	2547.893311
2719.392578	2531.273193
2722.34668	2578.217285
2725.299805	2615.153076
2728.250977	2580.957275
2731.201172	2605.358398
2734.150391	2608.83252
2737.098633	2616.498779
2740.045898	2568.836426
2742.992188	2613.395508
2745.9375	2602.612061
2748.881836	2544.818115
2751.824219	2612.085693
2754.765625	2576.090088
2757.707031	2603.085693
2760.646484	2635.143799
2763.584961	2573.88916
2766.522461	2644.653076
2769.458984	2606.075684
2772.393555	2538.006348
2775.328125	2588.623047
2778.261719	2621.585693
2781.193359	2591.367676
2784.124023	2583.045898
2787.054688	2622.787598
2789.983398	2573.974854
2792.911133	2608.67749
2795.837891	2609.634277
2798.762695	2535.423828
2801.6875	2579.442627
2804.611328	2588.839844
2807.533203	2581.333496
2810.455078	2638.94873
2813.375	2672.067871
2816.293945	2587.556152
2819.211914	2578.342529
2822.129883	2616.556396
2825.045898	2661.57666
2827.959961	2617.623291
2830.874023	2678.787598
2833.787109	2703.519043
2836.698242	2723.176514
2839.609375	2712.286621
2842.518555	2861.042725
2845.427734	2885.874512
2848.334961	3054.3479
2851.241211	3083.517822
2854.146484	3088.044922
2857.050781	3165.741455
2859.954102	3139.661133
2862.856445	3238.716797
2865.757813	3245.007568
2868.657227	3338.208252
2871.556641	3412.724609
2874.454102	3453.189209
2877.351563	3526.094482
2880.24707	3573.454102
2883.141602	3532.929688
2886.036133	3499.206055
2888.928711	3598.710938
2891.820313	3537.641113
2894.710938	3586.796875
2897.599609	3669.337402
2900.488281	3658.69458
2903.375977	3758.43457
2906.262695	3702.443848
2909.147461	3767.159424
2912.032227	3909.878662
2914.915039	3970.429932
2917.797852	4044.740967
2920.678711	4091.661377
2923.558594	4090.571289
2926.4375	4139.257324
2929.31543	4261.812012
2932.192383	4272.803711
2935.068359	4249.435547
2937.943359	4250.115234
2940.817383	4161.375977
2943.69043	4014.084961
2946.561523	4001.770996
2949.432617	3881.856689
2952.301758	3812.656006
2955.170898	3729.622803
2958.038086	3763.713867
2960.905273	3678.877197
2963.770508	3568.110107
2966.634766	3593.55127
2969.499023	3517.187744
2972.361328	3535.72168
2975.222656	3484.322754
2978.083008	3436.341064
2980.942383	3404.74292
2983.800781	3343.729736
2986.657227	3228.190918
2989.513672	3203.4021
2992.369141	3157.824951
2995.223633	3096.631592
2998.076172	3036.259521
3000.928711	2947.25415
3003.779297	2987.313965
3006.629883	2854.87793
3009.478516	2892.330078
3012.327148	2829.169678
3015.173828	2792.867676
3018.019531	2733.097412
3020.865234	2683.705811
3023.708984	2714.209961
3026.551758	2726.483398
3029.393555	2668.339844
3032.234375	2668.427979
3035.074219	2716.369385
3037.913086	2710.380859
3040.750977	2669.55957
3043.587891	2726.261475
3046.423828	2730.723877
3049.258789	2691.607422
3052.091797	2747.504395
3054.924805	2774.65625
3057.756836	2780.885254
3060.586914	2718.160156
3063.416992	2699.922607
3066.246094	2757.666748
3069.073242	2717.583496
3071.900391	2713.310547
3074.725586	2675.804688
3077.550781	2701.254395
3080.374023	2659.341064
3083.196289	2688.303223
3086.018555	2666.495117
3088.838867	2629.778564
3091.658203	2611.437988
3094.477539	2579.934326
3097.294922	2591.37793
3100.111328	2665.991943
3102.926758	2632.717041
3105.741211	2607.318848
3108.554688	2592.440186
3111.367188	2662.766113
3114.178711	2641.743652
3116.990234	2669.937256
3119.799805	2630.432861
3122.607422	2617.292725
3125.415039	2621.743896
3128.22168	2584.81958
3131.027344	2643.864746
3133.832031	2670.354004
3136.635742	2645.744141
3139.438477	2619.353271
3142.240234	2629.984863
3145.041016	2571.806641
3147.839844	2640.677979
3150.638672	2691.939941
3153.436523	2606.340576
3156.233398	2613.449463
3159.02832	2609.072998
3161.823242	2620.607422
3164.617188	2613.575928
3167.410156	2636.62085
3170.201172	2658.796631
3172.992188	2677.445801
3175.782227	2646.507813
3178.570313	2657.19043
3181.358398	2597.859375
3184.144531	2615.624268
3186.930664	2678.636719
3189.71582	2624.572021
3192.499023	2613.072998
3195.282227	2604.229004
3198.063477	2650.447754
3200.844727	2661.994629
