399.333984	1314.409302
403.220703	1333.420044
407.103516	1281.198608
410.986328	1284.300171
414.867188	1274.033325
418.748047	1274.585815
422.625	1268.128662
426.501953	1248.277466
430.375	1252.007324
434.248047	1252.549683
438.119141	1234.579834
441.988281	1244.693848
445.855469	1247.149414
449.722656	1253.441772
453.585938	1256.54187
457.449219	1236.61377
461.310547	1265.309082
465.169922	1263.294922
469.027344	1240.780518
472.882813	1228.499756
476.736328	1245.699585
480.589844	1209.036377
484.441406	1218.54187
488.289063	1241.536255
492.136719	1237.576416
495.984375	1229.75769
499.828125	1241.215454
503.669922	1236.606201
507.511719	1240.999268
511.351563	1221.582153
515.189453	1242.069092
519.025391	1258.708496
522.859375	1270.850586
526.691406	1271.397705
530.523438	1297.745117
534.351563	1275.073486
538.179688	1266.584229
542.005859	1234.83728
545.830078	1259.920532
549.654297	1264.340576
553.474609	1256.477295
557.294922	1263.486572
561.113281	1258.851563
564.927734	1241.262207
568.744141	1242.442871
572.556641	1207.981079
576.367188	1229.246216
580.177734	1207.072144
583.986328	1229.652222
587.792969	1253.549683
591.597656	1232.005737
595.400391	1249.426758
599.201172	1166.111328
603.001953	1225.136475
606.800781	1217.854492
610.597656	1226.836914
614.392578	1214.3396
618.185547	1242.21814
621.976563	1238.187866
625.767578	1247.844849
629.556641	1237.942749
633.34375	1237.819458
637.128906	1252.709961
640.912109	1260.429077
644.693359	1277.954712
648.474609	1235.360962
652.253906	1267.930054
656.03125	1261.275269
659.806641	1287.992188
663.580078	1260.387695
667.353516	1291.711548
671.123047	1277.19043
674.892578	1298.058105
678.660156	1260.571289
682.425781	1274.887573
686.191406	1278.056396
689.953125	1249.705811
693.714844	1283.087158
697.474609	1330.956299
701.232422	1347.961426
704.988281	1307.75
708.744141	1303.699585
712.498047	1336.514893
716.248047	1337.08313
719.998047	1338.310547
723.748047	1338.879272
727.494141	1360.552246
731.240234	1349.25415
734.982422	1356.427734
738.724609	1393.982788
742.464844	1348.330933
746.205078	1402.436279
749.941406	1368.64978
753.677734	1415.532837
757.412109	1392.310303
761.144531	1392.238525
764.875	1382.231812
768.605469	1391.431152
772.332031	1409.255127
776.058594	1440.356812
779.783203	1444.283936
783.505859	1438.921875
787.228516	1426.915161
790.947266	1426.854614
794.666016	1433.439209
798.382813	1438.034424
802.097656	1447.954102
805.8125	1409.973267
809.523438	1476.471069
813.234375	1417.824707
816.943359	1435.74585
820.650391	1496.338989
824.357422	1453.628662
828.060547	1439.566406
831.763672	1430.163452
835.464844	1440.113892
839.164063	1452.744019
842.861328	1436.651367
846.558594	1482.714478
850.253906	1482.670654
853.947266	1471.252441
857.638672	1508.016479
861.328125	1462.447998
865.017578	1445.646362
868.705078	1460.328735
872.390625	1453.568237
876.074219	1442.777222
879.755859	1452.778564
883.4375	1482.927246
887.117188	1455.343872
890.794922	1451.924438
894.470703	1459.928345
898.146484	1440.36853
901.818359	1462.500732
905.490234	1456.384888
909.160156	1463.729248
912.830078	1473.773682
916.496094	1463.610596
920.162109	1454.112549
923.826172	1467.536499
927.488281	1474.224243
931.148438	1468.092529
934.808594	1435.619751
938.466797	1466.621216
942.123047	1450.339844
945.777344	1448.242798
949.429688	1481.316528
953.082031	1411.561646
956.732422	1462.924927
960.380859	1446.605835
964.027344	1462.794312
967.673828	1453.916748
971.318359	1424.688354
974.960938	1451.0625
978.601563	1436.738281
982.240234	1450.23877
985.878906	1471.22168
989.515625	1482.708374
993.150391	1473.810303
996.783203	1494.828125
1000.416016	1568.932007
1004.044922	1610.425781
1007.673828	1528.023315
1011.302734	1512.992554
1014.927734	1474.096069
1018.552734	1507.436523
1022.175781	1488.966675
1025.796875	1504.598999
1029.416016	1504.543091
1033.035156	1516.096558
1036.650391	1451.139648
1040.265625	1503.005859
1043.880859	1487.904419
1047.492188	1477.578491
1051.103516	1514.463623
1054.712891	1500.716187
1058.320313	1519.147949
1061.925781	1486.20459
1065.53125	1492.306152
1069.134766	1538.187134
1072.736328	1522.360718
1076.335938	1529.856323
1079.935547	1568.256104
1083.533203	1560.664063
1087.128906	1559.937378
1090.722656	1542.022583
1094.316406	1548.852173
1097.90625	1581.833008
1101.496094	1555.643677
1105.085938	1567.995117
1108.671875	1595.512329
1112.257813	1547.92981
1115.841797	1564.428955
1119.423828	1579.56189
1123.003906	1580.906006
1126.583984	1609.173828
1130.162109	1538.015137
1133.738281	1565.596802
1137.314453	1566.935547
1140.886719	1557.211426
1144.458984	1535.71875
1148.029297	1524.588623
1151.599609	1561.912598
1155.166016	1544.549683
1158.732422	1559.73877
1162.296875	1535.427856
1165.861328	1545.770508
1169.421875	1587.340942
1172.982422	1589.384033
1176.541016	1592.122803
1180.097656	1561.521362
1183.654297	1537.148438
1187.208984	1555.8573
1190.761719	1564.149048
1194.3125	1557.140137
1197.863281	1571.702881
1201.412109	1608.560303
1204.958984	1593.200073
1208.503906	1651.700439
1212.048828	1646.802612
1215.591797	1662.825195
1219.132813	1667.696045
1222.671875	1687.229736
1226.210938	1738.2052
1229.748047	1752.19397
1233.283203	1757.806763
1236.816406	1737.552612
1240.349609	1731.271484
1243.880859	1735.481567
1247.410156	1764.197388
1250.939453	1784.531982
1254.464844	1752.33374
1257.990234	1775.48291
1261.513672	1760.784424
1265.037109	1795.179443
1268.558594	1751.000122
1272.078125	1737.67627
1275.595703	1741.197998
1279.111328	1800.935547
1282.626953	1779.881836
1286.140625	1766.546021
1289.652344	1798.224854
1293.164063	1837.671143
1296.673828	1863.067139
1300.181641	1855.376831
1303.6875	1847.679688
1307.193359	1920.342651
1310.697266	1895.738525
1314.199219	1920.502319
1317.699219	1876.81958
1321.199219	1856.402832
1324.697266	1899.546143
1328.193359	1891.841675
1331.689453	1935.740723
1335.181641	1962.700439
1338.673828	1954.303223
1342.166016	1974.212891
1345.654297	1908.452637
1349.142578	1914.898682
1352.628906	1914.262085
1356.115234	1865.411743
1359.597656	1867.590698
1363.080078	1891.058716
1366.5625	1855.625366
1370.041016	1917.455811
1373.519531	1857.847778
1376.996094	1826.620605
1380.470703	1843.718018
1383.945313	1833.087158
1387.417969	1880.088013
1390.888672	1823.188477
1394.357422	1844.583618
1397.826172	1845.333618
1401.292969	1843.945435
1404.757813	1811.180908
1408.222656	1825.470581
1411.683594	1877.59436
1415.144531	1847.657837
1418.605469	1874.834351
1422.0625	1852.730957
1425.519531	1889.937866
1428.976563	1893.565063
1432.429688	1884.317871
1435.882813	1910.846313
1439.333984	1943.839478
1442.783203	2010.522827
1446.232422	2072.243896
1449.679688	2083.119141
1453.125	2060.298096
1456.570313	2032.435913
1460.011719	2050.483887
1463.453125	2003.208252
1466.894531	1994.681274
1470.332031	1953.092407
1473.769531	1920.814575
1477.207031	1922.310669
1480.640625	1930.282471
1484.074219	1880.68103
1487.505859	1890.081543
1490.935547	1840.422852
1494.365234	1806.576904
1497.792969	1859.21167
1501.21875	1817.411987
1504.644531	1802.272949
1508.066406	1841.97644
1511.490234	1792.174927
1514.910156	1822.514771
1518.330078	1830.476318
1521.748047	1813.863892
1525.164063	1844.247803
1528.580078	1830.52063
1531.992188	1872.515991
1535.40625	1876.16687
1538.816406	1917.489014
1542.226563	1896.520386
1545.634766	1908.883789
1549.041016	1947.366455
1552.447266	1978.624023
1555.851563	1977.242554
1559.253906	1948.991821
1562.65625	1957.766479
1566.056641	1946.199097
1569.455078	1965.884155
1572.851563	1993.585083
1576.248047	2011.121216
1579.642578	1979.17334
1583.035156	2016.378052
1586.427734	2022.287109
1589.818359	1988.846191
1593.207031	1983.082642
1596.595703	1914.588501
1599.982422	1985.403931
1603.367188	2043.866455
1606.751953	2034.462524
1610.132813	2011.900879
1613.513672	1984.204834
1616.894531	1967.452881
1620.273438	2034.068604
1623.650391	1991.712402
1627.025391	1977.137817
1630.400391	2026.993164
1633.773438	1997.768311
1637.144531	1999.300659
1640.513672	2096.14624
1643.882813	2082.31543
1647.251953	2046.459961
1650.617188	2104.534424
1653.982422	2094.360352
1657.345703	2110.624756
1660.707031	2117.347412
1664.068359	2135.838623
1667.427734	2120.51001
1670.787109	2093.395508
1674.142578	2068.467285
1677.498047	2064.874268
1680.853516	2053.911133
1684.205078	2050.30835
1687.556641	1999.516113
1690.90625	2005.476318
1694.255859	1973.809326
1697.603516	1923.662354
1700.949219	1894.890381
1704.294922	1934.060425
1707.638672	1881.619141
1710.980469	1877.192871
1714.320313	1874.981567
1717.660156	1889.046509
1720.998047	1887.577515
1724.335938	1864.631714
1727.669922	1848.334473
1731.003906	1891.312622
1734.337891	1919.49646
1737.669922	1869.82373
1741	1860.920776
1744.328125	1817.122681
1747.65625	1835.666382
1750.982422	1872.053467
1754.306641	1851.244629
1757.630859	1837.109985
1760.953125	1851.970459
1764.273438	1851.96106
1767.59375	1866.093872
1770.912109	1849.706909
1774.228516	1876.513306
1777.544922	1892.906982
1780.859375	1870.545532
1784.171875	1883.219849
1787.484375	1832.483154
1790.792969	1906.35791
1794.103516	1891.431641
1797.410156	1873.505005
1800.716797	1833.144409
1804.023438	1839.102905
1807.326172	1868.250488
1810.628906	1874.974854
1813.929688	1871.973633
1817.230469	1835.274292
1820.529297	1898.922363
1823.826172	1909.414551
1827.123047	1882.430786
1830.417969	1904.17334
1833.710938	1913.178101
1837.001953	1895.9198
1840.292969	1884.654175
1843.583984	1940.983276
1846.871094	1889.898804
1850.158203	1919.962158
1853.443359	1865.820068
1856.728516	1871.821899
1860.011719	1904.922974
1863.292969	1863.509277
1866.574219	1895.878906
1869.853516	1903.407349
1873.130859	1898.880005
1876.408203	1873.233276
1879.683594	1855.110107
1882.957031	1881.500244
1886.230469	1904.890747
1889.501953	1890.533813
1892.771484	1898.077515
1896.041016	1874.634888
1899.308594	1857.979126
1902.574219	1861.735107
1905.839844	1857.168945
1909.103516	1857.898315
1912.365234	1883.621582
1915.626953	1886.634155
1918.886719	1910.87207
1922.146484	1914.655029
1925.402344	1907.061768
1928.658203	1892.632202
1931.914063	1913.112915
1935.167969	1864.497314
1938.419922	1888.021118
1941.669922	1938.165161
1944.919922	1882.657715
1948.167969	1925.231445
1951.416016	1930.551025
1954.662109	1879.541382
1957.90625	1919.87793
1961.150391	1966.340332
1964.392578	1916.807739
1967.632813	1925.181885
1970.873047	1917.544556
1974.111328	1912.952881
1977.347656	1932.78418
1980.583984	1919.030273
1983.818359	1943.462158
1987.050781	1966.384277
1990.283203	1909.81189
1993.513672	1930.443237
1996.744141	1899.826294
1999.970703	1915.11084
2003.199219	1946.487305
2006.423828	1896.688599
2009.648438	1937.277344
2012.871094	1944.165649
2016.09375	1892.005615
2019.314453	1922.664795
2022.533203	1944.136963
2025.751953	1911.110107
2028.96875	1939.506714
2032.183594	1935.651367
2035.398438	1910.268433
2038.611328	1947.924683
2041.824219	1930.988281
2045.035156	1930.200195
2048.244141	1956.358154
2051.451172	1957.118774
2054.658203	1969.437378
2057.865234	1952.473999
2061.068359	1942.437012
2064.271484	1956.305664
2067.474609	1912.30603
2070.673828	1951.64917
2073.875	1897.572632
2077.072266	1879.766357
2080.269531	1937.691284
2083.464844	1926.844727
2086.660156	1950.797363
2089.853516	1910.541748
2093.044922	1942.246948
2096.236328	1925.962524
2099.425781	1951.499634
2102.613281	1894.904785
2105.800781	1968.517944
2108.986328	1928.172729
2112.169922	1929.695068
2115.353516	1927.337158
2118.535156	1949.048706
2121.716797	1945.141846
2124.896484	1965.322021
2128.074219	1963.749756
2131.251953	1927.956299
2134.427734	1932.591431
2137.603516	1940.34314
2140.777344	1951.214722
2143.949219	1963.6521
2147.119141	1916.878052
2150.289063	1939.44458
2153.458984	1905.880981
2156.625	1950.303223
2159.791016	1950.275269
2162.957031	1905.745483
2166.121094	1943.188477
2169.283203	1917.372559
2172.445313	1929.054321
2175.603516	1975.149414
2178.763672	1942.274536
2181.921875	1924.241943
2185.078125	1964.12439
2188.232422	1960.964966
2191.386719	1947.617798
2194.539063	1924.855225
2197.691406	1928.731934
2200.841797	1937.317139
2203.990234	1957.678101
2207.138672	1936.452271
2210.285156	1906.572144
2213.429688	1918.302368
2216.574219	1948.115723
2219.71875	1965.373047
2222.859375	1967.700684
2226	1922.037598
2229.140625	1902.31189
2232.279297	1899.105103
2235.416016	1900.621338
2238.550781	1966.751099
2241.685547	1922.574219
2244.820313	1947.756836
2247.951172	1946.136841
2251.082031	1946.882568
2254.212891	1927.891602
2257.341797	1976.016479
2260.46875	1931.73877
2263.595703	1941.172485
2266.720703	1907.916138
2269.84375	1953.7323
2272.966797	1945.775513
2276.087891	2001.139526
2279.208984	1978.939819
2282.328125	1946.424194
2285.445313	1950.338135
2288.5625	1952.668945
2291.677734	1981.173584
2294.792969	1973.202759
2297.90625	1941.414185
2301.017578	1968.357666
2304.128906	1959.577148
2307.238281	1978.601196
2310.345703	1934.04541
2313.453125	1987.267944
2316.558594	1968.932983
2319.664063	2002.312744
2322.767578	1966.453613
2325.871094	2026.139404
2328.972656	2107.38208
2332.072266	2053.98584
2335.169922	2020.481812
2338.267578	1963.022339
2341.365234	1980.526611
2344.460938	1960.525391
2347.554688	1954.084106
2350.648438	1966.011475
2353.740234	1969.156494
2356.830078	1953.116089
2359.919922	1963.455811
2363.007813	1986.604126
2366.095703	1946.539063
2369.181641	1971.299072
2372.265625	1928.793823
2375.349609	1971.193604
2378.431641	1923.043945
2381.513672	1959.859375
2384.59375	1956.591797
2387.673828	1970.17395
2390.75	2011.062012
2393.828125	1995.761841
2396.902344	1978.842773
2399.976563	2003.704468
2403.050781	1968.28186
2406.123047	2002.005249
2409.193359	2018.051514
2412.262695	1956.834229
2415.331055	1987.369141
2418.398438	1974.426514
2421.464844	2046.895264
2424.530273	1982.369629
2427.59375	2027.47522
2430.65625	2009.685669
2433.717773	1947.492554
2436.77832	1992.634766
2439.837891	2028.925903
2442.895508	2014.340088
2445.953125	1996.509644
2449.008789	2015.05249
2452.063477	1999.634644
2455.117188	2015.76416
2458.168945	2039.191162
2461.220703	1959.786987
2464.270508	1979.158936
2467.319336	2032.583496
2470.367188	2034.970825
2473.413086	2019.516479
2476.458984	2040.560913
2479.50293	2019.414429
2482.545898	1982.824097
2485.587891	2022.559448
2488.628906	1994.880249
2491.668945	1941.16748
2494.707031	2000.447144
2497.745117	2024.790649
2500.78125	2000.323975
2503.816406	2009.216797
2506.850586	2006.714111
2509.882813	2014.800293
2512.915039	2030.227417
2515.945313	1991.85376
2518.974609	2018.701782
2522.00293	2075.759521
2525.030273	1979.404541
2528.056641	1994.844971
2531.081055	1972.720947
2534.105469	2018.404785
2537.12793	2018.34375
2540.149414	1979.84668
2543.169922	2005.130981
2546.188477	2071.353516
2549.207031	2059.848633
2552.223633	2018.031372
2555.239258	1981.917603
2558.254883	2017.902832
2561.267578	1982.580933
2564.280273	2057.143311
2567.291992	2063.65625
2570.301758	2072.63623
2573.311523	2030.710815
2576.319336	2052.006104
2579.326172	2074.138428
2582.332031	2080.66748
2585.335938	2055.950684
2588.339844	2082.221191
2591.341797	2013.043823
2594.34375	2012.148193
2597.34375	2064.786133
2600.342773	2091.921387
2603.34082	2099.294922
2606.336914	2062.148926
2609.333008	2089.312256
2612.327148	2081.839111
2615.320313	2071.058105
2618.313477	2099.079346
2621.304688	2038.731812
2624.293945	2037.011475
2627.283203	2089.023682
2630.271484	2107.994385
2633.257813	2064.104248
2636.243164	2095.493164
2639.227539	2105.37915
2642.210938	2086.28418
2645.193359	2123.514404
2648.174805	2125.13208
2651.155273	2099.388672
2654.133789	2088.555664
2657.112305	2070.246338
2660.088867	2107.537598
2663.064453	2074.273926
2666.039063	2101.625244
2669.012695	2143.122803
2671.984375	2114.822021
2674.956055	2135.564209
2677.925781	2118.885254
2680.895508	2153.79126
2683.863281	2138.770752
2686.830078	2113.744629
2689.795898	2146.186523
2692.760742	2107.80835
2695.723633	2162.782715
2698.686523	2136.892334
2701.647461	2165.217041
2704.608398	2170.190918
2707.567383	2186.022949
2710.525391	2165.112793
2713.482422	2171.761963
2716.438477	2208.508545
2719.392578	2180.89209
2722.34668	2175.841309
2725.299805	2229.365723
2728.250977	2195.027588
2731.201172	2231.010742
2734.150391	2218.429199
2737.098633	2160.581055
2740.045898	2194.074707
2742.992188	2211.657227
2745.9375	2191.496582
2748.881836	2239.305664
2751.824219	2201.50708
2754.765625	2208.197021
2757.707031	2212.370605
2760.646484	2145.940186
2763.584961	2133.275635
2766.522461	2209.765869
2769.458984	2166.821045
2772.393555	2172.668213
2775.328125	2167.571777
2778.261719	2146.465332
2781.193359	2210.457764
2784.124023	2199.466797
2787.054688	2200.27417
2789.983398	2154.680908
2792.911133	2160.535156
2795.837891	2191.721436
2798.762695	2206.03833
2801.6875	2225.43457
2804.611328	2222.02417
2807.533203	2202.546143
2810.455078	2212.656982
2813.375	2222.774658
2816.293945	2206.659912
2819.211914	2215.935059
2822.129883	2213.357666
2825.045898	2252.298828
2827.959961	2262.447021
2830.874023	2275.14624
2833.787109	2258.163818
2836.698242	2320.937256
2839.609375	2409.223633
2842.518555	2512.860107
2845.427734	2534.166504
2848.334961	2655.77002
2851.241211	2708.598877
2854.146484	2775.073242
2857.050781	2825.430664
2859.954102	2824.758789
2862.856445	2944.133057
2865.757813	3026.970215
2868.657227	3133.723633
2871.556641	3216.688965
2874.454102	3234.913574
2877.351563	3321.386475
2880.24707	3354.16626
2883.141602	3330.633545
2886.036133	3373.685547
2888.928711	3357.828857
2891.820313	3365.031494
2894.710938	3355.997314
2897.599609	3448.715332
2900.488281	3455.101074
2903.375977	3597.554443
2906.262695	3542.361328
2909.147461	3652.40625
2912.032227	3707.702637
2914.915039	3775.036377
2917.797852	3849.276611
2920.678711	3935.576172
2923.558594	4082.850098
2926.4375	4075.747803
2929.31543	4133.030273
2932.192383	4170.600098
2935.068359	4201.322266
2937.943359	4188.23291
2940.817383	4083.135254
2943.69043	3940.976563
2946.561523	3826.24707
2949.432617	3756.191406
2952.301758	3634.422119
2955.170898	3566.828613
2958.038086	3502.63208
2960.905273	3523.723145
2963.770508	3442.217285
2966.634766	3452.948975
2969.499023	3355.825195
2972.361328	3369.121582
2975.222656	3226.128662
2978.083008	3199.649902
2980.942383	3060.812012
2983.800781	3075.747314
2986.657227	3015.457275
2989.513672	2942.146973
2992.369141	2830.705811
2995.223633	2797.962891
2998.076172	2719.296875
3000.928711	2699.483887
3003.779297	2603.391602
3006.629883	2528.903564
3009.478516	2524.609619
3012.327148	2500.35791
3015.173828	2479.55957
3018.019531	2382.343994
3020.865234	2403.176025
3023.708984	2368.41748
3026.551758	2351.016113
3029.393555	2327.515869
3032.234375	2337.918701
3035.074219	2302.2146
3037.913086	2335.244629
3040.750977	2354.366943
3043.587891	2309.918701
3046.423828	2383.066406
3049.258789	2346.440186
3052.091797	2337.689453
3054.924805	2385.628662
3057.756836	2386.48291
3060.586914	2356.786377
3063.416992	2376.840088
3066.246094	2400.401611
3069.073242	2385.531494
3071.900391	2424.846436
3074.725586	2374.12085
3077.550781	2325.108154
3080.374023	2283.060547
3083.196289	2265.49292
3086.018555	2266.301758
3088.838867	2317.919434
3091.658203	2287.199219
3094.477539	2256.456299
3097.294922	2242.353027
3100.111328	2261.575195
3102.926758	2273.790039
3105.741211	2261.432129
3108.554688	2218.327881
3111.367188	2254.258545
3114.178711	2226.060059
3116.990234	2257.622314
3119.799805	2229.404053
3122.607422	2222.279541
3125.415039	2254.752686
3128.22168	2266.119141
3131.027344	2284.538818
3133.832031	2232.48999
3136.635742	2241.215088
3139.438477	2213.798584
3142.240234	2257.800537
3145.041016	2278.894287
3147.839844	2262.051514
3150.638672	2268.151367
3153.436523	2246.875732
3156.233398	2218.516357
3159.02832	2178.646729
3161.823242	2196.217529
3164.617188	2264.2146
3167.410156	2258.823242
3170.201172	2232.185547
3172.992188	2237.402588
3175.782227	2226.68042
3178.570313	2232.78418
3181.358398	2196.3479
3184.144531	2254.756836
3186.930664	2240.475586
3189.71582	2243.041992
3192.499023	2291.764404
3195.282227	2267.712646
3198.063477	2218.772949
3200.844727	2267.625
