399.333984	950.213684
403.220703	944.90332
407.103516	941.496521
410.986328	964.179749
414.867188	948.680542
418.748047	935.715454
422.625	907.444824
426.501953	900.825317
430.375	905.680298
434.248047	900.967957
438.119141	882.20752
441.988281	896.639404
445.855469	912.361328
449.722656	909.560242
453.585938	910.593201
457.449219	881.559082
461.310547	904.980835
465.169922	914.336121
469.027344	917.293579
472.882813	918.971619
476.736328	891.159241
480.589844	889.619934
484.441406	886.153931
488.289063	895.523804
492.136719	908.754822
495.984375	888.58667
499.828125	919.823547
503.669922	906.072876
507.511719	888.450012
511.351563	897.843567
515.189453	878.913635
519.025391	893.463989
522.859375	909.959961
526.691406	900.680847
530.523438	897.198547
534.351563	896.294067
538.179688	927.666443
542.005859	939.690491
545.830078	911.665588
549.654297	900.422485
553.474609	863.949341
557.294922	887.610657
561.113281	878.930847
564.927734	890.315857
568.744141	869.32135
572.556641	886.544006
576.367188	868.122742
580.177734	869.143799
583.986328	864.974365
587.792969	888.715454
591.597656	837.789917
595.400391	847.894897
599.201172	862.558411
603.001953	857.075317
606.800781	860.695251
610.597656	867.572144
614.392578	850.363281
618.185547	859.846802
621.976563	891.495239
625.767578	836.460266
629.556641	890.953491
633.34375	880.894226
637.128906	894.97937
640.912109	885.565735
644.693359	895.091003
648.474609	874.557129
652.253906	869.04541
656.03125	900.817444
659.806641	896.620605
663.580078	919.919312
667.353516	893.455688
671.123047	909.564026
674.892578	908.640686
678.660156	892.631409
682.425781	914.664551
686.191406	896.674377
689.953125	901.653259
693.714844	886.926636
697.474609	907.679321
701.232422	927.134399
704.988281	899.242615
708.744141	931.872131
712.498047	946.752869
716.248047	964.939331
719.998047	938.332886
723.748047	963.122925
727.494141	991.231201
731.240234	958.003418
734.982422	928.707458
738.724609	992.494629
742.464844	1009.431519
746.205078	993.337341
749.941406	993.758789
753.677734	1010.05542
757.412109	993.940125
761.144531	1023.490662
764.875	1012.00293
768.605469	1017.732483
772.332031	1038.712524
776.058594	1036.499878
779.783203	1062.149048
783.505859	1077.864014
787.228516	1049.768677
790.947266	1030.284668
794.666016	1021.416809
798.382813	990.601624
802.097656	1008.978577
805.8125	1040.013306
809.523438	1059.757446
813.234375	1064.866943
816.943359	1047.994507
820.650391	1053.769287
824.357422	1072.884644
828.060547	1069.334961
831.763672	1046.428467
835.464844	1026.840576
839.164063	1051.987061
842.861328	1034.389038
846.558594	1024.129272
850.253906	1068.031128
853.947266	1071.826538
857.638672	1050.189941
861.328125	1062.685425
865.017578	1041.696045
868.705078	1013.316711
872.390625	1017.765991
876.074219	1051.731567
879.755859	1028.687988
883.4375	1014.351807
887.117188	1036.269287
890.794922	1034.689331
894.470703	1018.32019
898.146484	1024.127563
901.818359	1002.35791
905.490234	1041.813232
909.160156	996.467041
912.830078	1035.278931
916.496094	1047.842773
920.162109	1017.946228
923.826172	1007.58252
927.488281	1022.173828
931.148438	1046.901855
934.808594	1023.031006
938.466797	1018.730896
942.123047	981.986816
945.777344	1020.936829
949.429688	1003.777954
953.082031	1008.934998
956.732422	1028.989258
960.380859	1059.896118
964.027344	980.390625
967.673828	1015.369385
971.318359	971.717468
974.960938	1001.972595
978.601563	1018.679382
982.240234	1000.773376
985.878906	1018.851563
989.515625	1030.149414
993.150391	1029.89978
996.783203	1040.531006
1000.416016	1117.847046
1004.044922	1144.178345
1007.673828	1071.795288
1011.302734	1004.801392
1014.927734	1005.901917
1018.552734	1007.684814
1022.175781	998.555786
1025.796875	1022.85437
1029.416016	1028.741577
1033.035156	1005.267639
1036.650391	1022.083252
1040.265625	1021.141724
1043.880859	999.685791
1047.492188	1051.406494
1051.103516	1018.310791
1054.712891	1016.68042
1058.320313	1012.308716
1061.925781	997.65509
1065.53125	1015.892334
1069.134766	1059.518066
1072.736328	1078.481812
1076.335938	1070.693604
1079.935547	1053.285767
1083.533203	1031.054932
1087.128906	1047.28833
1090.722656	1042.223022
1094.316406	1036.465454
1097.90625	1038.271362
1101.496094	1045.585205
1105.085938	1038.443848
1108.671875	1031.985107
1112.257813	1038.615356
1115.841797	1075.588013
1119.423828	1032.578247
1123.003906	1085.449585
1126.583984	1064.498535
1130.162109	1043.529785
1133.738281	1029.452393
1137.314453	997.392212
1140.886719	986.0495
1144.458984	947.02655
1148.029297	1020.083374
1151.599609	986.580444
1155.166016	1006.38147
1158.732422	1033.127686
1162.296875	1029.395264
1165.861328	1001.387451
1169.421875	1008.044739
1172.982422	1019.565613
1176.541016	1031.095703
1180.097656	1023.185486
1183.654297	1032.641235
1187.208984	998.307068
1190.761719	1012.628296
1194.3125	996.347046
1197.863281	1010.678711
1201.412109	1059.839233
1204.958984	1072.11853
1208.503906	1070.469116
1212.048828	1062.543213
1215.591797	1097.855225
1219.132813	1123.427002
1222.671875	1154.604126
1226.210938	1169.744385
1229.748047	1172.321167
1233.283203	1153.932007
1236.816406	1136.226563
1240.349609	1111.51123
1243.880859	1181.946899
1247.410156	1179.631958
1250.939453	1192.022461
1254.464844	1160.281738
1257.990234	1146.739136
1261.513672	1131.782593
1265.037109	1139.963501
1268.558594	1156.572388
1272.078125	1115.623291
1275.595703	1122.401978
1279.111328	1134.807251
1282.626953	1163.390381
1286.140625	1170.196167
1289.652344	1174.896484
1293.164063	1206.345581
1296.673828	1217.401001
1300.181641	1252.414551
1303.6875	1243.766113
1307.193359	1252.734497
1310.697266	1261.004639
1314.199219	1248.820435
1317.699219	1293.092773
1321.199219	1278.086426
1324.697266	1251.764893
1328.193359	1214.821045
1331.689453	1267.634399
1335.181641	1261.079224
1338.673828	1328.105347
1342.166016	1247.95166
1345.654297	1252.001587
1349.142578	1227.008667
1352.628906	1156.636719
1356.115234	1143.637085
1359.597656	1193.754395
1363.080078	1176.501099
1366.5625	1173.43103
1370.041016	1163.25647
1373.519531	1160.888428
1376.996094	1159.228882
1380.470703	1132.681396
1383.945313	1146.657593
1387.417969	1123.640747
1390.888672	1148.302612
1394.357422	1172.272095
1397.826172	1117.887451
1401.292969	1133.310181
1404.757813	1128.066162
1408.222656	1124.957764
1411.683594	1143.255859
1415.144531	1146.575928
1418.605469	1176.324585
1422.0625	1148.936157
1425.519531	1131.532349
1428.976563	1169.176392
1432.429688	1167.504517
1435.882813	1244.554932
1439.333984	1283.005615
1442.783203	1284.958252
1446.232422	1301.959595
1449.679688	1312.522827
1453.125	1284.369629
1456.570313	1329.369507
1460.011719	1276.079834
1463.453125	1259.364624
1466.894531	1230.424561
1470.332031	1203.616577
1473.769531	1196.195923
1477.207031	1206.028809
1480.640625	1178.458008
1484.074219	1160.940918
1487.505859	1143.409302
1490.935547	1088.406616
1494.365234	1087.405029
1497.792969	1068.379883
1501.21875	1079.629272
1504.644531	1040.383423
1508.066406	1035.029053
1511.490234	1052.776367
1514.910156	1070.537842
1518.330078	1023.997253
1521.748047	1062.003174
1525.164063	1057.368774
1528.580078	1040.430298
1531.992188	1062.564087
1535.40625	1044.165405
1538.816406	1048.932373
1542.226563	1121.824097
1545.634766	1118.650879
1549.041016	1129.255005
1552.447266	1170.341187
1555.851563	1165.731079
1559.253906	1153.129272
1562.65625	1184.103638
1566.056641	1162.050903
1569.455078	1177.058594
1572.851563	1186.986816
1576.248047	1200.560791
1579.642578	1175.566406
1583.035156	1195.699829
1586.427734	1167.040283
1589.818359	1160.949829
1593.207031	1172.351807
1596.595703	1148.753174
1599.982422	1131.702148
1603.367188	1151.134766
1606.751953	1153.787109
1610.132813	1192.96814
1613.513672	1191.253662
1616.894531	1222.438232
1620.273438	1188.551392
1623.650391	1172.92981
1627.025391	1152.903442
1630.400391	1157.026489
1633.773438	1189.723389
1637.144531	1171.144531
1640.513672	1198.740601
1643.882813	1208.021606
1647.251953	1221.712402
1650.617188	1274.318726
1653.982422	1298.327148
1657.345703	1319.415894
1660.707031	1301.569702
1664.068359	1303.560059
1667.427734	1304.81604
1670.787109	1266.338745
1674.142578	1264.635864
1677.498047	1249.676147
1680.853516	1205.236206
1684.205078	1221.930664
1687.556641	1170.070801
1690.90625	1132.183228
1694.255859	1164.363037
1697.603516	1107.25
1700.949219	1079.629639
1704.294922	1072.672119
1707.638672	1075.316528
1710.980469	1060.218384
1714.320313	1039.190918
1717.660156	1038.864624
1720.998047	1063.705444
1724.335938	1044.875
1727.669922	1002.323242
1731.003906	981.970703
1734.337891	1018.68988
1737.669922	990.168457
1741	981.657959
1744.328125	990.213135
1747.65625	1000.259949
1750.982422	993.971252
1754.306641	997.338501
1757.630859	1017.807983
1760.953125	1015.236816
1764.273438	996.294006
1767.59375	999.666565
1770.912109	982.191406
1774.228516	1024.297607
1777.544922	998.620239
1780.859375	1016.908752
1784.171875	1027.753296
1787.484375	976.677673
1790.792969	1002.442749
1794.103516	993.879028
1797.410156	996.513428
1800.716797	1052.955811
1804.023438	1012.254211
1807.326172	1029.856201
1810.628906	1007.069458
1813.929688	1002.22821
1817.230469	959.943542
1820.529297	982.795349
1823.826172	1014.657471
1827.123047	995.566772
1830.417969	1016.209106
1833.710938	973.845154
1837.001953	1034.274536
1840.292969	991.132874
1843.583984	1011.805115
1846.871094	1018.21582
1850.158203	998.32019
1853.443359	1000.217896
1856.728516	987.822388
1860.011719	989.71698
1863.292969	981.071716
1866.574219	1009.327698
1869.853516	1003.69696
1873.130859	1027.460693
1876.408203	1002.225037
1879.683594	1022.234314
1882.957031	1015.089417
1886.230469	994.34845
1889.501953	991.718262
1892.771484	998.90863
1896.041016	987.206909
1899.308594	1011.793274
1902.574219	993.278442
1905.839844	1052.698486
1909.103516	1000.872681
1912.365234	1029.289063
1915.626953	1037.269897
1918.886719	1016.453552
1922.146484	1039.60083
1925.402344	1009.665527
1928.658203	995.642944
1931.914063	1018.049316
1935.167969	1002.499573
1938.419922	1005.93158
1941.669922	1022.287109
1944.919922	1018.125427
1948.167969	1032.976807
1951.416016	1011.313477
1954.662109	1039.875854
1957.90625	957.273499
1961.150391	980.503662
1964.392578	1006.038208
1967.632813	1007.194153
1970.873047	1001.486084
1974.111328	1000.351501
1977.347656	1044.253052
1980.583984	1004.951782
1983.818359	1035.138062
1987.050781	995.037781
1990.283203	1011.481628
1993.513672	1011.876526
1996.744141	1035.990601
1999.970703	985.876465
2003.199219	1015.358826
2006.423828	1028.011353
2009.648438	997.759155
2012.871094	1012.71405
2016.09375	1023.845764
2019.314453	1035.753174
2022.533203	1017.736145
2025.751953	1022.739502
2028.96875	1007.007263
2032.183594	998.178284
2035.398438	990.110962
2038.611328	998.955505
2041.824219	1040.118042
2045.035156	1012.046753
2048.244141	1000.891602
2051.451172	1009.753174
2054.658203	1024.785522
2057.865234	1009.767456
2061.068359	1039.462158
2064.271484	1008.237976
2067.474609	1006.314392
2070.673828	1036.813599
2073.875	1004.006653
2077.072266	994.352356
2080.269531	1050.387817
2083.464844	1007.495483
2086.660156	1037.279663
2089.853516	1011.372253
2093.044922	1002.474976
2096.236328	1020.674988
2099.425781	1042.762451
2102.613281	1019.140991
2105.800781	1012.557861
2108.986328	1014.50116
2112.169922	978.426025
2115.353516	1023.825073
2118.535156	1007.914429
2121.716797	983.446289
2124.896484	1007.917236
2128.074219	1046.400269
2131.251953	1017.251648
2134.427734	1016.088745
2137.603516	1011.811462
2140.777344	1009.087891
2143.949219	1028.171631
2147.119141	1002.854492
2150.289063	993.107849
2153.458984	991.931519
2156.625	1037.561279
2159.791016	1009.085999
2162.957031	1019.624573
2166.121094	1034.076172
2169.283203	1027.442871
2172.445313	989.539185
2175.603516	1023.543396
2178.763672	1029.41333
2181.921875	1006.333923
2185.078125	1050.559937
2188.232422	1054.880127
2191.386719	1010.630371
2194.539063	1009.451782
2197.691406	1034.929321
2200.841797	1023.562256
2203.990234	995.708801
2207.138672	1040.833252
2210.285156	998.8302
2213.429688	1032.992432
2216.574219	1012.957275
2219.71875	1030.641602
2222.859375	1009.803223
2226	1037.727295
2229.140625	1023.958557
2232.279297	1025.926147
2235.416016	1017.655518
2238.550781	1026.713379
2241.685547	1009.76532
2244.820313	1062.197754
2247.951172	1014.483948
2251.082031	1038.547852
2254.212891	1025.524658
2257.341797	1038.553833
2260.46875	1045.272095
2263.595703	1074.125977
2266.720703	1042.119141
2269.84375	1028.280151
2272.966797	1074.568237
2276.087891	1048.065186
2279.208984	1019.957764
2282.328125	1036.983765
2285.445313	1036.587646
2288.5625	1021.127747
2291.677734	1020.724731
2294.792969	1048.090454
2297.90625	1008.805115
2301.017578	1041.744751
2304.128906	1029.43335
2307.238281	1060.021606
2310.345703	1046.117432
2313.453125	1003.57428
2316.558594	1033.391479
2319.664063	1046.518799
2322.767578	1043.733032
2325.871094	1107.845825
2328.972656	1175.194214
2332.072266	1101.516602
2335.169922	1044.526855
2338.267578	1038.543335
2341.365234	1053.301758
2344.460938	1002.613953
2347.554688	1037.333618
2350.648438	1047.314575
2353.740234	1031.72937
2356.830078	1022.527832
2359.919922	1050.108887
2363.007813	1054.508301
2366.095703	1054.108521
2369.181641	1041.697876
2372.265625	1010.053589
2375.349609	1037.681152
2378.431641	999.598083
2381.513672	1036.86499
2384.59375	1047.687134
2387.673828	1032.83667
2390.75	1027.608521
2393.828125	1025.588623
2396.902344	1039.63562
2399.976563	1051.281738
2403.050781	1065.348633
2406.123047	1034.382813
2409.193359	1050.86731
2412.262695	1025.506714
2415.331055	1057.299683
2418.398438	1060.921997
2421.464844	1053.264648
2424.530273	1041.570435
2427.59375	1048.416016
2430.65625	997.985229
2433.717773	1047.594482
2436.77832	1088.359619
2439.837891	1066.155273
2442.895508	1081.909912
2445.953125	1083.126709
2449.008789	1077.06665
2452.063477	1047.543213
2455.117188	1039.846191
2458.168945	1054.809937
2461.220703	1073.83374
2464.270508	1055.605469
2467.319336	1081.937378
2470.367188	1057.211914
2473.413086	1106.273315
2476.458984	1036.91333
2479.50293	1056.783569
2482.545898	1064.489136
2485.587891	1051.893433
2488.628906	1043.35083
2491.668945	1043.743286
2494.707031	1057.960083
2497.745117	1034.766479
2500.78125	1013.1828
2503.816406	1058.339478
2506.850586	1065.252441
2509.882813	1061.578979
2512.915039	1054.642456
2515.945313	1046.885132
2518.974609	1056.25
2522.00293	1056.646362
2525.030273	1024.392822
2528.056641	1090.101563
2531.081055	1061.920166
2534.105469	1068.855591
2537.12793	1054.541748
2540.149414	1065.567993
2543.169922	1061.876831
2546.188477	1075.368774
2549.207031	1063.490967
2552.223633	1058.156006
2555.239258	1083.950806
2558.254883	1092.552612
2561.267578	1082.302246
2564.280273	1092.549805
2567.291992	1104.445801
2570.301758	1082.695923
2573.311523	1100.344727
2576.319336	1081.862305
2579.326172	1124.998169
2582.332031	1127.0625
2585.335938	1110.213257
2588.339844	1055.50769
2591.341797	1058.370483
2594.34375	1114.749878
2597.34375	1096.222656
2600.342773	1089.216187
2603.34082	1087.973877
2606.336914	1110.641602
2609.333008	1104.456787
2612.327148	1104.868286
2615.320313	1104.454224
2618.313477	1098.259399
2621.304688	1119.319946
2624.293945	1082.549683
2627.283203	1096.179321
2630.271484	1115.60791
2633.257813	1077.139893
2636.243164	1074.229858
2639.227539	1090.359497
2642.210938	1156.19397
2645.193359	1116.025757
2648.174805	1154.56665
2651.155273	1157.482788
2654.133789	1146.300293
2657.112305	1096.940186
2660.088867	1093.196899
2663.064453	1111.870728
2666.039063	1143.848999
2669.012695	1161.723877
2671.984375	1130.565186
2674.956055	1091.898682
2677.925781	1157.192505
2680.895508	1136.815674
2683.863281	1138.069092
2686.830078	1142.654663
2689.795898	1170.571533
2692.760742	1135.166016
2695.723633	1129.749634
2698.686523	1151.019287
2701.647461	1161.45752
2704.608398	1132.672729
2707.567383	1160.64624
2710.525391	1166.086914
2713.482422	1174.038208
2716.438477	1166.948486
2719.392578	1164.870728
2722.34668	1210.473877
2725.299805	1188.325562
2728.250977	1225.598999
2731.201172	1212.651489
2734.150391	1198.856567
2737.098633	1189.241455
2740.045898	1193.033325
2742.992188	1170.828003
2745.9375	1183.005493
2748.881836	1185.119751
2751.824219	1159.527588
2754.765625	1175.913208
2757.707031	1162.9021
2760.646484	1186.865479
2763.584961	1172.166382
2766.522461	1196.150391
2769.458984	1192.38269
2772.393555	1173.459717
2775.328125	1217.680176
2778.261719	1146.522461
2781.193359	1184.023315
2784.124023	1129.661011
2787.054688	1192.48291
2789.983398	1214.011719
2792.911133	1178.16687
2795.837891	1157.49231
2798.762695	1190.855225
2801.6875	1186.222534
2804.611328	1169.753296
2807.533203	1182.864502
2810.455078	1197.676758
2813.375	1207.422729
2816.293945	1209.557739
2819.211914	1177.824097
2822.129883	1175.713867
2825.045898	1200.717651
2827.959961	1220.65332
2830.874023	1213.467896
2833.787109	1247.843262
2836.698242	1304.307373
2839.609375	1361.661255
2842.518555	1394.429199
2845.427734	1485.838867
2848.334961	1586.663208
2851.241211	1687.560791
2854.146484	1689.877563
2857.050781	1750.048462
2859.954102	1801.751953
2862.856445	1789.637939
2865.757813	1924.860107
2868.657227	2023.543701
2871.556641	2068.602051
2874.454102	2167.40918
2877.351563	2189.521973
2880.24707	2204.824707
2883.141602	2200.505615
2886.036133	2231.192139
2888.928711	2274.713379
2891.820313	2298.612305
2894.710938	2372.961914
2897.599609	2372.114258
2900.488281	2377.253418
2903.375977	2404.64502
2906.262695	2498.828613
2909.147461	2510.012207
2912.032227	2593.164551
2914.915039	2715.798096
2917.797852	2750.218018
2920.678711	2772.656006
2923.558594	2939.240234
2926.4375	2946.313477
2929.31543	2985.157227
2932.192383	3045.499756
2935.068359	2994.193848
2937.943359	3019.343506
2940.817383	2982.605957
2943.69043	2840.049072
2946.561523	2730.08374
2949.432617	2575.280518
2952.301758	2542.631592
2955.170898	2404.013184
2958.038086	2433.316895
2960.905273	2355.75708
2963.770508	2348.847656
2966.634766	2318.642822
2969.499023	2261.665527
2972.361328	2223.637451
2975.222656	2170.901367
2978.083008	2114.671387
2980.942383	2096.422852
2983.800781	1969.238892
2986.657227	1990.703369
2989.513672	1937.785645
2992.369141	1833.771118
2995.223633	1747.861084
2998.076172	1703.457642
3000.928711	1599.244995
3003.779297	1557.355103
3006.629883	1527.572144
3009.478516	1464.811279
3012.327148	1456.662354
3015.173828	1392.09436
3018.019531	1359.603027
3020.865234	1327.088135
3023.708984	1342.334961
3026.551758	1278.500854
3029.393555	1331.126831
3032.234375	1295.944458
3035.074219	1323.381836
3037.913086	1310.800781
3040.750977	1305.176025
3043.587891	1288.223877
3046.423828	1322.667236
3049.258789	1283.917603
3052.091797	1300.072632
3054.924805	1361.596436
3057.756836	1357.721191
3060.586914	1394.868286
3063.416992	1418.070679
3066.246094	1435.174683
3069.073242	1381.511108
3071.900391	1291.96936
3074.725586	1317.790161
3077.550781	1299.891235
3080.374023	1242.600952
3083.196289	1273.683228
3086.018555	1221.596191
3088.838867	1250.940674
3091.658203	1259.274048
3094.477539	1243.067261
3097.294922	1247.018433
3100.111328	1229.040649
3102.926758	1259.316284
3105.741211	1255.375732
3108.554688	1230.355225
3111.367188	1261.541382
3114.178711	1237.383545
3116.990234	1263.319092
3119.799805	1214.519531
3122.607422	1208.793335
3125.415039	1199.54248
3128.22168	1227.261108
3131.027344	1187.185181
3133.832031	1225.490723
3136.635742	1210.062256
3139.438477	1255.455688
3142.240234	1234.734619
3145.041016	1236.055298
3147.839844	1177.361206
3150.638672	1218.391968
3153.436523	1228.539429
3156.233398	1188.333252
3159.02832	1225.875488
3161.823242	1199.785522
3164.617188	1257.700439
3167.410156	1226.294189
3170.201172	1224.958252
3172.992188	1207.68396
3175.782227	1242.654175
3178.570313	1243.09375
3181.358398	1201.87561
3184.144531	1219.146973
3186.930664	1240.865112
3189.71582	1249.289185
3192.499023	1241.742188
3195.282227	1214.655762
3198.063477	1212.420044
3200.844727	1228.407959
