399.333984	1292.799072
403.220703	1266.653687
407.103516	1290.104614
410.986328	1274.753784
414.867188	1281.673706
418.748047	1291.147217
422.625	1275.775635
426.501953	1271.228394
430.375	1252.645142
434.248047	1234.683472
438.119141	1279.264771
441.988281	1271.516357
445.855469	1245.871582
449.722656	1243.214722
453.585938	1257.181274
457.449219	1227.0177
461.310547	1245.468628
465.169922	1254.330933
469.027344	1217.720093
472.882813	1244.520874
476.736328	1210.437866
480.589844	1257.782715
484.441406	1231.375366
488.289063	1251.165527
492.136719	1257.485474
495.984375	1256.743042
499.828125	1245.714966
503.669922	1282.26355
507.511719	1268.019531
511.351563	1226.087402
515.189453	1257.522583
519.025391	1274.812744
522.859375	1266.983887
526.691406	1272.687256
530.523438	1246.789917
534.351563	1286.043213
538.179688	1250.445313
542.005859	1276.170776
545.830078	1266.381714
549.654297	1278.561157
553.474609	1290.104004
557.294922	1279.013306
561.113281	1297.037842
564.927734	1268.457275
568.744141	1242.442871
572.556641	1241.680054
576.367188	1256.476318
580.177734	1221.341675
583.986328	1214.078735
587.792969	1257.444702
591.597656	1269.673828
595.400391	1222.787964
599.201172	1236.312012
603.001953	1221.885132
606.800781	1227.612915
610.597656	1237.901123
614.392578	1239.082153
618.185547	1265.01709
621.976563	1270.119995
625.767578	1229.590088
629.556641	1303.16626
633.34375	1301.765869
637.128906	1226.598267
640.912109	1317.246338
644.693359	1272.074585
648.474609	1262.15979
652.253906	1266.622192
656.03125	1294.638794
659.806641	1253.30542
663.580078	1310.148438
667.353516	1324.462891
671.123047	1356.482422
674.892578	1290.84668
678.660156	1297.955566
682.425781	1262.420776
686.191406	1306.939087
689.953125	1342.957642
693.714844	1336.959717
697.474609	1315.839233
701.232422	1309.166382
704.988281	1336.694214
708.744141	1350.424927
712.498047	1364.16687
716.248047	1425.34375
719.998047	1362.032349
723.748047	1402.164551
727.494141	1377.699219
731.240234	1381.583374
734.982422	1401.972046
738.724609	1408.510376
742.464844	1386.647095
746.205078	1391.861816
749.941406	1394.435913
753.677734	1394.365967
757.412109	1402.23645
761.144531	1422.69165
764.875	1394.15332
768.605469	1417.271973
772.332031	1429.804077
776.058594	1511.976807
779.783203	1507.30957
783.505859	1511.929932
787.228516	1476.050415
790.947266	1470.032227
794.666016	1450.717529
798.382813	1468.616821
802.097656	1475.223755
805.8125	1517.767334
809.523438	1511.751953
813.234375	1487.084351
816.943359	1471.722778
820.650391	1463.679443
824.357422	1492.303223
828.060547	1480.925537
831.763672	1505.575684
835.464844	1451.463867
839.164063	1464.766724
842.861328	1451.352051
846.558594	1509.454224
850.253906	1526.809692
853.947266	1479.281128
857.638672	1457.146851
861.328125	1442.359375
865.017578	1457.70459
868.705078	1491.157227
872.390625	1451.556885
876.074219	1474.302368
879.755859	1471.567383
883.4375	1486.283813
887.117188	1472.805298
890.794922	1455.283813
894.470703	1458.584106
898.146484	1460.541748
901.818359	1450.391724
905.490234	1488.689209
909.160156	1492.680664
912.830078	1474.447266
916.496094	1473.718384
920.162109	1487.145264
923.826172	1471.583008
927.488281	1435.091553
931.148438	1491.717041
934.808594	1477.486328
938.466797	1447.030151
942.123047	1460.477295
945.777344	1482.724854
949.429688	1443.43811
953.082031	1484.643433
956.732422	1444.646851
960.380859	1437.801636
964.027344	1445.855957
967.673828	1465.439575
971.318359	1491.14209
974.960938	1485.660034
978.601563	1493.746338
982.240234	1503.196899
985.878906	1478.014038
989.515625	1490.183105
993.150391	1498.283203
996.783203	1498.908691
1000.416016	1564.169434
1004.044922	1598.174072
1007.673828	1516.447388
1011.302734	1502.093018
1014.927734	1489.089233
1018.552734	1506.754639
1022.175781	1541.486328
1025.796875	1503.916626
1029.416016	1505.225708
1033.035156	1543.413574
1036.650391	1502.380371
1040.265625	1533.07959
1043.880859	1498.844849
1047.492188	1520.674561
1051.103516	1518.569702
1054.712891	1528.786133
1058.320313	1547.914551
1061.925781	1551.298828
1065.53125	1591.701782
1069.134766	1533.386719
1072.736328	1595.082764
1076.335938	1580.64563
1079.935547	1592.287964
1083.533203	1601.878784
1087.128906	1526.951904
1090.722656	1568.146973
1094.316406	1583.240479
1097.90625	1608.666992
1101.496094	1606.580688
1105.085938	1577.635742
1108.671875	1570.711548
1112.257813	1576.186768
1115.841797	1561.671143
1119.423828	1603.013916
1123.003906	1627.829468
1126.583984	1638.167969
1130.162109	1589.811768
1133.738281	1560.760498
1137.314453	1534.449463
1140.886719	1558.59436
1144.458984	1539.869385
1148.029297	1578.568726
1151.599609	1588.913696
1155.166016	1598.574341
1158.732422	1593.691406
1162.296875	1617.224976
1165.861328	1583.218506
1169.421875	1588.728394
1172.982422	1614.369995
1176.541016	1605.315308
1180.097656	1634.457153
1183.654297	1612.199097
1187.208984	1670.565308
1190.761719	1623.960815
1194.3125	1632.97937
1197.863281	1676.807861
1201.412109	1682.372925
1204.958984	1697.695068
1208.503906	1674.69873
1212.048828	1709.55127
1215.591797	1710.254761
1219.132813	1777.247559
1222.671875	1842.898926
1226.210938	1829.689697
1229.748047	1787.126099
1233.283203	1817.914673
1236.816406	1864.810059
1240.349609	1844.591064
1243.880859	1843.24939
1247.410156	1841.206055
1250.939453	1847.564819
1254.464844	1806.284058
1257.990234	1846.277954
1261.513672	1833.010864
1265.037109	1838.67334
1268.558594	1837.322021
1272.078125	1833.160645
1275.595703	1828.293091
1279.111328	1884.552979
1282.626953	1921.175781
1286.140625	1880.471436
1289.652344	1879.130859
1293.164063	1943.947754
1296.673828	1908.834106
1300.181641	1932.860229
1303.6875	1979.455444
1307.193359	1974.625366
1310.697266	2028.327393
1314.199219	2020.690186
1317.699219	2003.164429
1321.199219	2066.12207
1324.697266	2019.636475
1328.193359	2014.101074
1331.689453	2007.85376
1335.181641	2071.621338
1338.673828	2039.211304
1342.166016	2059.863525
1345.654297	2010.425659
1349.142578	1938.985352
1352.628906	1924.892944
1356.115234	1918.587646
1359.597656	1964.765015
1363.080078	1932.924561
1366.5625	1993.342041
1370.041016	1921.716797
1373.519531	1987.861572
1376.996094	1923.282227
1380.470703	1953.928711
1383.945313	1939.786011
1387.417969	1929.189453
1390.888672	1960.586182
1394.357422	1938.593262
1397.826172	1986.405518
1401.292969	1940.88269
1404.757813	1863.947632
1408.222656	1914.639648
1411.683594	1908.281006
1415.144531	2008.292725
1418.605469	1953.398804
1422.0625	1942.759521
1425.519531	1953.555298
1428.976563	1972.22522
1432.429688	1984.471436
1435.882813	2034.657715
1439.333984	2079.156494
1442.783203	2062.093018
1446.232422	2117.38623
1449.679688	2118.960938
1453.125	2157.109863
1456.570313	2123.547607
1460.011719	2141.632324
1463.453125	2147.525391
1466.894531	2107.452148
1470.332031	2050.818848
1473.769531	2094.061768
1477.207031	2083.4021
1480.640625	2038.919312
1484.074219	2079.329346
1487.505859	2028.327515
1490.935547	2002.495239
1494.365234	1965.111816
1497.792969	1976.719116
1501.21875	1965.978149
1504.644531	1975.429688
1508.066406	1914.154175
1511.490234	1918.536987
1514.910156	1916.421509
1518.330078	1928.034302
1521.748047	1955.560791
1525.164063	2017.824097
1528.580078	1945.561279
1531.992188	2017.279419
1535.40625	1976.093872
1538.816406	2000.070679
1542.226563	1953.771118
1545.634766	1986.457031
1549.041016	2032.949097
1552.447266	2072.222412
1555.851563	2112.978271
1559.253906	2092.043701
1562.65625	2146.641846
1566.056641	2116.982178
1569.455078	2179.630371
1572.851563	2201.598633
1576.248047	2174.106445
1579.642578	2178.619385
1583.035156	2196.242676
1586.427734	2150.501221
1589.818359	2112.739014
1593.207031	2101.192871
1596.595703	2147.256592
1599.982422	2133.524902
1603.367188	2124.891113
1606.751953	2146.920166
1610.132813	2155.086182
1613.513672	2147.179932
1616.894531	2141.460205
1620.273438	2159.87207
1623.650391	2140.249268
1627.025391	2125.734375
1630.400391	2091.435059
1633.773438	2126.703857
1637.144531	2135.616455
1640.513672	2105.67749
1643.882813	2157.862549
1647.251953	2197.614746
1650.617188	2231.525879
1653.982422	2232.417725
1657.345703	2250.941162
1660.707031	2219.503418
1664.068359	2219.654541
1667.427734	2256.581543
1670.787109	2258.218262
1674.142578	2174.467041
1677.498047	2204.054688
1680.853516	2159.995361
1684.205078	2166.75293
1687.556641	2172.040771
1690.90625	2122.751221
1694.255859	2125.073242
1697.603516	2105.251465
1700.949219	2031.505615
1704.294922	2074.423828
1707.638672	2045.687988
1710.980469	2050.938477
1714.320313	2054.713623
1717.660156	2003.735962
1720.998047	2001.572388
1724.335938	1952.753662
1727.669922	1965.383301
1731.003906	1988.398071
1734.337891	2025.517334
1737.669922	1999.621094
1741	1960.348022
1744.328125	1996.014282
1747.65625	1955.964966
1750.982422	1973.084961
1754.306641	2021.431274
1757.630859	1956.064819
1760.953125	1990.310303
1764.273438	1976.962769
1767.59375	1970.303345
1770.912109	2021.720703
1774.228516	2035.931274
1777.544922	2005.43811
1780.859375	2044.255005
1784.171875	2023.435791
1787.484375	2047.367188
1790.792969	1994.435547
1794.103516	2048.241943
1797.410156	1992.279785
1800.716797	2049.863525
1804.023438	2000.585083
1807.326172	2011.099121
1810.628906	1961.017212
1813.929688	2047.868774
1817.230469	2024.717163
1820.529297	1992.557617
1823.826172	2027.066895
1827.123047	2037.613281
1830.417969	2009.169189
1833.710938	1984.453369
1837.001953	2010.005249
1840.292969	2067.112793
1843.583984	2043.140259
1846.871094	2061.229492
1850.158203	2027.462036
1853.443359	2050.070801
1856.728516	2026.051636
1860.011719	2034.376465
1863.292969	2053.248291
1866.574219	2057.070068
1869.853516	2039.795532
1873.130859	2017.984009
1876.408203	2047.434937
1879.683594	2070.118896
1882.957031	2054.32959
1886.230469	2052.872803
1889.501953	2046.882324
1892.771484	2015.951782
1896.041016	2062.854248
1899.308594	2016.780762
1902.574219	2066.745361
1905.839844	2046.367065
1909.103516	2047.170776
1912.365234	2025.253052
1915.626953	2032.867188
1918.886719	2057.162598
1922.146484	2057.211426
1925.402344	2065.604248
1928.658203	2063.378906
1931.914063	2063.428955
1935.167969	2055.124268
1938.419922	2033.136719
1941.669922	2036.213501
1944.919922	2084.914063
1948.167969	2055.304199
1951.416016	2034.041382
1954.662109	2082.796875
1957.90625	2065.334717
1961.150391	2054.715088
1964.392578	2088.291504
1967.632813	2060.897705
1970.873047	2095.264404
1974.111328	2067.087891
1977.347656	2067.895996
1980.583984	2076.340332
1983.818359	2094.722168
1987.050781	2093.247803
1990.283203	2126.175781
1993.513672	2097.177246
1996.744141	2084.223389
1999.970703	2078.91333
2003.199219	2036.843506
2006.423828	2098.154297
2009.648438	2089.010254
2012.871094	2052.26001
2016.09375	2079.902588
2019.314453	2103.729736
2022.533203	2085.361328
2025.751953	2075.424072
2028.96875	2035.521973
2032.183594	2035.546021
2035.398438	2077.080566
2038.611328	2090.193115
2041.824219	2100.238281
2045.035156	2091.050293
2048.244141	2064.916504
2051.451172	2025.668091
2054.658203	2100.425049
2057.865234	2065.783691
2061.068359	2057.333008
2064.271484	2099.01709
2067.474609	2077.452637
2070.673828	2085.979492
2073.875	2105.324707
2077.072266	2100.733643
2080.269531	2083.771729
2083.464844	2055.971191
2086.660156	2128.705078
2089.853516	2087.744629
2093.044922	2064.556641
2096.236328	2067.679932
2099.425781	2072.354736
2102.613281	2095.632813
2105.800781	2077.836914
2108.986328	2113.544189
2112.169922	2092.636719
2115.353516	2118.285645
2118.535156	2108.233887
2121.716797	2066.324707
2124.896484	2057.798584
2128.074219	2126.229492
2131.251953	2083.499268
2134.427734	2074.968506
2137.603516	2091.336426
2140.777344	2095.258789
2143.949219	2083.605469
2147.119141	2117.916504
2150.289063	2080.537598
2153.458984	2049.36792
2156.625	2107.887695
2159.791016	2082.947021
2162.957031	2103.268555
2166.121094	2061.123047
2169.283203	2103.327881
2172.445313	2114.299805
2175.603516	2125.279541
2178.763672	2089.333496
2181.921875	2011.102783
2185.078125	2083.897705
2188.232422	2105.061279
2191.386719	2087.069092
2194.539063	2094.14209
2197.691406	2030.656738
2200.841797	2043.987183
2203.990234	2080.082031
2207.138672	2113.849365
2210.285156	2065.976563
2213.429688	2156.322754
2216.574219	2098.212646
2219.71875	2137.539795
2222.859375	2074.657959
2226	2070.733887
2229.140625	2125.048584
2232.279297	2062.088135
2235.416016	2090.447266
2238.550781	2065.246338
2241.685547	2123.581299
2244.820313	2134.646973
2247.951172	2098.388184
2251.082031	2121.289063
2254.212891	2091.312256
2257.341797	2100.01123
2260.46875	2126.887695
2263.595703	2150.623047
2266.720703	2091.354248
2269.84375	2082.662842
2272.966797	2096.911377
2276.087891	2073.96582
2279.208984	2112.769775
2282.328125	2147.641846
2285.445313	2139.745117
2288.5625	2168.310791
2291.677734	2102.518555
2294.792969	2140.611572
2297.90625	2160.478027
2301.017578	2069.991455
2304.128906	2125.589111
2307.238281	2111.30249
2310.345703	2112.902832
2313.453125	2085.875732
2316.558594	2097.013184
2319.664063	2143.970703
2322.767578	2114.534668
2325.871094	2211.709473
2328.972656	2151.202881
2332.072266	2203.830322
2335.169922	2139.286865
2338.267578	2063.526611
2341.365234	2152.88501
2344.460938	2136.940674
2347.554688	2099.422607
2350.648438	2097.824463
2353.740234	2113.806396
2356.830078	2097.821045
2359.919922	2121.012207
2363.007813	2115.417236
2366.095703	2023.376099
2369.181641	2092.203369
2372.265625	2129.843506
2375.349609	2110.619385
2378.431641	2093.785156
2381.513672	2133.071045
2384.59375	2060.87915
2387.673828	2143.517334
2390.75	2110.611572
2393.828125	2142.733398
2396.902344	2147.5625
2399.976563	2129.890381
2403.050781	2078.434814
2406.123047	2165.286377
2409.193359	2191.050293
2412.262695	2137.143066
2415.331055	2131.509766
2418.398438	2139.566162
2421.464844	2143.599121
2424.530273	2133.929443
2427.59375	2139.575195
2430.65625	2156.519287
2433.717773	2159.755615
2436.77832	2130.698242
2439.837891	2138.772217
2442.895508	2131.499756
2445.953125	2149.279053
2449.008789	2139.578369
2452.063477	2175.168945
2455.117188	2154.140625
2458.168945	2159.810303
2461.220703	2150.906738
2464.270508	2161.439209
2467.319336	2172.789551
2470.367188	2123.342041
2473.413086	2208.491211
2476.458984	2178.491455
2479.50293	2154.961914
2482.545898	2150.089355
2485.587891	2169.580811
2488.628906	2146.83252
2491.668945	2112.686035
2494.707031	2154.140137
2497.745117	2225.724121
2500.78125	2171.222168
2503.816406	2129.70459
2506.850586	2213.574951
2509.882813	2185.891357
2512.915039	2174.486816
2515.945313	2166.334717
2518.974609	2215.270264
2522.00293	2149.194336
2525.030273	2153.265625
2528.056641	2163.05542
2531.081055	2171.218262
2534.105469	2194.095947
2537.12793	2183.473633
2540.149414	2186.745117
2543.169922	2187.564453
2546.188477	2168.742188
2549.207031	2187.565674
2552.223633	2175.280518
2555.239258	2181.010498
2558.254883	2213.791748
2561.267578	2175.263428
2564.280273	2249.077637
2567.291992	2184.275635
2570.301758	2212.179932
2573.311523	2198.22583
2576.319336	2202.333008
2579.326172	2222.878174
2582.332031	2228.640625
2585.335938	2229.4729
2588.339844	2178.475586
2591.341797	2180.93457
2594.34375	2150.462891
2597.34375	2269.864502
2600.342773	2207.269531
2603.34082	2159.463135
2606.336914	2216.336182
2609.333008	2232.833984
2612.327148	2236.141113
2615.320313	2203.130371
2618.313477	2224.594727
2621.304688	2227.074951
2624.293945	2224.598389
2627.283203	2232.866211
2630.271484	2213.848877
2633.257813	2209.708496
2636.243164	2215.495605
2639.227539	2194.793457
2642.210938	2237.848389
2645.193359	2285.077148
2648.174805	2227.907471
2651.155273	2203.860596
2654.133789	2183.942383
2657.112305	2247.814697
2660.088867	2232.877441
2663.064453	2224.571777
2666.039063	2206.291016
2669.012695	2243.672607
2671.984375	2268.612061
2674.956055	2261.968262
2677.925781	2295.250977
2680.895508	2272.799072
2683.863281	2269.478027
2686.830078	2210.354004
2689.795898	2282.822754
2692.760742	2267.831787
2695.723633	2244.491699
2698.686523	2246.155762
2701.647461	2299.552246
2704.608398	2280.369873
2707.567383	2284.552734
2710.525391	2333.844482
2713.482422	2270.364258
2716.438477	2280.397949
2719.392578	2345.629639
2722.34668	2350.678223
2725.299805	2290.455811
2728.250977	2342.367432
2731.201172	2332.344238
2734.150391	2323.151123
2737.098633	2304.731445
2740.045898	2304.742676
2742.992188	2363.462158
2745.9375	2305.602051
2748.881836	2282.11084
2751.824219	2293.866455
2754.765625	2335.027832
2757.707031	2340.928467
2760.646484	2327.500244
2763.584961	2325.83374
2766.522461	2346.036133
2769.458984	2362.045166
2772.393555	2262.73999
2775.328125	2372.202637
2778.261719	2303.996338
2781.193359	2286.302734
2784.124023	2331.822754
2787.054688	2328.461914
2789.983398	2298.101318
2792.911133	2291.348877
2795.837891	2313.295898
2798.762695	2318.367188
2801.6875	2347.098389
2804.611328	2310.77002
2807.533203	2367.420166
2810.455078	2362.366699
2813.375	2335.30957
2816.293945	2342.936035
2819.211914	2355.648193
2822.129883	2359.05127
2825.045898	2331.951416
2827.959961	2375.187988
2830.874023	2394.712158
2833.787109	2395.587646
2836.698242	2440.590576
2839.609375	2489.870605
2842.518555	2549.376709
2845.427734	2570.696533
2848.334961	2713.55957
2851.241211	2733.253418
2854.146484	2777.624512
2857.050781	2782.041016
2859.954102	2856.249023
2862.856445	2883.683838
2865.757813	3027.822021
2868.657227	3021.257324
2871.556641	3165.549316
2874.454102	3236.618652
2877.351563	3288.121338
2880.24707	3338.807617
2883.141602	3281.126221
2886.036133	3225.964111
2888.928711	3263.013672
2891.820313	3263.345703
2894.710938	3360.27124
2897.599609	3340.969727
2900.488281	3353.304443
2903.375977	3455.500732
2906.262695	3438.778564
2909.147461	3546.216553
2912.032227	3592.05127
2914.915039	3761.324707
2917.797852	3830.416016
2920.678711	3862.679443
2923.558594	3947.29834
2926.4375	4086.905029
2929.31543	4121.869141
2932.192383	4167.164551
2935.068359	4151.490723
2937.943359	4119.474609
2940.817383	4009.193359
2943.69043	3974.520508
2946.561523	3866.686523
2949.432617	3794.923828
2952.301758	3642.171387
2955.170898	3606.450439
2958.038086	3592.244141
2960.905273	3480.624756
2963.770508	3438.768311
2966.634766	3430.521729
2969.499023	3401.558838
2972.361328	3357.036621
2975.222656	3292.620117
2978.083008	3203.969238
2980.942383	3275.12085
2983.800781	3132.801514
2986.657227	3115.770752
2989.513672	3032.980713
2992.369141	2969.168945
2995.223633	2897.519043
2998.076172	2882.974121
3000.928711	2739.335205
3003.779297	2710.855225
3006.629883	2672.817871
3009.478516	2613.937988
3012.327148	2598.394043
3015.173828	2589.781494
3018.019531	2503.02417
3020.865234	2549.95459
3023.708984	2545.657715
3026.551758	2510.9375
3029.393555	2408.374512
3032.234375	2464.033936
3035.074219	2442.296387
3037.913086	2476.247314
3040.750977	2457.109375
3043.587891	2425.762939
3046.423828	2462.356689
3049.258789	2509.435791
3052.091797	2474.584961
3054.924805	2480.704834
3057.756836	2533.074951
3060.586914	2482.481445
3063.416992	2516.551514
3066.246094	2575.976807
3069.073242	2540.197754
3071.900391	2534.113037
3074.725586	2535.019043
3077.550781	2395.963623
3080.374023	2457.199463
3083.196289	2413.432617
3086.018555	2483.474609
3088.838867	2473.849121
3091.658203	2401.997314
3094.477539	2414.250488
3097.294922	2446.681885
3100.111328	2369.478271
3102.926758	2402.792969
3105.741211	2404.527344
3108.554688	2380.794434
3111.367188	2395.69873
3114.178711	2407.097656
3116.990234	2429.053955
3119.799805	2398.258301
3122.607422	2364.801025
3125.415039	2418.446533
3128.22168	2405.220459
3131.027344	2373.489502
3133.832031	2400.763672
3136.635742	2390.159424
3139.438477	2398.943115
3142.240234	2417.434082
3145.041016	2399.764648
3147.839844	2377.669434
3150.638672	2391.756348
3153.436523	2448.246826
3156.233398	2396.10376
3159.02832	2403.140137
3161.823242	2369.51001
3164.617188	2353.544922
3167.410156	2378.267578
3170.201172	2322.464111
3172.992188	2425.107178
3175.782227	2384.337158
3178.570313	2371.890381
3181.358398	2342.59375
3184.144531	2384.208008
3186.930664	2394.807617
3189.71582	2448.890625
3192.499023	2445.317871
3195.282227	2354.727295
3198.063477	2367.105713
3200.844727	2399.969727
