399.333984	1041.103638
403.220703	1019.936035
407.103516	998.113525
410.986328	1040.550415
414.867188	1005.983337
418.748047	987.310364
422.625	1024.698975
426.501953	992.629211
430.375	969.460571
434.248047	967.966309
438.119141	974.130737
441.988281	989.241028
445.855469	978.8078
449.722656	984.984009
453.585938	979.015564
457.449219	962.805847
461.310547	952.981934
465.169922	981.566711
469.027344	965.976746
472.882813	963.83075
476.736328	945.654602
480.589844	983.264099
484.441406	983.046997
488.289063	982.829346
492.136719	974.262268
495.984375	982.392639
499.828125	978.959656
503.669922	971.022034
507.511719	980.447388
511.351563	1007.258179
515.189453	993.52655
519.025391	970.764404
522.859375	1002.760376
526.691406	997.389587
530.523438	986.853882
534.351563	1024.704834
538.179688	1011.588928
542.005859	993.294861
545.830078	993.075867
549.654297	988.978027
553.474609	1004.923157
557.294922	973.007629
561.113281	963.070007
564.927734	960.893616
568.744141	950.293884
572.556641	940.980957
576.367188	944.626465
580.177734	936.599731
583.986328	990.210693
587.792969	977.651917
591.597656	967.67981
595.400391	936.907654
599.201172	941.209167
603.001953	954.618042
606.800781	943.967346
610.597656	967.801819
614.392578	961.704895
618.185547	999.897644
621.976563	990.550293
625.767578	966.851563
629.556641	951.611389
633.34375	968.983643
637.128906	979.189697
640.912109	1009.649414
644.693359	999.627136
648.474609	980.44519
652.253906	980.209961
656.03125	973.432312
659.806641	986.282654
663.580078	964.442139
667.353516	998.914917
671.123047	1016.378845
674.892578	997.144653
678.660156	985.108276
682.425781	1015.710693
686.191406	987.917236
689.953125	987.681335
693.714844	1006.497437
697.474609	995.752502
701.232422	1011.299805
704.988281	1011.072327
708.744141	1018.083496
712.498047	1061.311279
716.248047	1065.7146
719.998047	1062.872925
723.748047	1063.324585
727.494141	1057.840942
731.240234	1056.310913
734.982422	1070.62085
738.724609	1060.509888
742.464844	1071.530029
746.205078	1096.438232
749.941406	1081.696167
753.677734	1086.123779
757.412109	1083.275635
761.144531	1096.313354
764.875	1076.246582
768.605469	1117.120483
772.332031	1144.108398
776.058594	1149.234985
779.783203	1182.893066
783.505859	1162.818848
787.228516	1148.039185
790.947266	1145.86792
794.666016	1123.093262
798.382813	1113.595825
802.097656	1136.015381
805.8125	1151.799805
809.523438	1142.301392
813.234375	1158.101074
816.943359	1171.248779
820.650391	1144.416016
824.357422	1158.235352
828.060547	1168.730469
831.763672	1163.884766
835.464844	1139.672852
839.164063	1172.214111
842.861328	1144.643677
846.558594	1126.408447
850.253906	1167.678345
853.947266	1172.853882
857.638672	1134.526367
861.328125	1167.815552
865.017578	1150.219971
868.705078	1134.619873
872.390625	1136.438354
876.074219	1120.818604
879.755859	1150.815308
883.4375	1149.2854
887.117188	1139.023193
890.794922	1136.142578
894.470703	1168.211548
898.146484	1174.754395
901.818359	1126.811768
905.490234	1108.440796
909.160156	1133.144653
912.830078	1128.231689
916.496094	1103.098755
920.162109	1124.459839
923.826172	1115.489624
927.488281	1145.644287
931.148438	1090.10083
934.808594	1131.749146
938.466797	1129.52124
942.123047	1144.862793
945.777344	1118.973755
949.429688	1125.530029
953.082031	1142.241577
956.732422	1121.733765
960.380859	1125.589355
964.027344	1125.382813
967.673828	1121.108765
971.318359	1163.619751
974.960938	1143.076416
978.601563	1146.94751
982.240234	1129.774048
985.878906	1139.755249
989.515625	1121.884277
993.150391	1163.820679
996.783203	1135.74292
1000.416016	1201.532471
1004.044922	1242.192383
1007.673828	1181.42627
1011.302734	1165.569702
1014.927734	1148.336548
1018.552734	1153.587769
1022.175781	1118.600708
1025.796875	1134.078735
1029.416016	1165.952637
1033.035156	1169.852905
1036.650391	1162.824707
1040.265625	1121.615479
1043.880859	1146.014648
1047.492188	1162.224976
1051.103516	1152.443115
1054.712891	1133.068115
1058.320313	1156.826416
1061.925781	1175.122559
1065.53125	1155.046265
1069.134766	1166.498535
1072.736328	1197.169678
1076.335938	1194.921509
1079.935547	1165.206055
1083.533203	1160.881348
1087.128906	1199.846069
1090.722656	1172.157227
1094.316406	1208.407349
1097.90625	1201.339844
1101.496094	1196.331299
1105.085938	1200.270264
1108.671875	1180.100464
1112.257813	1161.981079
1115.841797	1187.973145
1119.423828	1175.359619
1123.003906	1220.699585
1126.583984	1256.411987
1130.162109	1251.406982
1133.738281	1184.21582
1137.314453	1170.881714
1140.886719	1153.387451
1144.458984	1184.302002
1148.029297	1191.712036
1151.599609	1184.588867
1155.166016	1195.467651
1158.732422	1167.552124
1162.296875	1174.966309
1165.861328	1205.271118
1169.421875	1201.605957
1172.982422	1205.572144
1176.541016	1209.54126
1180.097656	1199.620728
1183.654297	1208.454346
1187.208984	1149.165405
1190.761719	1160.071411
1194.3125	1202.295898
1197.863281	1189.56604
1201.412109	1223.480713
1204.958984	1264.389282
1208.503906	1286.514282
1212.048828	1294.015991
1215.591797	1302.918335
1219.132813	1296.476685
1222.671875	1294.217651
1226.210938	1331.064331
1229.748047	1330.912964
1233.283203	1334.95459
1236.816406	1337.60083
1240.349609	1308.77124
1243.880859	1336.600708
1247.410156	1375.653931
1250.939453	1360.110352
1254.464844	1355.764038
1257.990234	1333.890259
1261.513672	1313.400757
1265.037109	1331.477295
1268.558594	1340.445068
1272.078125	1321.33606
1275.595703	1354.187134
1279.111328	1303.447388
1282.626953	1369.356201
1286.140625	1356.55542
1289.652344	1362.035767
1293.164063	1392.857544
1296.673828	1414.550903
1300.181641	1432.035278
1303.6875	1459.39917
1307.193359	1423.337646
1310.697266	1440.140625
1314.199219	1456.251587
1317.699219	1420.143311
1321.199219	1417.89917
1324.697266	1448.854248
1328.193359	1454.393066
1331.689453	1474.782715
1335.181641	1507.919678
1338.673828	1471.03418
1342.166016	1460.308716
1345.654297	1409.209961
1349.142578	1402.700439
1352.628906	1407.52478
1356.115234	1417.315918
1359.597656	1420.730835
1363.080078	1409.246826
1366.5625	1391.364136
1370.041016	1400.452881
1373.519531	1356.264404
1376.996094	1368.188599
1380.470703	1385.099365
1383.945313	1356.498657
1387.417969	1374.841064
1390.888672	1384.655029
1394.357422	1386.642578
1397.826172	1364.406982
1401.292969	1369.950928
1404.757813	1352.681152
1408.222656	1347.523926
1411.683594	1373.048828
1415.144531	1375.034424
1418.605469	1406.304321
1422.0625	1375.436646
1425.519531	1408.161011
1428.976563	1419.45874
1432.429688	1437.203735
1435.882813	1477.86438
1439.333984	1492.782837
1442.783203	1500.550537
1446.232422	1547.734009
1449.679688	1550.511719
1453.125	1558.311035
1456.570313	1518.766968
1460.011719	1548.09021
1463.453125	1509.227173
1466.894531	1499.063721
1470.332031	1503.981689
1473.769531	1424.795898
1477.207031	1413.146484
1480.640625	1443.215332
1484.074219	1397.015625
1487.505859	1418.461182
1490.935547	1375.094727
1494.365234	1378.532715
1497.792969	1349.532471
1501.21875	1347.192627
1504.644531	1382.36792
1508.066406	1354.776611
1511.490234	1328.606689
1514.910156	1334.921631
1518.330078	1318.839111
1521.748047	1333.106812
1525.164063	1381.377808
1528.580078	1345.03479
1531.992188	1369.462769
1535.40625	1376.531494
1538.816406	1379.983521
1542.226563	1385.612183
1545.634766	1365.145508
1549.041016	1407.035767
1552.447266	1438.801392
1555.851563	1419.056274
1559.253906	1439.959351
1562.65625	1448.529297
1566.056641	1454.198853
1569.455078	1482.4104
1572.851563	1488.824829
1576.248047	1481.419189
1579.642578	1475.463135
1583.035156	1449.112427
1586.427734	1459.164673
1589.818359	1418.209839
1593.207031	1452.316406
1596.595703	1431.747559
1599.982422	1469.534546
1603.367188	1466.474121
1606.751953	1466.331909
1610.132813	1447.925781
1613.513672	1460.930176
1616.894531	1474.675781
1620.273438	1462.101074
1623.650391	1479.515991
1627.025391	1447.900269
1630.400391	1477.039429
1633.773438	1433.675293
1637.144531	1487.016479
1640.513672	1478.080078
1643.882813	1468.40271
1647.251953	1510.814331
1650.617188	1511.418335
1653.982422	1522.303223
1657.345703	1527.319458
1660.707031	1568.351074
1664.068359	1566.771729
1667.427734	1581.372314
1670.787109	1553.306885
1674.142578	1528.163086
1677.498047	1503.735229
1680.853516	1488.127808
1684.205078	1526.307861
1687.556641	1477.518555
1690.90625	1433.115234
1694.255859	1427.045654
1697.603516	1446.806763
1700.949219	1403.075562
1704.294922	1351.182739
1707.638672	1374.63147
1710.980469	1374.439331
1714.320313	1359.454102
1717.660156	1354.075684
1720.998047	1367.938477
1724.335938	1373.66626
1727.669922	1333.467773
1731.003906	1331.033569
1734.337891	1351.580566
1737.669922	1340.250488
1741	1328.169189
1744.328125	1321.273926
1747.65625	1347.046509
1750.982422	1343.124023
1754.306641	1330.280151
1757.630859	1316.682251
1760.953125	1344.723877
1764.273438	1360.13855
1767.59375	1330.903809
1770.912109	1313.560059
1774.228516	1308.866089
1777.544922	1316.092041
1780.859375	1328.542114
1784.171875	1347.714111
1787.484375	1348.247925
1790.792969	1314.446533
1794.103516	1353.049438
1797.410156	1319.96936
1800.716797	1350.384033
1804.023438	1338.956665
1807.326172	1334.250977
1810.628906	1354.979858
1813.929688	1319.588013
1817.230469	1347.814697
1820.529297	1322.129395
1823.826172	1354.12561
1827.123047	1341.916016
1830.417969	1384.444336
1833.710938	1333.222534
1837.001953	1326.243164
1840.292969	1366.562012
1843.583984	1339.308472
1846.871094	1363.883179
1850.158203	1353.144897
1853.443359	1408.577515
1856.728516	1373.772827
1860.011719	1366.035156
1863.292969	1389.914307
1866.574219	1373.890869
1869.853516	1363.129028
1873.130859	1351.604492
1876.408203	1354.398926
1879.683594	1365.493774
1882.957031	1355.465088
1886.230469	1371.098511
1889.501953	1356.531616
1892.771484	1356.309448
1896.041016	1339.456909
1899.308594	1364.181641
1902.574219	1363.204712
1905.839844	1361.469849
1909.103516	1344.591431
1912.365234	1334.515991
1915.626953	1360.043457
1918.886719	1332.531982
1922.146484	1397.508545
1925.402344	1349.507935
1928.658203	1325.753174
1931.914063	1368.786743
1935.167969	1340.463501
1938.419922	1334.151001
1941.669922	1346.834839
1944.919922	1348.883179
1948.167969	1326.591675
1951.416016	1360.593262
1954.662109	1393.859985
1957.90625	1365.466553
1961.150391	1371.333862
1964.392578	1393.972656
1967.632813	1331.997192
1970.873047	1352.349487
1974.111328	1395.608643
1977.347656	1373.253906
1980.583984	1366.917725
1983.818359	1351.409058
1987.050781	1403.905151
1990.283203	1342.525879
1993.513672	1368.289551
1996.744141	1381.830933
1999.970703	1337.209717
2003.199219	1375.252197
2006.423828	1394.939453
2009.648438	1366.362915
2012.871094	1341.597046
2016.09375	1378.165405
2019.314453	1362.59082
2022.533203	1370.029419
2025.751953	1347.528442
2028.96875	1384.154907
2032.183594	1357.799072
2035.398438	1386.770264
2038.611328	1379.619751
2041.824219	1345.537231
2045.035156	1376.075806
2048.244141	1358.132935
2051.451172	1354.039673
2054.658203	1354.56604
2057.865234	1352.780029
2061.068359	1347.136719
2064.271484	1331.460327
2067.474609	1349.726929
2070.673828	1375.727417
2073.875	1381.667603
2077.072266	1417.744019
2080.269531	1379.64856
2083.464844	1371.678345
2086.660156	1376.078003
2089.853516	1377.385376
2093.044922	1392.627441
2096.236328	1408.655396
2099.425781	1346.449585
2102.613281	1365.571411
2105.800781	1313.379028
2108.986328	1401.53186
2112.169922	1353.191895
2115.353516	1340.52002
2118.535156	1378.311401
2121.716797	1320.583496
2124.896484	1371.606689
2128.074219	1362.808105
2131.251953	1390.554932
2134.427734	1363.861816
2137.603516	1383.068481
2140.777344	1356.351196
2143.949219	1396.599854
2147.119141	1334.801636
2150.289063	1380.529053
2153.458984	1370.144409
2156.625	1380.814697
2159.791016	1380.567017
2162.957031	1353.77417
2166.121094	1359.763306
2169.283203	1345.442383
2172.445313	1378.007568
2175.603516	1356.644653
2178.763672	1354.820557
2181.921875	1314.650879
2185.078125	1351.950195
2188.232422	1366.567017
2191.386719	1356.908325
2194.539063	1355.863037
2197.691406	1369.713257
2200.841797	1416.516113
2203.990234	1358.212769
2207.138672	1386.207886
2210.285156	1356.116211
2213.429688	1346.425171
2216.574219	1422.383789
2219.71875	1327.019897
2222.859375	1358.987549
2226	1417.729004
2229.140625	1387.578003
2232.279297	1370.001221
2235.416016	1352.410645
2238.550781	1380.507935
2241.685547	1355.024658
2244.820313	1378.412598
2247.951172	1393.929321
2251.082031	1375.523438
2254.212891	1379.208252
2257.341797	1382.105835
2260.46875	1396.856445
2263.595703	1339.693481
2266.720703	1378.159058
2269.84375	1392.924072
2272.966797	1342.023315
2276.087891	1367.075928
2279.208984	1404.817627
2282.328125	1334.057129
2285.445313	1407.476807
2288.5625	1390.572998
2291.677734	1390.311157
2294.792969	1395.602539
2297.90625	1350.100342
2301.017578	1338.705566
2304.128906	1347.159668
2307.238281	1389.788574
2310.345703	1399.062866
2313.453125	1394.029907
2316.558594	1397.74353
2319.664063	1381.563965
2322.767578	1378.906006
2325.871094	1490.932739
2328.972656	1522.573608
2332.072266	1511.994873
2335.169922	1430.443726
2338.267578	1363.187866
2341.365234	1361.312744
2344.460938	1380.989014
2347.554688	1371.931519
2350.648438	1330.113403
2353.740234	1385.761963
2356.830078	1379.093506
2359.919922	1397.212769
2363.007813	1425.74646
2366.095703	1394.272705
2369.181641	1363.575317
2372.265625	1423.366577
2375.349609	1347.783569
2378.431641	1384.367188
2381.513672	1380.882935
2384.59375	1364.560303
2387.673828	1401.190918
2390.75	1404.130737
2393.828125	1392.616089
2396.902344	1400.374756
2399.976563	1389.653076
2403.050781	1404.6521
2406.123047	1431.727295
2409.193359	1354.21875
2412.262695	1374.855103
2415.331055	1385.038452
2418.398438	1430.673828
2421.464844	1390.115845
2424.530273	1421.276001
2427.59375	1421.006836
2430.65625	1420.737183
2433.717773	1412.39624
2436.77832	1411.315063
2439.837891	1375.501953
2442.895508	1374.405273
2445.953125	1395.940063
2449.008789	1406.170288
2452.063477	1452.80896
2455.117188	1389.428833
2458.168945	1385.095703
2461.220703	1405.053955
2464.270508	1395.05188
2467.319336	1423.942993
2470.367188	1412.318359
2473.413086	1397.440552
2476.458984	1433.666504
2479.50293	1378.20166
2482.545898	1366.541016
2485.587891	1393.047974
2488.628906	1409.82373
2491.668945	1414.418457
2494.707031	1379.170044
2497.745117	1380.502197
2500.78125	1436.359619
2503.816406	1442.598145
2506.850586	1400.790649
2509.882813	1416.796509
2512.915039	1408.363281
2515.945313	1395.031372
2518.974609	1406.973999
2522.00293	1434.428101
2525.030273	1425.171265
2528.056641	1418.356812
2531.081055	1467.900391
2534.105469	1425.958008
2537.12793	1389.706177
2540.149414	1420.484741
2543.169922	1416.108398
2546.188477	1445.282593
2549.207031	1465.472534
2552.223633	1427.527832
2555.239258	1437.074585
2558.254883	1438.431885
2561.267578	1436.510254
2564.280273	1481.340088
2567.291992	1454.816162
2570.301758	1454.539063
2573.311523	1464.115356
2576.319336	1418.660645
2579.326172	1479.179565
2582.332031	1443.560669
2585.335938	1438.343018
2588.339844	1466.028564
2591.341797	1447.646729
2594.34375	1425.134399
2597.34375	1449.550659
2600.342773	1475.632568
2603.34082	1430.026245
2606.336914	1485.802734
2609.333008	1451.713135
2612.327148	1483.609497
2615.320313	1511.401978
2618.313477	1440.949463
2621.304688	1475.354614
2624.293945	1458.549805
2627.283203	1445.03894
2630.271484	1445.576416
2633.257813	1499.888306
2636.243164	1508.721924
2639.227539	1517.56189
2642.210938	1488.309937
2645.193359	1495.491089
2648.174805	1501.848389
2651.155273	1495.772949
2654.133789	1511.258301
2657.112305	1489.415771
2660.088867	1508.229858
2663.064453	1512.941284
2666.039063	1509.348999
2669.012695	1499.105713
2671.984375	1482.204224
2674.956055	1486.079956
2677.925781	1525.730469
2680.895508	1496.335693
2683.863281	1465.253662
2686.830078	1520.763428
2689.795898	1520.493164
2692.760742	1500.219482
2695.723633	1537.460083
2698.686523	1496.325073
2701.647461	1467.675049
2704.608398	1474.895142
2707.567383	1491.305176
2710.525391	1520.256592
2713.482422	1530.845581
2716.438477	1526.395386
2719.392578	1531.140137
2722.34668	1564.330322
2725.299805	1543.98645
2728.250977	1544.55603
2731.201172	1529.213867
2734.150391	1532.291138
2737.098633	1541.236816
2740.045898	1587.078125
2742.992188	1561.663086
2745.9375	1557.204346
2748.881836	1548.545288
2751.824219	1520.568115
2754.765625	1557.245117
2757.707031	1551.096191
2760.646484	1581.92688
2763.584961	1571.577515
2766.522461	1548.602539
2769.458984	1551.696289
2772.393555	1548.057617
2775.328125	1557.889526
2778.261719	1569.413208
2781.193359	1574.203247
2784.124023	1550.333252
2787.054688	1544.999023
2789.983398	1548.940552
2792.911133	1571.451782
2795.837891	1559.364136
2798.762695	1554.86853
2801.6875	1577.405518
2804.611328	1509.522705
2807.533203	1578.56189
2810.455078	1579.985962
2813.375	1560.257568
2816.293945	1582.836182
2819.211914	1558.859863
2822.129883	1575.524414
2825.045898	1532.885132
2827.959961	1556.333008
2830.874023	1610.325195
2833.787109	1606.672485
2836.698242	1683.634155
2839.609375	1653.688354
2842.518555	1767.239502
2845.427734	1811.211182
2848.334961	1893.457764
2851.241211	1905.200928
2854.146484	1967.129761
2857.050781	2016.341675
2859.954102	2085.164063
2862.856445	2085.924316
2865.757813	2178.669189
2868.657227	2206.727783
2871.556641	2311.515869
2874.454102	2362.663574
2877.351563	2400.200684
2880.24707	2428.378906
2883.141602	2436.944824
2886.036133	2416.484375
2888.928711	2432.739014
2891.820313	2497.711426
2894.710938	2476.394287
2897.599609	2485.845703
2900.488281	2534.65332
2903.375977	2593.764893
2906.262695	2611.828125
2909.147461	2633.329102
2912.032227	2774.780273
2914.915039	2780.929199
2917.797852	2893.387207
2920.678711	2934.744385
2923.558594	3005.300293
2926.4375	3042.435547
2929.31543	3080.455566
2932.192383	3095.313477
2935.068359	3079.251465
2937.943359	3104.431885
2940.817383	3107.275391
2943.69043	2993.146729
2946.561523	2897.003418
2949.432617	2824.029297
2952.301758	2688.14624
2955.170898	2685.672852
2958.038086	2706.46167
2960.905273	2656.58374
2963.770508	2534.237549
2966.634766	2526.5271
2969.499023	2489.47168
2972.361328	2449.799316
2975.222656	2430.822266
2978.083008	2414.422607
2980.942383	2328.014648
2983.800781	2287.360107
2986.657227	2245.810791
2989.513672	2167.032715
2992.369141	2134.928467
2995.223633	2037.872681
2998.076172	2033.410522
3000.928711	2032.409912
3003.779297	1963.810059
3006.629883	1882.156128
3009.478516	1817.78833
3012.327148	1817.574463
3015.173828	1835.585693
3018.019531	1720.77478
3020.865234	1671.019409
3023.708984	1680.307861
3026.551758	1674.827393
3029.393555	1706.729004
3032.234375	1622.974731
3035.074219	1640.088623
3037.913086	1637.195435
3040.750977	1639.524048
3043.587891	1671.468262
3046.423828	1676.424072
3049.258789	1692.714233
3052.091797	1717.735229
3054.924805	1712.244629
3057.756836	1691.043457
3060.586914	1748.38623
3063.416992	1773.461426
3066.246094	1657.045898
3069.073242	1704.824829
3071.900391	1694.070801
3074.725586	1684.182983
3077.550781	1684.784912
3080.374023	1636.382935
3083.196289	1634.341309
3086.018555	1604.275513
3088.838867	1609.228271
3091.658203	1633.463257
3094.477539	1621.773193
3097.294922	1643.398438
3100.111328	1640.475464
3102.926758	1629.651855
3105.741211	1639.011475
3108.554688	1642.230103
3111.367188	1615.581177
3114.178711	1600.337769
3116.990234	1624.644165
3119.799805	1626.981201
3122.607422	1652.193481
3125.415039	1631.659424
3128.22168	1629.598511
3131.027344	1614.325195
3133.832031	1637.805298
3136.635742	1584.626343
3139.438477	1608.993408
3142.240234	1576.050659
3145.041016	1595.137695
3147.839844	1656.601807
3150.638672	1620.991089
3153.436523	1595.953125
3156.233398	1651.297241
3159.02832	1598.852661
3161.823242	1594.114502
3164.617188	1612.368408
3167.410156	1606.746216
3170.201172	1616.166016
3172.992188	1620.279785
3175.782227	1627.938843
3178.570313	1593.073853
3181.358398	1575.910645
3184.144531	1574.69458
3186.930664	1638.22583
3189.71582	1650.339355
3192.499023	1609.205566
3195.282227	1560.939209
3198.063477	1634.324341
3200.844727	1661.859253
