399.333984	1086.866455
403.220703	1044.099121
407.103516	1094.171631
410.986328	1095.919189
414.867188	1051.188965
418.748047	1061.836426
422.625	1031.70874
426.501953	1035.343506
430.375	1047.9104
434.248047	1070.05896
438.119141	1016.900574
441.988281	1041.608887
445.855469	1042.698608
449.722656	1032.922852
453.585938	1045.519531
457.449219	1047.251221
461.310547	1044.504028
465.169922	1017.423035
469.027344	1027.471313
472.882813	1039.450439
476.736328	1037.976074
480.589844	1033.93457
484.441406	1026.680908
488.289063	1030.97583
492.136719	1040.411865
495.984375	1041.503296
499.828125	1077.948364
503.669922	1048.832397
507.511719	1055.717896
511.351563	1060.034668
515.189453	1022.501709
519.025391	1073.831665
522.859375	1049.805054
526.691406	1056.704346
530.523438	1052.644165
534.351563	1035.674561
538.179688	1042.575684
542.005859	1036.565796
545.830078	1046.057129
549.654297	1055.556274
553.474609	1083.170044
557.294922	1062.286255
561.113281	1063.389771
564.927734	1056.723999
568.744141	1018.958618
572.556641	1055.687256
576.367188	1029.558594
580.177734	1024.16272
583.986328	1012.921936
587.792969	1057.5
591.597656	1028.078613
595.400391	1047.361328
599.201172	1041.960083
603.001953	1003.389404
606.800781	1018.131531
610.597656	1006.201477
614.392578	1029.421387
618.185547	1033.770386
621.976563	1051.15625
625.767578	1036.610962
629.556641	1070.970459
633.34375	1063.598145
637.128906	1075.803101
640.912109	1081.487427
644.693359	1057.775391
648.474609	1052.344482
652.253906	1054.101685
656.03125	1064.364502
659.806641	1113.903809
663.580078	1082.296509
667.353516	1100.44397
671.123047	1088.462402
674.892578	1107.282959
678.660156	1058.565063
682.425781	1062.953125
686.191406	1144.80249
689.953125	1105.887939
693.714844	1095.847046
697.474609	1097.628174
701.232422	1111.903809
704.988281	1130.138062
708.744141	1115.482544
712.498047	1138.341919
716.248047	1186.249634
719.998047	1177.528687
723.748047	1150.341919
727.494141	1172.594238
731.240234	1176.391235
734.982422	1159.069214
738.724609	1158.240601
742.464844	1167.980957
746.205078	1190.947388
749.941406	1212.610474
753.677734	1230.984375
757.412109	1205.698364
761.144531	1197.603271
764.875	1229.901489
768.605469	1184.041626
772.332031	1244.201294
776.058594	1249.370239
779.783203	1265.158203
783.505859	1265.030029
787.228516	1246.973755
790.947266	1257.465454
794.666016	1221.447021
798.382813	1228.611938
802.097656	1236.447754
805.8125	1246.285889
809.523438	1226.842285
813.234375	1233.354248
816.943359	1222.549194
820.650391	1242.394653
824.357422	1252.254395
828.060547	1255.451294
831.763672	1239.964355
835.464844	1243.158081
839.164063	1225.648438
842.861328	1236.188354
846.558594	1288.851929
850.253906	1295.414063
853.947266	1267.859619
857.638672	1281.111206
861.328125	1212.680054
865.017578	1252.044922
868.705078	1210.350464
872.390625	1220.91687
876.074219	1258.992432
879.755859	1251.469727
883.4375	1251.324829
887.117188	1218.27124
890.794922	1228.189697
894.470703	1246.854126
898.146484	1250.067749
901.818359	1241.847534
905.490234	1242.369019
909.160156	1255.009888
912.830078	1239.370972
916.496094	1241.23877
920.162109	1219.513062
923.826172	1215.978149
927.488281	1234.704956
931.148438	1217.673096
934.808594	1233.7146
938.466797	1211.262939
942.123047	1204.336182
945.777344	1264.338989
949.429688	1217.520386
953.082031	1225.473633
956.732422	1202.292725
960.380859	1220.404419
964.027344	1205.331665
967.673828	1220.069946
971.318359	1247.704224
974.960938	1200.060547
978.601563	1235.174194
982.240234	1203.100708
985.878906	1240.961182
989.515625	1233.325317
993.150391	1227.722046
996.783203	1262.238892
1000.416016	1336.245605
1004.044922	1379.003662
1007.673828	1285.609619
1011.302734	1250.041138
1014.927734	1215.805542
1018.552734	1218.357788
1022.175781	1231.142822
1025.796875	1240.526489
1029.416016	1260.157227
1033.035156	1251.804077
1036.650391	1260.523804
1040.265625	1240.543701
1043.880859	1234.906006
1047.492188	1245.680786
1051.103516	1234.564941
1054.712891	1225.49353
1058.320313	1256.824463
1061.925781	1305.311035
1065.53125	1247.587158
1069.134766	1285.822998
1072.736328	1248.623901
1076.335938	1273.164429
1079.935547	1314.204102
1083.533203	1296.889893
1087.128906	1288.494507
1090.722656	1284.904297
1094.316406	1288.188354
1097.90625	1277.713745
1101.496094	1294.075195
1105.085938	1300.120605
1108.671875	1256.569336
1112.257813	1252.265503
1115.841797	1283.810791
1119.423828	1278.824341
1123.003906	1290.394653
1126.583984	1311.638916
1130.162109	1297.678589
1133.738281	1286.470093
1137.314453	1248.29541
1140.886719	1223.918335
1144.458984	1258.320923
1148.029297	1255.380737
1151.599609	1275.285034
1155.166016	1304.9021
1158.732422	1259.709106
1162.296875	1297.661865
1165.861328	1303.745483
1169.421875	1328.56543
1172.982422	1315.232666
1176.541016	1308.831909
1180.097656	1290.616821
1183.654297	1252.233887
1187.208984	1292.376587
1190.761719	1271.349243
1194.3125	1313.619507
1197.863281	1326.689819
1201.412109	1316.094727
1204.958984	1350.771729
1208.503906	1347.843262
1212.048828	1383.955688
1215.591797	1383.827637
1219.132813	1399.050415
1222.671875	1396.833618
1226.210938	1447.689575
1229.748047	1492.299194
1233.283203	1462.858643
1236.816406	1491.428467
1240.349609	1458.465088
1243.880859	1482.857056
1247.410156	1486.266235
1250.939453	1465.165161
1254.464844	1490.990112
1257.990234	1449.545532
1261.513672	1466.969727
1265.037109	1483.004761
1268.558594	1407.116333
1272.078125	1434.372681
1275.595703	1457.436768
1279.111328	1491.762085
1282.626953	1463.552124
1286.140625	1485.952148
1289.652344	1504.852539
1293.164063	1537.844238
1296.673828	1491.298584
1300.181641	1534.172607
1303.6875	1578.490723
1307.193359	1583.366211
1310.697266	1567.087402
1314.199219	1628.405273
1317.699219	1587.426636
1321.199219	1560.536499
1324.697266	1612.035767
1328.193359	1570.292236
1331.689453	1628.199707
1335.181641	1638.059082
1338.673828	1630.94458
1342.166016	1625.23938
1345.654297	1569.250854
1349.142578	1516.049927
1352.628906	1499.658936
1356.115234	1471.200806
1359.597656	1508.684204
1363.080078	1556.13208
1366.5625	1552.506836
1370.041016	1533.9646
1373.519531	1521.090698
1376.996094	1507.495117
1380.470703	1498.865234
1383.945313	1498.052612
1387.417969	1484.42981
1390.888672	1520.628906
1394.357422	1502.018066
1397.826172	1506.903687
1401.292969	1498.250244
1404.757813	1509.555054
1408.222656	1460.233765
1411.683594	1500.790894
1415.144531	1476.412842
1418.605469	1492.72522
1422.0625	1487.615112
1425.519531	1503.944458
1428.976563	1555.326294
1432.429688	1563.111084
1435.882813	1588.077881
1439.333984	1620.940186
1442.783203	1635.922363
1446.232422	1670.979492
1449.679688	1662.337769
1453.125	1659.425537
1456.570313	1675.880859
1460.011719	1670.817749
1463.453125	1623.388428
1466.894531	1587.412964
1470.332031	1582.306641
1473.769531	1583.665649
1477.207031	1587.901978
1480.640625	1615.883179
1484.074219	1587.746826
1487.505859	1543.746582
1490.935547	1511.235596
1494.365234	1493.110229
1497.792969	1475.690674
1501.21875	1470.51709
1504.644531	1463.895874
1508.066406	1474.591675
1511.490234	1449.914307
1514.910156	1454.111084
1518.330078	1423.623535
1521.748047	1449.50061
1525.164063	1467.442627
1528.580078	1468.75769
1531.992188	1480.930664
1535.40625	1485.147827
1538.816406	1479.22644
1542.226563	1511.708618
1545.634766	1517.392212
1549.041016	1520.904053
1552.447266	1586.817261
1555.851563	1594.714355
1559.253906	1593.177368
1562.65625	1566.213257
1566.056641	1627.888794
1569.455078	1631.451294
1572.851563	1645.198608
1576.248047	1632.762695
1579.642578	1618.860474
1583.035156	1615.869629
1586.427734	1601.948608
1589.818359	1604.778076
1593.207031	1567.510254
1596.595703	1579.079712
1599.982422	1571.68689
1603.367188	1619.76416
1606.751953	1623.334595
1610.132813	1604.991333
1613.513672	1603.442139
1616.894531	1617.975952
1620.273438	1653.000732
1623.650391	1624.394409
1627.025391	1608.940796
1630.400391	1567.111816
1633.773438	1569.936768
1637.144531	1618.935181
1640.513672	1602.719727
1643.882813	1686.976196
1647.251953	1693.520874
1650.617188	1689.059448
1653.982422	1715.436768
1657.345703	1733.019043
1660.707031	1734.446289
1664.068359	1747.637939
1667.427734	1771.872559
1670.787109	1734.317505
1674.142578	1686.426636
1677.498047	1705.509644
1680.853516	1653.884644
1684.205078	1670.021118
1687.556641	1633.822876
1690.90625	1599.070435
1694.255859	1595.28064
1697.603516	1594.440063
1700.949219	1553.721558
1704.294922	1568.376709
1707.638672	1539.439331
1710.980469	1496.43103
1714.320313	1556.197754
1717.660156	1466.545288
1720.998047	1469.349487
1724.335938	1476.598755
1727.669922	1477.185913
1731.003906	1514.828735
1734.337891	1486.516235
1737.669922	1461.88916
1741	1445.404175
1744.328125	1462.308716
1747.65625	1464.374634
1750.982422	1456.041626
1754.306641	1469.25354
1757.630859	1482.475586
1760.953125	1439.181763
1764.273438	1466.538818
1767.59375	1492.428467
1770.912109	1481.105957
1774.228516	1476.478516
1777.544922	1477.063721
1780.859375	1461.247192
1784.171875	1457.351074
1787.484375	1469.120239
1790.792969	1504.037354
1794.103516	1491.938599
1797.410156	1495.51709
1800.716797	1456.501709
1804.023438	1430.164185
1807.326172	1483.082764
1810.628906	1455.237793
1813.929688	1493.986206
1817.230469	1489.335205
1820.529297	1478.6875
1823.826172	1443.301636
1827.123047	1493.350098
1830.417969	1490.190063
1833.710938	1441.260864
1837.001953	1484.611816
1840.292969	1462.671875
1843.583984	1497.802124
1846.871094	1493.13269
1850.158203	1477.183105
1853.443359	1468.741089
1856.728516	1480.605103
1860.011719	1451.835815
1863.292969	1465.207642
1866.574219	1471.810669
1869.853516	1477.665039
1873.130859	1479.00061
1876.408203	1434.335693
1879.683594	1443.19873
1882.957031	1506.407837
1886.230469	1525.120605
1889.501953	1485.689087
1892.771484	1495.340576
1896.041016	1508.022827
1899.308594	1475.342773
1902.574219	1460.792603
1905.839844	1462.880005
1909.103516	1462.69751
1912.365234	1460.24231
1915.626953	1482.03064
1918.886719	1478.822388
1922.146484	1514.283569
1925.402344	1478.465942
1928.658203	1453.244141
1931.914063	1481.90332
1935.167969	1460.459595
1938.419922	1453.434448
1941.669922	1485.166626
1944.919922	1533.651245
1948.167969	1505.346924
1951.416016	1486.151367
1954.662109	1511.093384
1957.90625	1469.799438
1961.150391	1499.324951
1964.392578	1470.949829
1967.632813	1506.597778
1970.873047	1507.187012
1974.111328	1539.824097
1977.347656	1475.54187
1980.583984	1495.973145
1983.818359	1453.776978
1987.050781	1539.175171
1990.283203	1494.668579
1993.513672	1529.6698
1996.744141	1512.668823
1999.970703	1507.901123
2003.199219	1491.643311
2006.423828	1476.904541
2009.648438	1488.975464
2012.871094	1430.525757
2016.09375	1507.775879
2019.314453	1455.425049
2022.533203	1526.604248
2025.751953	1508.003296
2028.96875	1477.865723
2032.183594	1509.177979
2035.398438	1478.247925
2038.611328	1457.290771
2041.824219	1530.942993
2045.035156	1492.287964
2048.244141	1483.629395
2051.451172	1533.5
2054.658203	1524.079468
2057.865234	1479.193726
2061.068359	1493.648438
2064.271484	1484.200317
2067.474609	1494.037354
2070.673828	1455.244751
2073.875	1471.255981
2077.072266	1466.418579
2080.269531	1468.533447
2083.464844	1483.020996
2086.660156	1464.258301
2089.853516	1481.849976
2093.044922	1501.003052
2096.236328	1473.705933
2099.425781	1458.782837
2102.613281	1496.548462
2105.800781	1501.004639
2108.986328	1488.400391
2112.169922	1540.18689
2115.353516	1450.74231
2118.535156	1484.693726
2121.716797	1433.221558
2124.896484	1494.390747
2128.074219	1465.42688
2131.251953	1497.101929
2134.427734	1459.557861
2137.603516	1460.900146
2140.777344	1493.387817
2143.949219	1467.481323
2147.119141	1531.164795
2150.289063	1488.102783
2153.458984	1504.27356
2156.625	1500.173218
2159.791016	1504.654053
2162.957031	1462.294678
2166.121094	1469.887695
2169.283203	1500.926147
2172.445313	1493.688354
2175.603516	1474.715698
2178.763672	1440.865723
2181.921875	1476.634644
2185.078125	1458.415283
2188.232422	1502.832153
2191.386719	1512.02832
2194.539063	1488.314331
2197.691406	1466.149902
2200.841797	1470.635498
2203.990234	1525.341187
2207.138672	1497.669678
2210.285156	1502.171509
2213.429688	1472.112427
2216.574219	1489.966675
2219.71875	1484.249756
2222.859375	1470.663574
2226	1470.441406
2229.140625	1482.811646
2232.279297	1486.530029
2235.416016	1490.250977
2238.550781	1507.369751
2241.685547	1496.123779
2244.820313	1510.891602
2247.951172	1561.95813
2251.082031	1512.049805
2254.212891	1484.997559
2257.341797	1506.890259
2260.46875	1509.837524
2263.595703	1523.851929
2266.720703	1489.645264
2269.84375	1501.289063
2272.966797	1487.620239
2276.087891	1481.856445
2279.208984	1464.209595
2282.328125	1496.457153
2285.445313	1477.216675
2288.5625	1494.429932
2291.677734	1479.138794
2294.792969	1462.248779
2297.90625	1457.251099
2301.017578	1497.508057
2304.128906	1516.348877
2307.238281	1524.873779
2310.345703	1503.992554
2313.453125	1487.866455
2316.558594	1469.341064
2319.664063	1500.142822
2322.767578	1514.248901
2325.871094	1612.787842
2328.972656	1586.312988
2332.072266	1591.699463
2335.169922	1514.962646
2338.267578	1464.489624
2341.365234	1470.63269
2344.460938	1495.140137
2347.554688	1485.327515
2350.648438	1453.937744
2353.740234	1469.674805
2356.830078	1460.639893
2359.919922	1488.387451
2363.007813	1486.552734
2366.095703	1463.105835
2369.181641	1502.094604
2372.265625	1511.475952
2375.349609	1473.587402
2378.431641	1471.741821
2381.513672	1462.677368
2384.59375	1517.782471
2387.673828	1487.060059
2390.75	1501.271851
2393.828125	1463.291016
2396.902344	1512.854614
2399.976563	1478.86731
2403.050781	1497.116333
2406.123047	1499.291992
2409.193359	1523.194336
2412.262695	1508.476807
2415.331055	1528.373901
2418.398438	1506.396484
2421.464844	1514.218994
2424.530273	1489.800415
2427.59375	1512.138428
2430.65625	1487.699829
2433.717773	1494.71875
2436.77832	1513.853394
2439.837891	1502.309814
2442.895508	1519.037109
2445.953125	1484.045166
2449.008789	1494.308594
2452.063477	1490.827881
2455.117188	1457.403198
2458.168945	1498.429077
2461.220703	1559.731323
2464.270508	1546.546997
2467.319336	1537.404663
2470.367188	1516.904541
2473.413086	1481.789795
2476.458984	1527.783813
2479.50293	1509.690918
2482.545898	1534.618164
2485.587891	1510.827515
2488.628906	1529.272827
2491.668945	1520.906372
2494.707031	1537.742065
2497.745117	1514.728882
2500.78125	1501.463745
2503.816406	1514.239624
2506.850586	1544.127319
2509.882813	1556.928223
2512.915039	1553.437744
2515.945313	1540.975708
2518.974609	1528.503906
2522.00293	1544.580444
2525.030273	1566.382446
2528.056641	1580.85144
2531.081055	1527.531372
2534.105469	1543.630249
2537.12793	1549.93103
2540.149414	1521.889526
2543.169922	1578.907715
2546.188477	1560.676025
2549.207031	1591.552368
2552.223633	1562.66394
2555.239258	1542.765869
2558.254883	1554.817871
2561.267578	1543.920532
2564.280273	1514.969604
2567.291992	1553.280884
2570.301758	1561.249146
2573.311523	1561.83252
2576.319336	1596.917358
2579.326172	1516.980835
2582.332031	1566.049683
2585.335938	1546.897217
2588.339844	1545.829224
2591.341797	1595.785767
2594.34375	1572.505371
2597.34375	1577.209961
2600.342773	1573.678467
2603.34082	1574.265137
2606.336914	1509.714111
2609.333008	1553.99292
2612.327148	1566.123901
2615.320313	1615.408813
2618.313477	1604.449707
2621.304688	1591.829956
2624.293945	1591.595947
2627.283203	1583.094604
2630.271484	1585.337524
2633.257813	1605.782227
2636.243164	1583.206299
2639.227539	1638.437012
2642.210938	1608.401733
2645.193359	1581.657837
2648.174805	1624.515869
2651.155273	1585.320313
2654.133789	1616.598511
2657.112305	1628.815186
2660.088867	1607.837769
2663.064453	1640.818848
2666.039063	1613.184204
2669.012695	1630.4021
2671.984375	1640.982056
2674.956055	1625.789795
2677.925781	1618.072998
2680.895508	1586.215698
2683.863281	1570.984985
2686.830078	1604.880127
2689.795898	1626.302856
2692.760742	1629.405029
2695.723633	1635.010376
2698.686523	1668.143921
2701.647461	1658.748169
2704.608398	1647.675781
2707.567383	1658.304688
2710.525391	1693.164917
2713.482422	1686.269897
2716.438477	1650.112061
2719.392578	1691.696655
2722.34668	1714.071045
2725.299805	1719.724731
2728.250977	1701.94165
2731.201172	1704.244385
2734.150391	1676.388428
2737.098633	1701.310913
2740.045898	1743.857544
2742.992188	1686.629761
2745.9375	1707.387329
2748.881836	1696.265625
2751.824219	1687.654297
2754.765625	1690.795288
2757.707031	1659.488159
2760.646484	1634.881958
2763.584961	1693.503052
2766.522461	1678.984619
2769.458984	1700.638916
2772.393555	1729.88501
2775.328125	1648.83667
2778.261719	1638.490967
2781.193359	1703.139526
2784.124023	1714.724243
2787.054688	1732.220459
2789.983398	1669.582397
2792.911133	1675.258789
2795.837891	1699.512695
2798.762695	1674.798584
2801.6875	1675.412598
2804.611328	1700.537354
2807.533203	1690.168823
2810.455078	1685.713135
2813.375	1708.329712
2816.293945	1675.097778
2819.211914	1698.572998
2822.129883	1677.171143
2825.045898	1692.189941
2827.959961	1705.524048
2830.874023	1706.147705
2833.787109	1755.124268
2836.698242	1771.040649
2839.609375	1837.903076
2842.518555	1903.115723
2845.427734	2021.046631
2848.334961	2118.666992
2851.241211	2129.64209
2854.146484	2193.35376
2857.050781	2167.780029
2859.954102	2280.062988
2862.856445	2296.219482
2865.757813	2415.443848
2868.657227	2540.718994
2871.556641	2574.033203
2874.454102	2675.582031
2877.351563	2748.204102
2880.24707	2686.063477
2883.141602	2732.280273
2886.036133	2781.945557
2888.928711	2727.435059
2891.820313	2810.459229
2894.710938	2803.787842
2897.599609	2828.750488
2900.488281	2870.839111
2903.375977	2961.735352
2906.262695	2949.970215
2909.147461	3033.252686
2912.032227	3026.643555
2914.915039	3222.278564
2917.797852	3293.746338
2920.678711	3354.973633
2923.558594	3403.375977
2926.4375	3485.283691
2929.31543	3562.957275
2932.192383	3444.867432
2935.068359	3538.905273
2937.943359	3538.467773
2940.817383	3508.796631
2943.69043	3448.139404
2946.561523	3319.465088
2949.432617	3193.279053
2952.301758	3077.333496
2955.170898	2972.500732
2958.038086	2956.342041
2960.905273	2924.655518
2963.770508	2905.017578
2966.634766	2905.204102
2969.499023	2819.100098
2972.361328	2732.93335
2975.222656	2704.559814
2978.083008	2634.700928
2980.942383	2578.617432
2983.800781	2460.251953
2986.657227	2452.491211
2989.513672	2396.279541
2992.369141	2296.757324
2995.223633	2254.299316
2998.076172	2167.643311
3000.928711	2173.621582
3003.779297	2077.340088
3006.629883	2082.422363
3009.478516	1960.019775
3012.327148	1944.240723
3015.173828	1910.224243
3018.019531	1877.919189
3020.865234	1871.645874
3023.708984	1784.566895
3026.551758	1827.795654
3029.393555	1842.363037
3032.234375	1769.094727
3035.074219	1823.674072
3037.913086	1788.642578
3040.750977	1781.447754
3043.587891	1786.441528
3046.423828	1802.765747
3049.258789	1839.148804
3052.091797	1829.34436
3054.924805	1873.612549
3057.756836	1886.499512
3060.586914	1867.971313
3063.416992	1891.343018
3066.246094	1867.561401
3069.073242	1834.150391
3071.900391	1835.68042
3074.725586	1832.838867
3077.550781	1746.018066
3080.374023	1787.770264
3083.196289	1824.299561
3086.018555	1752.268188
3088.838867	1791.43811
3091.658203	1802.593384
3094.477539	1721.709473
3097.294922	1731.970093
3100.111328	1774.696167
3102.926758	1752.511963
3105.741211	1787.374023
3108.554688	1763.421387
3111.367188	1740.329712
3114.178711	1722.494141
3116.990234	1753.877197
3119.799805	1783.523193
3122.607422	1751.606689
3125.415039	1764.550781
3128.22168	1749.331299
3131.027344	1690.065552
3133.832031	1702.119385
3136.635742	1677.165649
3139.438477	1754.464111
3142.240234	1722.454834
3145.041016	1694.833862
3147.839844	1716.61731
3150.638672	1739.298706
3153.436523	1729.317139
3156.233398	1739.64917
3159.02832	1730.543701
3161.823242	1719.663086
3164.617188	1714.965698
3167.410156	1742.116333
3170.201172	1737.422729
3172.992188	1701.73645
3175.782227	1774.081421
3178.570313	1768.506958
3181.358398	1711.520386
3184.144531	1684.639404
3186.930664	1751.757446
3189.71582	1698.252441
3192.499023	1759.20874
3195.282227	1735.856689
3198.063477	1716.040649
3200.844727	1743.575439
