399.333984	1166.951416
403.220703	1136.936157
407.103516	1154.605469
410.986328	1140.46875
414.867188	1086.207397
418.748047	1100.691772
422.625	1115.825806
426.501953	1112.484253
430.375	1109.777222
434.248047	1098.134521
438.119141	1089.673096
441.988281	1097.808472
445.855469	1090.616821
449.722656	1113.460205
453.585938	1113.941895
457.449219	1106.107178
461.310547	1102.745361
465.169922	1085.293945
469.027344	1097.933838
472.882813	1093.281494
476.736328	1098.241577
480.589844	1090.377686
484.441406	1079.939941
488.289063	1101.590576
492.136719	1106.561523
495.984375	1068.488525
499.828125	1083.733398
503.669922	1091.274414
507.511719	1109.11499
511.351563	1094.14624
515.189453	1099.768799
519.025391	1127.297729
522.859375	1119.405396
526.691406	1104.41394
530.523438	1131.979492
534.351563	1078.908325
538.179688	1078.726929
542.005859	1104.37854
545.830078	1066.08667
549.654297	1077.533569
553.474609	1107.743408
557.294922	1063.580078
561.113281	1065.331421
564.927734	1067.083984
568.744141	1097.987793
572.556641	1080.313477
576.367188	1060.678711
580.177734	1044.269775
583.986328	1062.237793
587.792969	1041.27063
591.597656	1034.57312
595.400391	1078.54834
599.201172	1043.910156
603.001953	1062.565308
606.800781	1044.154053
610.597656	1049.807861
614.392578	1076.953247
618.185547	1078.716919
621.976563	1073.313354
625.767578	1051.605957
629.556641	1070.970459
633.34375	1074.690918
637.128906	1071.233521
640.912109	1092.5896
644.693359	1093.709717
648.474609	1081.757935
652.253906	1095.951904
656.03125	1108.849365
659.806641	1112.594971
663.580078	1087.534546
667.353516	1120.749756
671.123047	1100.257935
674.892578	1121.705811
678.660156	1135.957031
682.425781	1119.38147
686.191406	1115.263428
689.953125	1105.231201
693.714844	1122.783447
697.474609	1085.140137
701.232422	1123.739502
704.988281	1110.403442
708.744141	1139.832275
712.498047	1137.025146
716.248047	1150.023193
719.998047	1188.071777
723.748047	1182.643677
727.494141	1192.379272
731.240234	1215.978149
734.982422	1213.85437
738.724609	1168.80603
742.464844	1196.387695
746.205078	1216.061646
749.941406	1204.015137
753.677734	1242.229248
757.412109	1212.315796
761.144531	1212.167725
764.875	1235.199951
768.605469	1217.170898
772.332031	1201.11499
776.058594	1269.264771
779.783203	1284.397583
783.505859	1233.171997
787.228516	1268.885498
790.947266	1233.551758
794.666016	1218.788818
798.382813	1213.320801
802.097656	1266.377808
805.8125	1248.282104
809.523438	1296.072754
813.234375	1261.324585
816.943359	1263.189819
820.650391	1311.712769
824.357422	1260.922852
828.060547	1214.759277
831.763672	1237.294922
835.464844	1269.196289
839.164063	1249.025879
842.861328	1272.939941
846.558594	1282.835449
850.253906	1267.325684
853.947266	1277.22644
857.638672	1264.377808
861.328125	1272.945801
865.017578	1248.025513
868.705078	1263.294922
872.390625	1256.451538
876.074219	1319.359741
879.755859	1300.454956
883.4375	1296.302612
887.117188	1253.194092
890.794922	1246.330322
894.470703	1253.575684
898.146484	1247.378052
901.818359	1274.810913
905.490234	1241.696045
909.160156	1263.762573
912.830078	1241.391724
916.496094	1245.28186
920.162109	1239.062988
923.826172	1272.629272
927.488281	1259.668945
931.148438	1233.197754
934.808594	1226.961914
938.466797	1271.386963
942.123047	1244.210449
945.777344	1267.043457
949.429688	1216.167603
953.082031	1266.074707
956.732422	1241.556885
960.380859	1300.997192
964.027344	1281.892944
967.673828	1241.760132
971.318359	1251.094727
974.960938	1231.94458
978.601563	1248.747559
982.240234	1256.058838
985.878906	1245.036621
989.515625	1256.428955
993.150391	1278.707153
996.783203	1260.878662
1000.416016	1375.026611
1004.044922	1405.549194
1007.673828	1295.82373
1011.302734	1271.84021
1014.927734	1287.363647
1018.552734	1223.812012
1022.175781	1225.686279
1025.796875	1261.679565
1029.416016	1258.109375
1033.035156	1251.121094
1036.650391	1244.809937
1040.265625	1292.489258
1043.880859	1273.881348
1047.492188	1286.724609
1051.103516	1276.994629
1054.712891	1283.002808
1058.320313	1296.549683
1061.925781	1293.662598
1065.53125	1317.506836
1069.134766	1309.13916
1072.736328	1334.381104
1076.335938	1319.835693
1079.935547	1327.936646
1083.533203	1314.749634
1087.128906	1314.608032
1090.722656	1273.217041
1094.316406	1321.201172
1097.90625	1333.445923
1101.496094	1332.622192
1105.085938	1291.857178
1108.671875	1297.903809
1112.257813	1325.320068
1115.841797	1292.084595
1119.423828	1337.454468
1123.003906	1380.101196
1126.583984	1366.865845
1130.162109	1331.519165
1133.738281	1289.924683
1137.314453	1260.736938
1140.886719	1313.119263
1144.458984	1261.779785
1148.029297	1261.609253
1151.599609	1274.592651
1155.166016	1289.664429
1158.732422	1273.567261
1162.296875	1310.83252
1165.861328	1317.615112
1169.421875	1297.345947
1172.982422	1336.054321
1176.541016	1306.748901
1180.097656	1306.593262
1183.654297	1289.064331
1187.208984	1313.927856
1190.761719	1293.604736
1194.3125	1293.442139
1197.863281	1321.121338
1201.412109	1318.183838
1204.958984	1374.457275
1208.503906	1372.932373
1212.048828	1393.716553
1215.591797	1402.660034
1219.132813	1410.91272
1222.671875	1456.867432
1226.210938	1464.450073
1229.748047	1457.367065
1233.283203	1488.020142
1236.816406	1479.541748
1240.349609	1440.277954
1243.880859	1447.867432
1247.410156	1456.162964
1250.939453	1465.165161
1254.464844	1473.473755
1257.990234	1442.536133
1261.513672	1452.243896
1265.037109	1436.704712
1268.558594	1474.489502
1272.078125	1454.03125
1275.595703	1472.186768
1279.111328	1477.70874
1282.626953	1461.443237
1286.140625	1487.358643
1289.652344	1511.887817
1293.164063	1517.433594
1296.673828	1546.218994
1300.181641	1568.687988
1303.6875	1572.14856
1307.193359	1600.990479
1310.697266	1588.950562
1314.199219	1540.211792
1317.699219	1624.130127
1321.199219	1576.071167
1324.697266	1552.697144
1328.193359	1567.465332
1331.689453	1556.08667
1335.181641	1645.131958
1338.673828	1635.189941
1342.166016	1590.554443
1345.654297	1565.710205
1349.142578	1530.927124
1352.628906	1551.395752
1356.115234	1525.085815
1359.597656	1556.916748
1363.080078	1506.460693
1366.5625	1509.914063
1370.041016	1498.456177
1373.519531	1513.275635
1376.996094	1515.313232
1380.470703	1481.089355
1383.945313	1499.47522
1387.417969	1496.527222
1390.888672	1465.812256
1394.357422	1526.944946
1397.826172	1520.440918
1401.292969	1446.930542
1404.757813	1483.171753
1408.222656	1450.246826
1411.683594	1455.831421
1415.144531	1473.557129
1418.605469	1501.295898
1422.0625	1507.62146
1425.519531	1481.785645
1428.976563	1529.583008
1432.429688	1500.157471
1435.882813	1641.03772
1439.333984	1636.691406
1442.783203	1681.046387
1446.232422	1686.74353
1449.679688	1691.727905
1453.125	1698.150269
1456.570313	1627.813965
1460.011719	1661.487549
1463.453125	1620.516479
1466.894531	1623.327271
1470.332031	1521.946167
1473.769531	1514.654297
1477.207031	1512.390381
1480.640625	1526.671387
1484.074219	1522.250488
1487.505859	1460.223022
1490.935547	1461.533447
1494.365234	1446.270386
1497.792969	1441.808228
1501.21875	1419.312134
1504.644531	1427.100098
1508.066406	1413.240479
1511.490234	1400.091553
1514.910156	1420.882446
1518.330078	1451.084351
1521.748047	1447.331787
1525.164063	1435.620361
1528.580078	1444.157837
1531.992188	1461.387573
1535.40625	1466.321045
1538.816406	1495.887695
1542.226563	1474.74939
1545.634766	1510.86731
1549.041016	1518.728271
1552.447266	1574.482666
1555.851563	1569.309204
1559.253906	1569.940552
1562.65625	1538.608276
1566.056641	1558.848877
1569.455078	1574.743042
1572.851563	1581.194458
1576.248047	1575.28125
1579.642578	1651.616211
1583.035156	1625.336182
1586.427734	1636.187622
1589.818359	1572.71167
1593.207031	1571.15564
1596.595703	1563.033569
1599.982422	1549.797119
1603.367188	1592.025879
1606.751953	1603.61792
1610.132813	1561.159058
1613.513672	1571.285645
1616.894531	1559.486084
1620.273438	1603.264404
1623.650391	1556.345459
1627.025391	1577.464722
1630.400391	1595.671265
1633.773438	1590.449219
1637.144531	1579.359497
1640.513672	1607.118774
1643.882813	1582.09021
1647.251953	1623.813477
1650.617188	1670.70813
1653.982422	1672.844604
1657.345703	1660.289551
1660.707031	1689.615356
1664.068359	1681.467407
1667.427734	1661.544312
1670.787109	1659.264404
1674.142578	1660.66272
1677.498047	1639.969727
1680.853516	1585.371826
1684.205078	1543.995728
1687.556641	1554.196167
1690.90625	1531.950806
1694.255859	1503.784424
1697.603516	1463.046387
1700.949219	1483.567749
1704.294922	1451.653442
1707.638672	1462.578247
1710.980469	1409.927856
1714.320313	1420.843994
1717.660156	1411.050415
1720.998047	1444.181885
1724.335938	1427.724365
1727.669922	1399.400269
1731.003906	1457.022217
1734.337891	1428.686646
1737.669922	1387.719238
1741	1441.694214
1744.328125	1402.925659
1747.65625	1399.769897
1750.982422	1428.555054
1754.306641	1423.176758
1757.630859	1380.620483
1760.953125	1388.605957
1764.273438	1400.317627
1767.59375	1404.594849
1770.912109	1396.215942
1774.228516	1371.441406
1777.544922	1398.068359
1780.859375	1394.14917
1784.171875	1411.109741
1787.484375	1427.337158
1790.792969	1433.127319
1794.103516	1399.345825
1797.410156	1390.935547
1800.716797	1422.125488
1804.023438	1425.678589
1807.326172	1406.049194
1810.628906	1437.281128
1813.929688	1438.5979
1817.230469	1384.505127
1820.529297	1412.768311
1823.826172	1411.078369
1827.123047	1464.862549
1830.417969	1403.943481
1833.710938	1418.752808
1837.001953	1384.036499
1840.292969	1423.627197
1843.583984	1420.433228
1846.871094	1408.970215
1850.158203	1412.532837
1853.443359	1413.841919
1856.728516	1426.436646
1860.011719	1480.435913
1863.292969	1433.584473
1866.574219	1440.175049
1869.853516	1387.241821
1873.130859	1427.740723
1876.408203	1423.777954
1879.683594	1430.373657
1882.957031	1431.691162
1886.230469	1414.134155
1889.501953	1433.572998
1892.771484	1412.224121
1896.041016	1430.165039
1899.308594	1436.020508
1902.574219	1395.734009
1905.839844	1434.121948
1909.103516	1427.114258
1912.365234	1390.562622
1915.626953	1393.381592
1918.886719	1441.681274
1922.146484	1449.829834
1925.402344	1428.399902
1928.658203	1403.158447
1931.914063	1406.745239
1935.167969	1420.207764
1938.419922	1438.998779
1941.669922	1415.240601
1944.919922	1460.656494
1948.167969	1414.828247
1951.416016	1440.493896
1954.662109	1444.864136
1957.90625	1487.315186
1961.150391	1446.757202
1964.392578	1453.42041
1967.632813	1407.479492
1970.873047	1408.029907
1974.111328	1426.130493
1977.347656	1408.367676
1980.583984	1432.590942
1983.818359	1462.180298
1987.050781	1455.873291
1990.283203	1431.976685
1993.513672	1431.006104
1996.744141	1426.973877
1999.970703	1458.147949
2003.199219	1484.751709
2006.423828	1436.305054
2009.648438	1462.920288
2012.871094	1442.791748
2016.09375	1463.294189
2019.314453	1432.408325
2022.533203	1461.364746
2025.751953	1447.345337
2028.96875	1451.749634
2032.183594	1455.38855
2035.398438	1456.723755
2038.611328	1487.282471
2041.824219	1479.398682
2045.035156	1423.022461
2048.244141	1452.062744
2051.451172	1454.937988
2054.658203	1463.20874
2057.865234	1439.111328
2061.068359	1472.057251
2064.271484	1454.886597
2067.474609	1454.679932
2070.673828	1418.960083
2073.875	1450.403442
2077.072266	1458.692505
2080.269531	1442.254395
2083.464844	1467.556763
2086.660156	1432.544312
2089.853516	1435.421265
2093.044922	1451.459961
2096.236328	1476.803589
2099.425781	1473.502319
2102.613281	1463.997925
2105.800781	1472.318115
2108.986328	1453.497925
2112.169922	1432.334961
2115.353516	1468.595215
2118.535156	1461.398315
2121.716797	1453.418701
2124.896484	1464.083252
2128.074219	1412.562622
2131.251953	1493.991089
2134.427734	1453.33374
2137.603516	1448.447021
2140.777344	1462.243164
2143.949219	1462.028931
2147.119141	1447.009155
2150.289063	1462.378662
2153.458984	1472.300903
2156.625	1483.790649
2159.791016	1503.093262
2162.957031	1480.251343
2166.121094	1480.041016
2169.283203	1450.139893
2172.445313	1441.319336
2175.603516	1463.768677
2178.763672	1495.621826
2181.921875	1493.067749
2185.078125	1486.597168
2188.232422	1476.98877
2191.386719	1459.538208
2194.539063	1489.881836
2197.691406	1485.750732
2200.841797	1457.301758
2203.990234	1468.062378
2207.138672	1497.669678
2210.285156	1457.412598
2213.429688	1443.832764
2216.574219	1441.244141
2219.71875	1469.312866
2222.859375	1458.866821
2226	1449.98584
2229.140625	1441.884766
2232.279297	1480.231201
2235.416016	1508.367065
2238.550781	1531.796509
2241.685547	1526.077759
2244.820313	1509.314453
2247.951172	1470.449585
2251.082031	1463.9104
2254.212891	1461.313354
2257.341797	1434.230957
2260.46875	1497.986328
2263.595703	1494.60791
2266.720703	1473.831543
2269.84375	1501.289063
2272.966797	1490.7854
2276.087891	1442.276978
2279.208984	1478.463623
2282.328125	1456.055176
2285.445313	1488.311646
2288.5625	1473.817139
2291.677734	1457.724976
2294.792969	1473.356445
2297.90625	1494.555542
2301.017578	1468.923706
2304.128906	1523.497803
2307.238281	1481.964355
2310.345703	1488.889038
2313.453125	1468.781006
2316.558594	1454.226074
2319.664063	1509.692871
2322.767578	1527.783203
2325.871094	1602.434082
2328.972656	1634.914307
2332.072266	1576.555542
2335.169922	1551.640747
2338.267578	1528.30188
2341.365234	1482.602051
2344.460938	1507.114014
2347.554688	1454.183594
2350.648438	1489.886841
2353.740234	1473.670776
2356.830078	1522.998901
2359.919922	1521.978149
2363.007813	1491.353271
2366.095703	1486.317017
2369.181641	1488.48291
2372.265625	1486.645142
2375.349609	1500.030151
2378.431641	1502.202759
2381.513672	1532.443237
2384.59375	1501.738281
2387.673828	1504.715332
2390.75	1507.694336
2393.828125	1525.93457
2396.902344	1523.299194
2399.976563	1490.119629
2403.050781	1534.906006
2406.123047	1529.052612
2409.193359	1476.524902
2412.262695	1484.328369
2415.331055	1525.152832
2418.398438	1512.0354
2421.464844	1548.871216
2424.530273	1523.659546
2427.59375	1525.848511
2430.65625	1552.242188
2433.717773	1534.265869
2436.77832	1534.845459
2439.837891	1551.579102
2442.895508	1547.317017
2445.953125	1524.460327
2449.008789	1553.337036
2452.063477	1570.9104
2455.117188	1556.937134
2458.168945	1544.571899
2461.220703	1511.951416
2464.270508	1529.53418
2467.319336	1491.209595
2470.367188	1499.878906
2473.413086	1520.720215
2476.458984	1524.53833
2479.50293	1525.112427
2482.545898	1595.515747
2485.587891	1527.072998
2488.628906	1520.334351
2491.668945	1531.473877
2494.707031	1508.467285
2497.745117	1508.220947
2500.78125	1519.36731
2503.816406	1559.015503
2506.850586	1543.312988
2509.882813	1522.709961
2512.915039	1577.073486
2515.945313	1571.142944
2518.974609	1552.973022
2522.00293	1549.476074
2525.030273	1484.757446
2528.056641	1509.811035
2531.081055	1556.938354
2534.105469	1544.447388
2537.12793	1567.098022
2540.149414	1545.605225
2543.169922	1547.002319
2546.188477	1536.124268
2549.207031	1606.28894
2552.223633	1586.415039
2555.239258	1537.030762
2558.254883	1526.950806
2561.267578	1574.257813
2564.280273	1577.307251
2567.291992	1560.665649
2570.301758	1621.170898
2573.311523	1589.751709
2576.319336	1588.702759
2579.326172	1555.603882
2582.332031	1572.626221
2585.335938	1564.989624
2588.339844	1529.375488
2591.341797	1581.7948
2594.34375	1616.140381
2597.34375	1576.386353
2600.342773	1546.489258
2603.34082	1542.120483
2606.336914	1596.289673
2609.333008	1563.066162
2612.327148	1618.108032
2615.320313	1579.914429
2618.313477	1569.767822
2621.304688	1594.308105
2624.293945	1584.158569
2627.283203	1601.281616
2630.271484	1610.147217
2633.257813	1651.283447
2636.243164	1603.068848
2639.227539	1562.269043
2642.210938	1577.757568
2645.193359	1604.856689
2648.174805	1617.885254
2651.155273	1606.048828
2654.133789	1640.652588
2657.112305	1624.666382
2660.088867	1608.667847
2663.064453	1631.684692
2666.039063	1584.94104
2669.012695	1599.655518
2671.984375	1597.754639
2674.956055	1674.022949
2677.925781	1624.728271
2680.895508	1624.497925
2683.863281	1625.932007
2686.830078	1599.050293
2689.795898	1629.635498
2692.760742	1620.237061
2695.723633	1631.675415
2698.686523	1634.781128
2701.647461	1695.460938
2704.608398	1633.486084
2707.567383	1641.604736
2710.525391	1699.012085
2713.482422	1657.023315
2716.438477	1689.400391
2719.392578	1718.456055
2722.34668	1728.292236
2725.299805	1691.271851
2728.250977	1696.081665
2731.201172	1700.894531
2734.150391	1704.872803
2737.098633	1733.158081
2740.045898	1644.088867
2742.992188	1704.242432
2745.9375	1719.133423
2748.881836	1713.052002
2751.824219	1676.739014
2754.765625	1702.554443
2757.707031	1632.60022
2760.646484	1660.098633
2763.584961	1690.980347
2766.522461	1663.843506
2769.458984	1696.431519
2772.393555	1685.269897
2775.328125	1710.310181
2778.261719	1678.084351
2781.193359	1717.46582
2784.124023	1686.904297
2787.054688	1701.016968
2789.983398	1713.452271
2792.911133	1691.293945
2795.837891	1691.914307
2798.762695	1673.953979
2801.6875	1705.828491
2804.611328	1715.750854
2807.533203	1695.241943
2810.455078	1717.854126
2813.375	1678.715332
2816.293945	1714.033813
2819.211914	1712.120972
2822.129883	1695.806396
2825.045898	1715.91626
2827.959961	1725.02063
2830.874023	1805.362061
2833.787109	1826.381104
2836.698242	1865.23584
2839.609375	1927.039307
2842.518555	1993.98291
2845.427734	2088.159912
2848.334961	2253.79248
2851.241211	2314.126221
2854.146484	2371.101318
2857.050781	2374.518799
2859.954102	2434.109863
2862.856445	2556.747314
2865.757813	2608.781738
2868.657227	2664.261475
2871.556641	2705.291748
2874.454102	2818.825439
2877.351563	2867.617188
2880.24707	2952.280518
2883.141602	2904.70166
2886.036133	2948.452637
2888.928711	2981.984375
2891.820313	2954.870361
2894.710938	2990.991943
2897.599609	3022.863525
2900.488281	3037.648926
2903.375977	3055.867432
2906.262695	3110.052734
2909.147461	3154.856934
2912.032227	3272.510254
2914.915039	3359.396729
2917.797852	3407.76709
2920.678711	3484.4729
2923.558594	3518.337402
2926.4375	3650.922607
2929.31543	3689.16333
2932.192383	3812.457275
2935.068359	3785.48584
2937.943359	3769.667236
2940.817383	3695.370605
2943.69043	3531.569092
2946.561523	3411.529053
2949.432617	3269.022705
2952.301758	3141.049805
2955.170898	3086.198242
2958.038086	3014.93457
2960.905273	3026.36792
2963.770508	2903.292969
2966.634766	2883.639404
2969.499023	2810.471191
2972.361328	2839.97168
2975.222656	2736.510254
2978.083008	2634.700928
2980.942383	2593.308105
2983.800781	2631.415039
2986.657227	2532.050049
2989.513672	2427.422607
2992.369141	2377.239014
2995.223633	2327.018555
2998.076172	2202.283936
3000.928711	2114.711182
3003.779297	2144.938232
3006.629883	2015.666992
3009.478516	1998.179565
3012.327148	1962.459839
3015.173828	1920.638916
3018.019531	1869.237183
3020.865234	1852.538574
3023.708984	1847.122314
3026.551758	1793.030151
3029.393555	1861.490967
3032.234375	1853.461548
3035.074219	1775.820068
3037.913086	1812.142944
3040.750977	1838.913818
3043.587891	1837.831177
3046.423828	1838.48999
3049.258789	1802.540161
3052.091797	1824.984619
3054.924805	1877.101563
3057.756836	1869.920654
3060.586914	1884.556152
3063.416992	1893.089355
3066.246094	1873.676025
3069.073242	1878.71521
3071.900391	1851.414795
3074.725586	1863.444458
3077.550781	1798.50354
3080.374023	1779.019531
3083.196289	1742.013428
3086.018555	1776.78772
3088.838867	1745.009644
3091.658203	1767.540527
3094.477539	1741.87207
3097.294922	1717.062012
3100.111328	1768.555298
3102.926758	1760.410156
3105.741211	1685.539429
3108.554688	1725.658936
3111.367188	1757.899902
3114.178711	1721.615356
3116.990234	1743.327515
3119.799805	1743.068604
3122.607422	1721.694702
3125.415039	1773.351563
3128.22168	1765.178223
3131.027344	1756.998779
3133.832031	1745.289063
3136.635742	1678.928345
3139.438477	1720.961792
3142.240234	1711.87146
3145.041016	1730.124512
3147.839844	1735.151489
3150.638672	1767.55127
3153.436523	1710.769775
3156.233398	1766.154663
3159.02832	1726.124512
3161.823242	1712.589966
3164.617188	1757.419678
3167.410156	1704.955933
3170.201172	1701.134155
3172.992188	1710.590454
3175.782227	1722.710083
3178.570313	1713.573364
3181.358398	1744.314941
3184.144531	1723.6521
3186.930664	1709.183105
3189.71582	1730.19458
3192.499023	1708.615967
3195.282227	1738.520386
3198.063477	1763.116211
3200.844727	1739.134277
