399.333984	1336.019531
403.220703	1283.186279
407.103516	1290.104614
410.986328	1288.118652
414.867188	1270.213135
418.748047	1252.928711
422.625	1235.628906
426.501953	1269.953369
430.375	1259.023193
434.248047	1276.158569
438.119141	1276.711304
441.988281	1279.179932
445.855469	1242.677002
449.722656	1242.575562
453.585938	1252.705078
457.449219	1256.445557
461.310547	1256.348877
465.169922	1305.554199
469.027344	1208.111572
472.882813	1245.161743
476.736328	1264.292114
480.589844	1219.298828
484.441406	1283.351074
488.289063	1259.510864
492.136719	1247.209839
495.984375	1264.453125
499.828125	1290.709839
503.669922	1306.699829
507.511719	1284.746338
511.351563	1282.081909
515.189453	1281.990479
519.025391	1300.579468
522.859375	1270.206177
526.691406	1285.581665
530.523438	1281.619995
534.351563	1289.269653
538.179688	1293.052124
542.005859	1270.358276
545.830078	1298.04126
549.654297	1263.694214
553.474609	1290.104004
557.294922	1288.717529
561.113281	1287.329468
564.927734	1276.227295
568.744141	1258.637451
572.556641	1250.75293
576.367188	1249.993042
580.177734	1286.851685
583.986328	1230.301147
587.792969	1252.251343
591.597656	1229.407959
595.400391	1250.726196
599.201172	1249.312134
603.001953	1264.803833
606.800781	1269.899536
610.597656	1260.680664
614.392578	1243.640015
618.185547	1260.457275
621.976563	1315.737549
625.767578	1292.177856
629.556641	1274.467896
633.34375	1275.012817
637.128906	1270.988159
640.912109	1302.878784
644.693359	1312.582275
648.474609	1290.265869
652.253906	1304.54895
656.03125	1293.984619
659.806641	1270.321655
663.580078	1315.386475
667.353516	1315.29248
671.123047	1332.236084
674.892578	1314.447754
678.660156	1335.995728
682.425781	1335.908936
686.191406	1311.534058
689.953125	1319.316406
693.714844	1336.302734
697.474609	1326.355469
701.232422	1375.578125
704.988281	1332.089478
708.744141	1364.903076
712.498047	1345.732178
716.248047	1380.55481
719.998047	1414.747681
723.748047	1402.82373
727.494141	1390.889282
731.240234	1394.119263
734.982422	1396.031494
738.724609	1395.963867
742.464844	1443.460693
746.205078	1428.872437
749.941406	1405.014893
753.677734	1420.824585
757.412109	1407.530396
761.144531	1433.284058
764.875	1393.490967
768.605469	1415.946777
772.332031	1419.861084
776.058594	1469.535278
779.783203	1468.830688
783.505859	1511.929932
787.228516	1466.090576
790.947266	1505.238647
794.666016	1462.015015
798.382813	1448.006958
802.097656	1472.563354
805.8125	1481.170532
809.523438	1523.734131
813.234375	1515.720459
816.943359	1509.032104
820.650391	1489.673828
824.357422	1487.635498
828.060547	1500.270996
831.763672	1490.226318
835.464844	1495.528564
839.164063	1466.102539
842.861328	1478.080444
846.558594	1496.084351
850.253906	1532.159912
853.947266	1513.402954
857.638672	1506.008545
861.328125	1518.695923
865.017578	1459.714233
868.705078	1481.774658
872.390625	1481.727783
876.074219	1469.607056
879.755859	1469.554321
883.4375	1490.983032
887.117188	1496.982666
890.794922	1521.127686
894.470703	1480.765259
898.146484	1489.456787
901.818359	1467.209839
905.490234	1449.654907
909.160156	1444.877197
912.830078	1454.240112
916.496094	1469.675293
920.162109	1536.3573
923.826172	1489.11792
927.488281	1461.404907
931.148438	1509.266602
934.808594	1470.733643
938.466797	1467.97229
942.123047	1434.119751
945.777344	1461.765137
949.429688	1453.584106
953.082031	1487.350098
956.732422	1450.739502
960.380859	1444.574097
964.027344	1484.475464
967.673828	1476.284668
971.318359	1455.202881
974.960938	1469.378906
978.601563	1427.236938
982.240234	1435.30188
985.878906	1448.127686
989.515625	1487.465088
993.150391	1513.238892
996.783203	1501.629028
1000.416016	1579.817871
1004.044922	1592.048218
1007.673828	1498.062012
1011.302734	1510.948853
1014.927734	1504.763794
1018.552734	1486.301025
1022.175781	1430.990479
1025.796875	1437.727905
1029.416016	1503.177856
1033.035156	1521.559937
1036.650391	1510.578979
1040.265625	1459.945557
1043.880859	1517.990723
1047.492188	1525.463013
1051.103516	1502.829712
1054.712891	1528.10144
1058.320313	1511.613892
1061.925781	1528.001953
1065.53125	1525.209473
1069.134766	1538.187134
1072.736328	1527.163086
1076.335938	1521.620239
1079.935547	1530.491577
1083.533203	1553.795044
1087.128906	1537.259888
1090.722656	1567.459473
1094.316406	1568.797363
1097.90625	1583.897095
1101.496094	1549.448608
1105.085938	1561.797485
1108.671875	1527.310303
1112.257813	1519.672852
1115.841797	1554.086792
1119.423828	1566.456421
1123.003906	1609.19812
1126.583984	1587.083008
1130.162109	1593.264893
1133.738281	1501.342407
1137.314453	1486.757202
1140.886719	1486.680542
1144.458984	1490.062256
1148.029297	1516.284058
1151.599609	1559.143188
1155.166016	1556.324341
1158.732422	1505.691895
1162.296875	1496.608887
1165.861328	1572.122803
1169.421875	1592.197266
1172.982422	1571.338623
1176.541016	1596.288818
1180.097656	1567.078369
1183.654297	1555.216187
1187.208984	1555.8573
1190.761719	1556.498657
1194.3125	1555.748535
1197.863281	1569.614624
1201.412109	1600.900391
1204.958984	1660.076904
1208.503906	1640.549683
1212.048828	1650.98584
1215.591797	1667.010132
1219.132813	1649.553711
1222.671875	1695.606567
1226.210938	1706.080811
1229.748047	1669.754272
1233.283203	1723.559204
1236.816406	1741.048706
1240.349609	1715.882446
1243.880859	1757.175049
1247.410156	1769.797974
1250.939453	1795.037476
1254.464844	1767.748169
1257.990234	1726.417114
1261.513672	1741.150024
1265.037109	1774.133911
1268.558594	1751.701904
1272.078125	1744.697144
1275.595703	1769.995605
1279.111328	1746.127563
1282.626953	1779.178955
1286.140625	1770.765503
1289.652344	1775.008301
1293.164063	1751.805176
1296.673828	1818.708374
1300.181641	1838.471313
1303.6875	1863.182739
1307.193359	1866.059814
1310.697266	1849.191406
1314.199219	1837.953125
1317.699219	1848.586182
1321.199219	1871.937622
1324.697266	1856.454956
1328.193359	1924.349976
1331.689453	1887.665283
1335.181641	1909.654419
1338.673828	1926.000488
1342.166016	1939.527832
1345.654297	1885.083862
1349.142578	1815.717773
1352.628906	1795.905273
1356.115234	1867.538818
1359.597656	1834.25354
1363.080078	1845.64502
1366.5625	1815.872192
1370.041016	1790.335571
1373.519531	1823.74585
1376.996094	1771.893066
1380.470703	1776.880615
1383.945313	1786.850952
1387.417969	1829.563354
1390.888672	1809.662354
1394.357422	1836.749512
1397.826172	1848.896118
1401.292969	1804.030151
1404.757813	1804.763306
1408.222656	1811.203491
1411.683594	1809.79834
1415.144531	1793.398926
1418.605469	1779.842651
1422.0625	1795.569946
1425.519531	1804.876343
1428.976563	1838.50293
1432.429688	1858.564087
1435.882813	1897.248535
1439.333984	1920.928711
1442.783203	1953.222534
1446.232422	1942.549561
1449.679688	1942.619751
1453.125	1967.071899
1456.570313	1933.432739
1460.011719	1975.842529
1463.453125	1950.794556
1466.894531	1894.121216
1470.332031	1893.450439
1473.769531	1904.999512
1477.207031	1912.961548
1480.640625	1915.174072
1484.074219	1873.483643
1487.505859	1890.081543
1490.935547	1836.10083
1494.365234	1833.239624
1497.792969	1808.748413
1501.21875	1804.43042
1504.644531	1797.222534
1508.066406	1807.331055
1511.490234	1815.281128
1514.910156	1827.571289
1518.330078	1802.292969
1521.748047	1820.370361
1525.164063	1769.754639
1528.580078	1825.456055
1531.992188	1831.258301
1535.40625	1849.374756
1538.816406	1862.43457
1542.226563	1861.010498
1545.634766	1882.059326
1549.041016	1860.333374
1552.447266	1918.401855
1555.851563	1922.077148
1559.253906	1938.825684
1562.65625	1918.538574
1566.056641	1931.664429
1569.455078	1995.692383
1572.851563	1978.311401
1576.248047	1992.930908
1579.642578	1966.79895
1583.035156	1953.753174
1586.427734	1957.451538
1589.818359	1961.881226
1593.207031	1921.111328
1596.595703	1946.680664
1599.982422	1896.385376
1603.367188	1927.073975
1606.751953	1970.200928
1610.132813	1957.841064
1613.513672	1939.624146
1616.894531	1954.292725
1620.273438	1936.058838
1623.650391	1888.541382
1627.025391	1892.225586
1630.400391	1896.644653
1633.773438	1912.055542
1637.144531	1889.368408
1640.513672	1922.383911
1643.882813	1983.297241
1647.251953	1989.960327
1650.617188	1974.606689
1653.982422	2013.582031
1657.345703	2008.509521
1660.707031	2060.022461
1664.068359	2091.724854
1667.427734	2071.22998
1670.787109	2013.19165
1674.142578	2025.036865
1677.498047	1984.606445
1680.853516	1947.82666
1684.205078	1910.280151
1687.556641	1942.745117
1690.90625	1919.917236
1694.255859	1939.867188
1697.603516	1897.088379
1700.949219	1923.690308
1704.294922	1821.030884
1707.638672	1826.19043
1710.980469	1824.699463
1714.320313	1781.047607
1717.660156	1836.511353
1720.998047	1758.778076
1724.335938	1822.421997
1727.669922	1814.256958
1731.003906	1829.800537
1734.337891	1766.76709
1737.669922	1800.845703
1741	1835.692993
1744.328125	1869.082886
1747.65625	1815.616699
1750.982422	1765.821899
1754.306641	1815.572266
1757.630859	1829.675293
1760.953125	1851.226685
1764.273438	1794.668579
1767.59375	1796.124634
1770.912109	1796.092285
1774.228516	1787.86499
1777.544922	1794.535522
1780.859375	1769.152832
1784.171875	1807.891113
1787.484375	1795.922974
1790.792969	1828.730225
1794.103516	1790.625
1797.410156	1726.34375
1800.716797	1803.252197
1804.023438	1812.936768
1807.326172	1790.468994
1810.628906	1771.723999
1813.929688	1814.339966
1817.230469	1819.549805
1820.529297	1820.268799
1823.826172	1860.704956
1827.123047	1842.69812
1830.417969	1877.174438
1833.710938	1807.390625
1837.001953	1814.859009
1840.292969	1784.790039
1843.583984	1839.577393
1846.871094	1817.759521
1850.158203	1838.77356
1853.443359	1839.498535
1856.728516	1822.9198
1860.011719	1854.496338
1863.292969	1825.109619
1866.574219	1843.906128
1869.853516	1817.505371
1873.130859	1808.421265
1876.408203	1776.705933
1879.683594	1811.354004
1882.957031	1836.217529
1886.230469	1854.305054
1889.501953	1832.375122
1892.771484	1828.562012
1896.041016	1896.55603
1899.308594	1860.247681
1902.574219	1817.858398
1905.839844	1848.087402
1909.103516	1850.327393
1912.365234	1822.273315
1915.626953	1804.804199
1918.886719	1859.329346
1922.146484	1787.264038
1925.402344	1815.273926
1928.658203	1823.574707
1931.914063	1830.363159
1935.167969	1831.080688
1938.419922	1845.474243
1941.669922	1845.437256
1944.919922	1820.307983
1948.167969	1814.935669
1951.416016	1839.236084
1954.662109	1864.316284
1957.90625	1868.85376
1961.150391	1812.446167
1964.392578	1839.068359
1967.632813	1890.871704
1970.873047	1839.744385
1974.111328	1867.170288
1977.347656	1835.076294
1980.583984	1818.229736
1983.818359	1844.91394
1987.050781	1854.04126
1990.283203	1874.643188
1993.513672	1865.432251
1996.744141	1820.252441
1999.970703	1859.234375
2003.199219	1850.005249
2006.423828	1843.06665
2009.648438	1822.328125
2012.871094	1846.804077
2016.09375	1878.20105
2019.314453	1862.054077
2022.533203	1882.735107
2025.751953	1829.720947
2028.96875	1833.505981
2032.183594	1821.925171
2035.398438	1866.451416
2038.611328	1908.704834
2041.824219	1841.747437
2045.035156	1870.170044
2048.244141	1905.543701
2051.451172	1860.071655
2054.658203	1884.680664
2057.865234	1882.329834
2061.068359	1860.698975
2064.271484	1845.222046
2067.474609	1868.318359
2070.673828	1884.484009
2073.875	1849.689209
2077.072266	1841.908325
2080.269531	1872.766602
2083.464844	1898.23584
2086.660156	1888.142944
2089.853516	1863.339233
2093.044922	1859.41687
2096.236328	1853.167847
2099.425781	1911.2146
2102.613281	1849.178955
2105.800781	1845.243286
2108.986328	1855.265137
2112.169922	1900.210449
2115.353516	1853.596802
2118.535156	1924.976807
2121.716797	1900.863403
2124.896484	1885.279297
2128.074219	1903.888794
2131.251953	1911.624268
2134.427734	1886.688599
2137.603516	1892.087524
2140.777344	1881.917847
2143.949219	1868.624146
2147.119141	1895.839111
2150.289063	1877.862549
2153.458984	1864.550537
2156.625	1860.589233
2159.791016	1855.063721
2162.957031	1872.955078
2166.121094	1850.246582
2169.283203	1875.96228
2172.445313	1840.730469
2175.603516	1870.371094
2178.763672	1849.189331
2181.921875	1905.461182
2185.078125	1889.755493
2188.232422	1872.470947
2191.386719	1871.624756
2194.539063	1888.803345
2197.691406	1880.90564
2200.841797	1893.394165
2203.990234	1885.491211
2207.138672	1926.248047
2210.285156	1895.578735
2213.429688	1928.514404
2216.574219	1867.173462
2219.71875	1889.116577
2222.859375	1890.628418
2226	1878.766235
2229.140625	1916.478882
2232.279297	1886.507446
2235.416016	1931.340088
2238.550781	1950.991821
2241.685547	1880.796265
2244.820313	1881.517334
2247.951172	1834.117554
2251.082031	1905.056519
2254.212891	1909.733765
2257.341797	1910.46521
2260.46875	1926.998291
2263.595703	1906.395752
2266.720703	1924.520386
2269.84375	1882.543701
2272.966797	1907.793823
2276.087891	1895.066406
2279.208984	1882.328857
2282.328125	1902.853394
2285.445313	1871.880737
2288.5625	1894.001709
2291.677734	1916.139038
2294.792969	1920.044556
2297.90625	1865.218018
2301.017578	1896.896606
2304.128906	1921.450073
2307.238281	1910.263916
2310.345703	1911.787598
2313.453125	1882.298218
2316.558594	1882.220459
2319.664063	1885.325439
2322.767578	1965.657471
2325.871094	1978.353027
2328.972656	2031.69165
2332.072266	2015.727539
2335.169922	1955.099243
2338.267578	1884.852417
2341.365234	1886.367798
2344.460938	1869.523804
2347.554688	1917.35022
2350.648438	1914.085083
2353.740234	1912.415405
2356.830078	1929.131958
2359.919922	1921.86731
2363.007813	1871.392334
2366.095703	1901.717407
2369.181641	1929.663208
2372.265625	1975.251465
2375.349609	1904.685791
2378.431641	1881.360596
2381.513672	1878.064941
2384.59375	1930.921021
2387.673828	1884.304932
2390.75	1921.14624
2393.828125	1949.983765
2396.902344	1869.576538
2399.976563	1930.564819
2403.050781	1939.336548
2406.123047	1900.658203
2409.193359	1930.345093
2412.262695	1905.317383
2415.331055	1943.885376
2418.398438	1938.176392
2421.464844	1886.52832
2424.530273	1908.202148
2427.59375	1925.859497
2430.65625	1958.858643
2433.717773	1922.473022
2436.77832	1942.57666
2439.837891	1875.464111
2442.895508	1940.004272
2445.953125	1961.752563
2449.008789	1942.277832
2452.063477	1968.087036
2455.117188	1957.500488
2458.168945	1966.333984
2461.220703	1933.062622
2464.270508	1954.854858
2467.319336	1958.833374
2470.367188	1944.167358
2473.413086	1946.521851
2476.458984	1974.841064
2479.50293	1902.535156
2482.545898	1917.866821
2485.587891	1926.711304
2488.628906	1955.876465
2491.668945	1973.682861
2494.707031	1915.875366
2497.745117	1930.425171
2500.78125	1972.654785
2503.816406	1988.050049
2506.850586	1998.569946
2509.882813	1980.582153
2512.915039	1969.915527
2515.945313	2000.00708
2518.974609	1971.394897
2522.00293	1959.07959
2525.030273	1976.139526
2528.056641	1966.265503
2531.081055	1945.764526
2534.105469	1957.934326
2537.12793	1930.874023
2540.149414	1953.677734
2543.169922	1966.680908
2546.188477	1932.226563
2549.207031	1967.335449
2552.223633	1984.452148
2555.239258	1986.01416
2558.254883	1990.035767
2561.267578	1998.979492
2564.280273	2036.637451
2567.291992	1981.602295
2570.301758	1978.238892
2573.311523	1994.580078
2576.319336	1983.824829
2579.326172	2015.792969
2582.332031	2011.613403
2585.335938	2013.186768
2588.339844	2014.760986
2591.341797	1999.875854
2594.34375	2012.971558
2597.34375	1984.895996
2600.342773	2027.655884
2603.34082	1992.145996
2606.336914	2015.975342
2609.333008	2019.20105
2612.327148	1968.794312
2615.320313	1964.574829
2618.313477	1991.730713
2621.304688	1992.472168
2624.293945	2044.448853
2627.283203	2011.315552
2630.271484	2005.447876
2633.257813	2000.402588
2636.243164	2034.250488
2639.227539	2039.974121
2642.210938	2068.891602
2645.193359	2036.519165
2648.174805	2043.077393
2651.155273	2028.082397
2654.133789	2062.013428
2657.112305	2041.204956
2660.088867	2022.87085
2663.064453	2002.031494
2666.039063	2050.122803
2669.012695	2061.685791
2671.984375	2082.401367
2674.956055	2041.592773
2677.925781	2022.383179
2680.895508	2033.119019
2683.863281	2071.335693
2686.830078	2045.451782
2689.795898	2030.37915
2692.760742	2058.634521
2695.723633	2059.395996
2698.686523	2059.32373
2701.647461	2056.747559
2704.608398	2032.467285
2707.567383	2092.503418
2710.525391	2105.806152
2713.482422	2108.255127
2716.438477	2113.213379
2719.392578	2086.397949
2722.34668	2136.523926
2725.299805	2140.659668
2728.250977	2131.403564
2731.201172	2113.765625
2734.150391	2125.436035
2737.098633	2137.952881
2740.045898	2100.174561
2742.992188	2138.690186
2745.9375	2148.707031
2748.881836	2113.407715
2751.824219	2120.902832
2754.765625	2100.685059
2757.707031	2119.103271
2760.646484	2090.463379
2763.584961	2169.432861
2766.522461	2135.742432
2769.458984	2126.429688
2772.393555	2107.008301
2775.328125	2091.782471
2778.261719	2085.811768
2781.193359	2091.634033
2784.124023	2124.437256
2787.054688	2140.396973
2789.983398	2117.560303
2792.911133	2114.117432
2795.837891	2091.253418
2798.762695	2151.140625
2801.6875	2113.909424
2804.611328	2143.420898
2807.533203	2144.206299
2810.455078	2196.586426
2813.375	2133.931396
2816.293945	2154.180664
2819.211914	2159.203125
2822.129883	2134.581543
2825.045898	2186.204346
2827.959961	2189.546875
2830.874023	2180.171875
2833.787109	2202.17627
2836.698242	2225.044678
2839.609375	2258.965576
2842.518555	2305.648926
2845.427734	2392.293945
2848.334961	2531.692383
2851.241211	2609.130615
2854.146484	2635.59668
2857.050781	2655.275146
2859.954102	2666.456543
2862.856445	2734.689209
2865.757813	2795.305664
2868.657227	2859.373779
2871.556641	2901.327393
2874.454102	2962.068848
2877.351563	3028.824707
2880.24707	3066.617432
2883.141602	3060.051514
2886.036133	3114.959473
2888.928711	3094.737793
2891.820313	3124.061768
2894.710938	3096.98877
2897.599609	3109.231201
2900.488281	3140.30127
2903.375977	3173.104492
2906.262695	3287.256592
2909.147461	3279.886475
2912.032227	3365.888184
2914.915039	3435.668701
2917.797852	3496.92627
2920.678711	3541.932861
2923.558594	3671.047607
2926.4375	3676.669678
2929.31543	3759.563721
2932.192383	3749.760986
2935.068359	3852.500732
2937.943359	3788.575684
2940.817383	3673.016113
2943.69043	3597.796631
2946.561523	3497.570068
2949.432617	3391.245117
2952.301758	3345.97583
2955.170898	3216.26123
2958.038086	3177.787598
2960.905273	3177.212158
2963.770508	3155.078369
2966.634766	3107.912842
2969.499023	3052.08374
2972.361328	3024.699463
2975.222656	3008.520508
2978.083008	2964.686523
2980.942383	2959.706787
2983.800781	2868.276855
2986.657227	2766.403076
2989.513672	2690.407715
2992.369141	2620.414795
2995.223633	2618.761719
2998.076172	2581.599854
3000.928711	2499.361816
3003.779297	2457.795898
3006.629883	2439.607178
3009.478516	2381.510742
3012.327148	2370.221191
3015.173828	2370.205566
3018.019531	2318.097168
3020.865234	2268.556396
3023.708984	2205.078369
3026.551758	2251.06543
3029.393555	2202.315186
3032.234375	2208.324219
3035.074219	2166.483154
3037.913086	2163.778809
3040.750977	2248.141846
3043.587891	2248.076904
3046.423828	2234.94165
3049.258789	2231.384277
3052.091797	2256.598389
3054.924805	2260.023438
3057.756836	2300.970947
3060.586914	2281.718262
3063.416992	2267.69043
3066.246094	2277.237061
3069.073242	2226.496094
3071.900391	2246.523193
3074.725586	2240.330566
3077.550781	2184.271973
3080.374023	2226.180908
3083.196289	2201.589844
3086.018555	2187.489258
3088.838867	2200.53418
3091.658203	2157.503662
3094.477539	2175.805908
3097.294922	2158.16626
3100.111328	2151.917725
3102.926758	2143.031738
3105.741211	2155.208008
3108.554688	2230.622559
3111.367188	2170.800049
3114.178711	2146.966064
3116.990234	2140.697266
3119.799805	2186.311035
3122.607422	2116.708008
3125.415039	2154.424072
3128.22168	2161.353027
3131.027344	2142.74585
3133.832031	2132.054199
3136.635742	2141.625
3139.438477	2156.491943
3142.240234	2150.202148
3145.041016	2142.142822
3147.839844	2156.141846
3150.638672	2147.195068
3153.436523	2132.942139
3156.233398	2163.738281
3159.02832	2147.712646
3161.823242	2121.065186
3164.617188	2111.203125
3167.410156	2136.724609
3170.201172	2139.251465
3172.992188	2130.269531
3175.782227	2105.337646
3178.570313	2118.487061
3181.358398	2134.304199
3184.144531	2062.353271
3186.930664	2162.422607
3189.71582	2141.004883
3192.499023	2106.257568
3195.282227	2096.34668
3198.063477	2132.615723
3200.844727	2078.434326
