399.333984	1097.671631
403.220703	1098.783936
407.103516	1090.354736
410.986328	1066.643799
414.867188	1084.297241
418.748047	1034.446533
422.625	1054.012451
426.501953	1060.844604
430.375	1034.516479
434.248047	1029.221924
438.119141	1035.412842
441.988281	1025.004395
445.855469	1030.559326
449.722656	1032.283691
453.585938	1076.213745
457.449219	1069.002319
461.310547	1017.623413
465.169922	1033.430298
469.027344	1026.830688
472.882813	1025.351929
476.736328	1018.101379
480.589844	1019.823853
484.441406	1023.472534
488.289063	1058.579712
492.136719	1028.209595
495.984375	1037.648193
499.828125	1022.026184
503.669922	1046.903198
507.511719	1047.354492
511.351563	1042.013428
515.189453	1030.872314
519.025391	1040.978882
522.859375	1046.582886
526.691406	1067.019897
530.523438	1050.709106
534.351563	1040.191528
538.179688	1045.157959
542.005859	1056.58667
545.830078	1026.673706
549.654297	997.381104
553.474609	1026.263184
557.294922	989.181274
561.113281	1021.967407
564.927734	999.743774
568.744141	1016.367493
572.556641	1034.301392
576.367188	1000.383362
580.177734	1025.459961
583.986328	1016.166382
587.792969	998.425354
591.597656	985.864441
595.400391	981.738892
599.201172	1014.659851
603.001953	991.684265
606.800781	986.253906
610.597656	1003.598145
614.392578	970.169434
618.185547	1001.851807
621.976563	1028.347534
625.767578	1018.35614
629.556641	1023.3573
633.34375	1037.497559
637.128906	1032.065918
640.912109	1020.098572
644.693359	1016.614319
648.474609	1001.361389
652.253906	1025.983643
656.03125	1001.562439
659.806641	1024.241821
663.580078	1061.99939
667.353516	1066.382568
671.123047	1044.557007
674.892578	1071.225708
678.660156	1052.00647
682.425781	1026.208984
686.191406	1020.738403
689.953125	1042.84436
693.714844	1020.951111
697.474609	1016.784912
701.232422	1032.998657
704.988281	1054.488525
708.744141	1062.17627
712.498047	1096.205566
716.248047	1085.474365
719.998047	1078.6875
723.748047	1103.537109
727.494141	1112.57959
731.240234	1114.371704
734.982422	1118.145264
738.724609	1112.677002
742.464844	1132.307373
746.205078	1151.954102
749.941406	1157.7323
753.677734	1143.671143
757.412109	1132.244751
761.144531	1161.191895
764.875	1161.021729
768.605469	1150.249756
772.332031	1181.891846
776.058594	1182.392334
779.783203	1236.630737
783.505859	1229.853516
787.228516	1163.311035
790.947266	1181.074219
794.666016	1194.200439
798.382813	1143.513306
802.097656	1179.912964
805.8125	1198.377441
809.523438	1197.55249
813.234375	1210.71167
816.943359	1163.253906
820.650391	1207.735596
824.357422	1228.916382
828.060547	1221.430054
831.763672	1227.284424
835.464844	1189.078735
839.164063	1216.965332
842.861328	1209.459961
846.558594	1185.904175
850.253906	1205.798462
853.947266	1240.428467
857.638672	1222.878906
861.328125	1228.750854
865.017578	1198.452881
868.705078	1210.350464
872.390625	1178.00708
876.074219	1196.613037
879.755859	1209.194946
883.4375	1167.410889
887.117188	1201.481445
890.794922	1193.92395
894.470703	1205.180298
898.146484	1203.669312
901.818359	1213.59314
905.490234	1178.433472
909.160156	1161.422729
912.830078	1180.770264
916.496094	1150.268555
920.162109	1162.88562
923.826172	1177.536255
927.488281	1210.415771
931.148438	1157.599365
934.808594	1176.316895
938.466797	1171.405396
942.123047	1179.330322
945.777344	1181.176514
949.429688	1166.114014
953.082031	1177.429199
956.732422	1172.506226
960.380859	1174.35144
964.027344	1179.585449
967.673828	1157.033081
971.318359	1169.044556
974.960938	1162.071045
978.601563	1189.703491
982.240234	1171.868896
985.878906	1177.792358
989.515625	1205.465088
993.150391	1177.416748
996.783203	1170.427368
1000.416016	1268.208618
1004.044922	1286.434814
1007.673828	1229.091797
1011.302734	1162.844727
1014.927734	1166.737183
1018.552734	1188.359009
1022.175781	1170.438354
1025.796875	1191.396729
1029.416016	1193.940918
1033.035156	1195.121094
1036.650391	1191.519531
1040.265625	1200.217407
1043.880859	1213.70874
1047.492188	1192.32373
1051.103516	1194.872803
1054.712891	1207.693115
1058.320313	1223.948364
1061.925781	1203.21582
1065.53125	1221.538574
1069.134766	1230.961182
1072.736328	1204.030273
1076.335938	1258.064941
1079.935547	1238.675049
1083.533203	1235.067749
1087.128906	1218.400391
1090.722656	1282.154297
1094.316406	1256.551025
1097.90625	1248.815552
1101.496094	1246.579956
1105.085938	1192.695435
1108.671875	1220.057129
1112.257813	1218.494995
1115.841797	1222.447144
1119.423828	1229.851074
1123.003906	1293.154907
1126.583984	1275.741455
1130.162109	1238.285156
1133.738281	1206.324829
1137.314453	1163.278564
1140.886719	1182.429688
1144.458984	1178.767944
1148.029297	1211.781616
1151.599609	1213.666992
1155.166016	1176.074219
1158.732422	1200.118896
1162.296875	1192.296143
1165.861328	1248.960449
1169.421875	1236.294312
1172.982422	1236.110474
1176.541016	1223.427979
1180.097656	1215.597168
1183.654297	1207.759521
1187.208984	1233.979858
1190.761719	1242.834229
1194.3125	1216.907104
1197.863281	1217.408447
1201.412109	1251.334473
1204.958984	1271.355591
1208.503906	1274.666626
1212.048828	1295.4104
1215.591797	1316.868286
1219.132813	1311.130005
1222.671875	1342.384277
1226.210938	1349.919922
1229.748047	1360.255859
1233.283203	1351.030029
1236.816406	1358.577393
1240.349609	1379.421143
1243.880859	1354.795288
1247.410156	1388.955444
1250.939453	1377.619507
1254.464844	1324.234619
1257.990234	1394.171143
1261.513672	1354.773193
1265.037109	1396.718384
1268.558594	1362.200928
1272.078125	1387.332642
1275.595703	1396.329834
1279.111328	1373.713989
1282.626953	1394.662598
1286.140625	1399.453247
1289.652344	1369.774536
1293.164063	1447.755493
1296.673828	1470.879517
1300.181641	1466.550659
1303.6875	1493.223999
1307.193359	1488.900024
1310.697266	1495.856201
1314.199219	1507.051025
1317.699219	1517.548828
1321.199219	1518.875122
1324.697266	1485.587769
1328.193359	1527.890015
1331.689453	1498.113403
1335.181641	1485.286743
1338.673828	1492.96875
1342.166016	1452.522339
1345.654297	1441.784668
1349.142578	1422.536621
1352.628906	1420.990601
1356.115234	1430.078125
1359.597656	1422.149414
1363.080078	1402.860474
1366.5625	1453.123657
1370.041016	1437.381714
1373.519531	1422.337036
1376.996094	1395.197021
1380.470703	1406.43042
1383.945313	1393.487671
1387.417969	1382.668823
1390.888672	1440.895508
1394.357422	1395.188965
1397.826172	1408.580933
1401.292969	1370.663696
1404.757813	1371.220825
1408.222656	1400.312134
1411.683594	1374.476196
1415.144531	1394.310547
1418.605469	1379.163818
1422.0625	1394.728516
1425.519531	1395.294556
1428.976563	1438.051147
1432.429688	1445.78833
1435.882813	1485.020996
1439.333984	1518.557495
1442.783203	1561.432007
1446.232422	1563.497925
1449.679688	1617.177246
1453.125	1584.127563
1456.570313	1604.856689
1460.011719	1585.410889
1463.453125	1541.536987
1466.894531	1525.640259
1470.332031	1496.796021
1473.769531	1476.554321
1477.207031	1465.64502
1480.640625	1464.079346
1484.074219	1450.996216
1487.505859	1426.381592
1490.935547	1383.738647
1494.365234	1397.989258
1497.792969	1362.508789
1501.21875	1386.858398
1504.644531	1343.407593
1508.066406	1380.760498
1511.490234	1347.380493
1514.910156	1349.368774
1518.330078	1344.854492
1521.748047	1317.202148
1525.164063	1353.894897
1528.580078	1410.1521
1531.992188	1381.043823
1535.40625	1389.56543
1538.816406	1384.329956
1542.226563	1403.004761
1545.634766	1424.594238
1549.041016	1461.431396
1552.447266	1454.763916
1555.851563	1467.688843
1559.253906	1502.408325
1562.65625	1451.435059
1566.056641	1470.187012
1569.455078	1496.223999
1572.851563	1522.281494
1576.248047	1471.232666
1579.642578	1491.477051
1583.035156	1494.260742
1586.427734	1509.43042
1589.818359	1453.920166
1593.207031	1466.168823
1596.595703	1459.463501
1599.982422	1498.720947
1603.367188	1505.161621
1606.751953	1487.509033
1610.132813	1448.65625
1613.513672	1477.739258
1616.894531	1492.953857
1620.273438	1522.808594
1623.650391	1472.930542
1627.025391	1501.336426
1630.400391	1485.094727
1633.773438	1474.700317
1637.144531	1509.00293
1640.513672	1484.678711
1643.882813	1486.73938
1647.251953	1545.301025
1650.617188	1582.621582
1653.982422	1616.299805
1657.345703	1578.744385
1660.707031	1594.07373
1664.068359	1591.034302
1667.427734	1572.546143
1670.787109	1545.212891
1674.142578	1545.829712
1677.498047	1571.484253
1680.853516	1550.74707
1684.205078	1498.302246
1687.556641	1519.543701
1690.90625	1433.115234
1694.255859	1424.094238
1697.603516	1402.516724
1700.949219	1419.321655
1704.294922	1377.777954
1707.638672	1428.582031
1710.980469	1352.998413
1714.320313	1394.217041
1717.660156	1347.41626
1720.998047	1335.36853
1724.335938	1330.716064
1727.669922	1357.173828
1731.003906	1372.535645
1734.337891	1358.994629
1737.669922	1329.866699
1741	1342.26709
1744.328125	1336.861938
1747.65625	1357.442627
1750.982422	1335.695313
1754.306641	1341.427734
1757.630859	1325.60376
1760.953125	1334.311157
1764.273438	1334.840576
1767.59375	1348.768311
1770.912109	1338.133423
1774.228516	1359.522339
1777.544922	1369.749268
1780.859375	1342.707275
1784.171875	1346.222534
1787.484375	1294.526978
1790.792969	1336.092651
1794.103516	1350.0625
1797.410156	1344.62085
1800.716797	1342.163696
1804.023438	1318.023804
1807.326172	1300.595459
1810.628906	1321.311035
1813.929688	1348.779053
1817.230469	1320.858398
1820.529297	1349.845459
1823.826172	1335.391235
1827.123047	1369.653931
1830.417969	1312.447144
1833.710938	1348.978149
1837.001953	1332.998169
1840.292969	1359.053467
1843.583984	1358.838501
1846.871094	1341.339722
1850.158203	1346.37915
1853.443359	1358.190674
1856.728516	1348.193237
1860.011719	1346.466675
1863.292969	1360.549927
1866.574219	1309.113037
1869.853516	1311.88916
1873.130859	1354.619873
1876.408203	1364.956665
1879.683594	1354.932007
1882.957031	1335.842529
1886.230469	1340.143066
1889.501953	1356.531616
1892.771484	1352.531372
1896.041016	1349.283569
1899.308594	1339.983276
1902.574219	1360.935181
1905.839844	1320.603027
1909.103516	1317.336182
1912.365234	1340.575073
1915.626953	1352.466675
1918.886719	1363.609253
1922.146484	1371.727051
1925.402344	1381.368164
1928.658203	1343.966187
1931.914063	1341.456543
1935.167969	1361.728638
1938.419922	1328.072876
1941.669922	1354.435425
1944.919922	1391.463501
1948.167969	1315.181763
1951.416016	1365.920044
1954.662109	1351.990967
1957.90625	1355.566284
1961.150391	1370.571899
1964.392578	1393.210571
1967.632813	1366.307373
1970.873047	1352.349487
1974.111328	1347.536865
1977.347656	1353.406982
1980.583984	1343.244873
1983.818359	1370.507568
1987.050781	1334.359497
1990.283203	1349.406738
1993.513672	1317.045654
1996.744141	1335.922974
1999.970703	1368.592407
2003.199219	1369.126465
2006.423828	1332.890991
2009.648438	1337.242432
2012.871094	1359.996094
2016.09375	1326.781494
2019.314453	1352.616943
2022.533203	1370.796997
2025.751953	1320.654663
2028.96875	1364.183716
2032.183594	1317.841309
2035.398438	1336.03479
2038.611328	1355.01123
2041.824219	1346.306641
2045.035156	1367.609985
2048.244141	1332.725708
2051.451172	1339.40564
2054.658203	1321.43396
2057.865234	1366.654663
2061.068359	1352.534546
2064.271484	1388.545044
2067.474609	1354.357178
2070.673828	1342.530884
2073.875	1377.033813
2077.072266	1382.97644
2080.269531	1327.090454
2083.464844	1337.657104
2086.660156	1375.304443
2089.853516	1385.123413
2093.044922	1358.566528
2096.236328	1393.167114
2099.425781	1323.98291
2102.613281	1352.39624
2105.800781	1376.954712
2108.986328	1341.809692
2112.169922	1333.794067
2115.353516	1347.505981
2118.535156	1368.993164
2121.716797	1343.887939
2124.896484	1365.389771
2128.074219	1400.124023
2131.251953	1356.335449
2134.427734	1320.292969
2137.603516	1348.044189
2140.777344	1350.122192
2143.949219	1387.252808
2147.119141	1323.892578
2150.289063	1321.285645
2153.458984	1404.456543
2156.625	1348.829712
2159.791016	1333.741577
2162.957031	1319.422363
2166.121094	1346.485962
2169.283203	1334.503784
2172.445313	1337.363037
2175.603516	1303.473511
2178.763672	1316.491333
2181.921875	1351.42981
2185.078125	1340.990479
2188.232422	1332.892334
2191.386719	1335.755615
2194.539063	1360.56543
2197.691406	1375.985596
2200.841797	1323.179688
2203.990234	1347.227783
2207.138672	1329.692017
2210.285156	1355.330933
2213.429688	1342.497437
2216.574219	1359.515991
2219.71875	1345.887451
2222.859375	1320.451416
2226	1380.751587
2229.140625	1364.753418
2232.279297	1366.064453
2235.416016	1339.808105
2238.550781	1335.594238
2241.685547	1370.789917
2244.820313	1379.20105
2247.951172	1349.752808
2251.082031	1323.438232
2254.212891	1343.682007
2257.341797	1382.89563
2260.46875	1357.352661
2263.595703	1344.435791
2266.720703	1332.299438
2269.84375	1356.538818
2272.966797	1330.154053
2276.087891	1317.997314
2279.208984	1384.228394
2282.328125	1330.096069
2285.445313	1321.886963
2288.5625	1345.383301
2291.677734	1370.483521
2294.792969	1363.072876
2297.90625	1355.65625
2301.017578	1337.911499
2304.128906	1351.131226
2307.238281	1313.505127
2310.345703	1356.932007
2313.453125	1330.411865
2316.558594	1342.056519
2319.664063	1333.814087
2322.767578	1385.275024
2325.871094	1455.093018
2328.972656	1446.086426
2332.072266	1441.85498
2335.169922	1396.157715
2338.267578	1342.448853
2341.365234	1369.292358
2344.460938	1318.724731
2347.554688	1328.01062
2350.648438	1378.04541
2353.740234	1388.958618
2356.830078	1393.484009
2359.919922	1325.232666
2363.007813	1335.337158
2366.095703	1343.047974
2369.181641	1301.12146
2372.265625	1342.466187
2375.349609	1290.090088
2378.431641	1322.643799
2381.513672	1331.966553
2384.59375	1375.79126
2387.673828	1361.867676
2390.75	1327.862915
2393.828125	1363.703613
2396.902344	1358.596436
2399.976563	1386.43811
2403.050781	1392.591553
2406.123047	1369.793091
2409.193359	1374.334839
2412.262695	1351.511597
2415.331055	1347.996704
2418.398438	1396.840332
2421.464844	1396.562866
2424.530273	1387.41687
2427.59375	1385.522095
2430.65625	1358.615234
2433.717773	1386.56958
2436.77832	1413.737183
2439.837891	1365.80957
2442.895508	1360.669312
2445.953125	1357.141479
2449.008789	1391.615356
2452.063477	1333.898682
2455.117188	1367.579834
2458.168945	1361.619507
2461.220703	1376.709839
2464.270508	1367.507324
2467.319336	1382.610596
2470.367188	1356.376953
2473.413086	1369.053711
2476.458984	1367.135254
2479.50293	1380.636597
2482.545898	1356.797363
2485.587891	1362.181641
2488.628906	1361.881592
2491.668945	1390.031982
2494.707031	1422.269165
2497.745117	1347.148804
2500.78125	1364.744995
2503.816406	1379.911865
2506.850586	1359.255615
2509.882813	1367.91333
2512.915039	1385.542603
2515.945313	1408.89209
2518.974609	1384.951782
2522.00293	1401.790405
2525.030273	1387.623779
2528.056641	1378.345581
2531.081055	1392.749146
2534.105469	1394.088501
2537.12793	1407.690552
2540.149414	1394.315796
2543.169922	1393.202026
2546.188477	1385.539917
2549.207031	1426.993652
2552.223633	1412.785767
2555.239258	1400.205566
2558.254883	1399.09021
2561.267578	1416.012085
2564.280273	1408.339355
2567.291992	1439.22583
2570.301758	1405.28833
2573.311523	1402.528931
2576.319336	1428.518188
2579.326172	1419.190552
2582.332031	1417.254395
2585.335938	1382.421143
2588.339844	1414.199341
2591.341797	1434.478882
2594.34375	1401.258667
2597.34375	1386.132813
2600.342773	1373.467041
2603.34082	1428.377808
2606.336914	1450.3479
2609.333008	1370.054321
2612.327148	1429.975098
2615.320313	1442.889404
2618.313477	1388.10083
2621.304688	1419.182007
2624.293945	1475.903687
2627.283203	1403.704834
2630.271484	1403.400024
2633.257813	1414.676758
2636.243164	1445.824097
2639.227539	1439.738159
2642.210938	1433.647461
2645.193359	1407.667236
2648.174805	1419.793701
2651.155273	1451.828369
2654.133789	1462.320801
2657.112305	1422.205322
2660.088867	1399.491211
2663.064453	1441.529175
2666.039063	1419.635376
2669.012695	1412.682861
2671.984375	1457.265259
2674.956055	1452.815674
2677.925781	1444.202881
2680.895508	1483.020142
2683.863281	1446.937988
2686.830078	1463.297607
2689.795898	1406.352051
2692.760742	1470.215088
2695.723633	1493.27063
2698.686523	1489.652588
2701.647461	1514.400391
2704.608398	1439.00354
2707.567383	1479.615234
2710.525391	1483.503174
2713.482422	1501.599121
2716.438477	1499.645874
2719.392578	1526.958984
2722.34668	1571.022705
2725.299805	1499.633423
2728.250977	1513.581177
2731.201172	1570.249756
2734.150391	1510.508911
2737.098633	1557.998535
2740.045898	1525.036987
2742.992188	1520.566772
2745.9375	1545.45813
2748.881836	1490.632202
2751.824219	1531.483276
2754.765625	1485.850342
2757.707031	1509.924072
2760.646484	1524.769043
2763.584961	1529.534302
2766.522461	1512.432007
2769.458984	1520.561401
2772.393555	1533.747192
2775.328125	1507.363403
2778.261719	1511.286865
2781.193359	1547.236084
2784.124023	1539.373901
2787.054688	1546.685669
2789.983398	1488.197754
2792.911133	1525.034058
2795.837891	1543.322998
2798.762695	1516.862427
2801.6875	1525.867432
2804.611328	1509.522705
2807.533203	1515.148804
2810.455078	1519.932983
2813.375	1530.643066
2816.293945	1540.514282
2819.211914	1546.158691
2822.129883	1546.724487
2825.045898	1577.795532
2827.959961	1599.564575
2830.874023	1601.845337
2833.787109	1629.576416
2836.698242	1597.924927
2839.609375	1671.515625
2842.518555	1815.645386
2845.427734	1885.12085
2848.334961	1977.592529
2851.241211	2093.085449
2854.146484	2063.232422
2857.050781	2084.403809
2859.954102	2132.824951
2862.856445	2213.634033
2865.757813	2239.992188
2868.657227	2317.48999
2871.556641	2388.225342
2874.454102	2522.106934
2877.351563	2512.790039
2880.24707	2542.715576
2883.141602	2549.616211
2886.036133	2532.612305
2888.928711	2583.930908
2891.820313	2591.706543
2894.710938	2628.551025
2897.599609	2636.347412
2900.488281	2686.065186
2903.375977	2731.539795
2906.262695	2759.925781
2909.147461	2759.215088
2912.032227	2877.581787
2914.915039	2932.616211
2917.797852	3041.699951
2920.678711	3082.253418
2923.558594	3176.026611
2926.4375	3243.261963
2929.31543	3300.24292
2932.192383	3225.859375
2935.068359	3318.099609
2937.943359	3308.987549
2940.817383	3188.955322
2943.69043	3123.881836
2946.561523	3015.73999
2949.432617	2907.519287
2952.301758	2795.775391
2955.170898	2701.177002
2958.038086	2654.762451
2960.905273	2652.273926
2963.770508	2599.770752
2966.634766	2532.565186
2969.499023	2567.132813
2972.361328	2477.422119
2975.222656	2460.182129
2978.083008	2358.273438
2980.942383	2346.161621
2983.800781	2288.224609
2986.657227	2248.405273
2989.513672	2225.858398
2992.369141	2135.793945
2995.223633	2060.381104
2998.076172	1962.396973
3000.928711	1921.519653
3003.779297	1852.013306
3006.629883	1866.551025
3009.478516	1836.868164
3012.327148	1751.63855
3015.173828	1729.703247
3018.019531	1740.743408
3020.865234	1719.656128
3023.708984	1656.849609
3026.551758	1643.538452
3029.393555	1620.653442
3032.234375	1616.016724
3035.074219	1599.195068
3037.913086	1665.918213
3040.750977	1638.65332
3043.587891	1630.530762
3046.423828	1635.471924
3049.258789	1646.517578
3052.091797	1624.43689
3054.924805	1665.1427
3057.756836	1669.229126
3060.586914	1694.267456
3063.416992	1701.859375
3066.246094	1681.504028
3069.073242	1680.35791
3071.900391	1658.231323
3074.725586	1629.092896
3077.550781	1644.546021
3080.374023	1617.131348
3083.196289	1574.815186
3086.018555	1636.67627
3088.838867	1569.807861
3091.658203	1556.347046
3094.477539	1591.091064
3097.294922	1629.36731
3100.111328	1567.662842
3102.926758	1555.935791
3105.741211	1523.130615
3108.554688	1500.84021
3111.367188	1544.421875
3114.178711	1573.094238
3116.990234	1575.412476
3119.799805	1582.129395
3122.607422	1569.49585
3125.415039	1543.651855
3128.22168	1544.200806
3131.027344	1583.50061
3133.832031	1597.278687
3136.635742	1555.54248
3139.438477	1566.674683
3142.240234	1577.814575
3145.041016	1585.432739
3147.839844	1615.120605
3150.638672	1542.413574
3153.436523	1516.464478
3156.233398	1595.635498
3159.02832	1556.428711
3161.823242	1521.614502
3164.617188	1551.34082
3167.410156	1545.696899
3170.201172	1525.002197
3172.992188	1506.94873
3175.782227	1566.824707
3178.570313	1530.166016
3181.358398	1514.753174
3184.144531	1545.435059
3186.930664	1530.015991
3189.71582	1546.52771
3192.499023	1550.624512
3195.282227	1525.422974
3198.063477	1588.136963
3200.844727	1537.508423
