399.333984	1512.079102
403.220703	1501.289795
407.103516	1507.030518
410.986328	1458.043457
414.867188	1450.398804
418.748047	1479.69165
422.625	1470.774292
426.501953	1438.897949
430.375	1456.104248
434.248047	1463.115845
438.119141	1466.941284
441.988281	1454.165161
445.855469	1445.210938
449.722656	1465.651123
453.585938	1460.530029
457.449219	1459.242554
461.310547	1453.473389
465.169922	1464.346436
469.027344	1463.698242
472.882813	1488.682739
476.736328	1463.68103
480.589844	1464.954468
484.441406	1459.81189
488.289063	1454.664429
492.136719	1460.430054
495.984375	1479.050293
499.828125	1489.972778
503.669922	1466.822021
507.511719	1457.804321
511.351563	1475.810181
515.189453	1484.172852
519.025391	1508.646484
522.859375	1457.740356
526.691406	1441.605103
530.523438	1492.535889
534.351563	1496.404541
538.179688	1489.947266
542.005859	1492.525635
545.830078	1490.582886
549.654297	1457.61145
553.474609	1466.644531
557.294922	1505.44458
561.113281	1462.727295
564.927734	1469.830566
568.744141	1466.574951
572.556641	1478.869507
576.367188	1484.04248
580.177734	1480.787476
583.986328	1460.658081
587.792969	1490.497192
591.597656	1456.065918
595.400391	1468.385132
599.201172	1454.714111
603.001953	1463.791016
606.800781	1452.057251
610.597656	1454.63147
614.392578	1503.437134
618.185547	1481.281616
621.976563	1531.442871
625.767578	1498.196167
629.556641	1487.748901
633.34375	1541.238647
637.128906	1547.119751
640.912109	1522.964111
644.693359	1514.467773
648.474609	1492.891235
652.253906	1506.606934
656.03125	1492.203735
659.806641	1558.941772
663.580078	1551.75
667.353516	1551.101929
671.123047	1563.55896
674.892578	1558.980957
678.660156	1585.224121
682.425781	1558.341675
686.191406	1581.323975
689.953125	1555.729492
693.714844	1566.903687
697.474609	1549.824707
701.232422	1562.977661
704.988281	1579.43042
708.744141	1556.410767
712.498047	1649.904541
716.248047	1635.456909
719.998047	1657.897217
723.748047	1662.557129
727.494141	1655.349487
731.240234	1640.217896
734.982422	1665.336792
738.724609	1652.837036
742.464844	1689.21228
746.205078	1664.814819
749.941406	1680.067261
753.677734	1674.165161
757.412109	1667.595947
761.144531	1679.557373
764.875	1712.059937
768.605469	1692.245239
772.332031	1732.734253
776.058594	1752.036255
779.783203	1800.545044
783.505859	1799.979858
787.228516	1806.053589
790.947266	1768.290039
794.666016	1750.430664
798.382813	1740.533569
802.097656	1773.195068
805.8125	1755.978882
809.523438	1790.670532
813.234375	1792.759033
816.943359	1782.190308
820.650391	1778.277222
824.357422	1783.028931
828.060547	1812.466064
831.763672	1784.534302
835.464844	1799.307739
839.164063	1747.968262
842.861328	1807.507935
846.558594	1793.56311
850.253906	1805.688232
853.947266	1806.449097
857.638672	1829.967651
861.328125	1801.944824
865.017578	1793.324951
868.705078	1804.13269
872.390625	1800.869141
876.074219	1820.407837
879.755859	1783.596069
883.4375	1834.023193
887.117188	1812.631836
890.794922	1778.456299
894.470703	1765.088379
898.146484	1835.091431
901.818359	1781.371704
905.490234	1809.713013
909.160156	1795.660522
912.830078	1788.331421
916.496094	1745.281494
920.162109	1763.54126
923.826172	1810.815918
927.488281	1800.105469
931.148438	1804.910034
934.808594	1796.212891
938.466797	1832.094238
942.123047	1820.020996
945.777344	1804.556519
949.429688	1830.338989
953.082031	1775.61731
956.732422	1877.905518
960.380859	1834.670044
964.027344	1808.336304
967.673828	1874.840942
971.318359	1830.870239
974.960938	1859.449463
978.601563	1818.827881
982.240234	1797.182617
985.878906	1897.780884
989.515625	1849.648193
993.150391	1846.341675
996.783203	1884.517212
1000.416016	1943.815552
1004.044922	1989.549805
1007.673828	1885.515381
1011.302734	1890.38916
1014.927734	1823.026855
1018.552734	1842.195068
1022.175781	1831.367676
1025.796875	1866.93103
1029.416016	1877.265625
1033.035156	1944.291382
1036.650391	1932.803101
1040.265625	1911.052368
1043.880859	1908.428833
1047.492188	1892.121338
1051.103516	1888.11792
1054.712891	1873.156616
1058.320313	1911.605957
1061.925781	1882.251709
1065.53125	1907.711548
1069.134766	1936.62085
1072.736328	1972.414185
1076.335938	1937.543579
1079.935547	1948.647461
1083.533203	1940.526489
1087.128906	1945.454956
1090.722656	1973.073975
1094.316406	1989.71106
1097.90625	2004.985352
1101.496094	1985.854858
1105.085938	2005.270874
1108.671875	1980.612183
1112.257813	1954.554321
1115.841797	1959.500732
1119.423828	1941.688599
1123.003906	1957.673584
1126.583984	1994.38147
1130.162109	2029.737915
1133.738281	2044.395874
1137.314453	1971.283813
1140.886719	1964.492676
1144.458984	1934.175537
1148.029297	1950.892212
1151.599609	1952.390747
1155.166016	2013.455566
1158.732422	1990.0354
1162.296875	2003.334839
1165.861328	2016.644531
1169.421875	1997.357666
1172.982422	2037.743042
1176.541016	2016.364868
1180.097656	2019.975098
1183.654297	2051.384277
1187.208984	2026.50769
1190.761719	2040.557251
1194.3125	2062.27124
1197.863281	2077.042236
1201.412109	2100.180908
1204.958984	2078.056885
1208.503906	2087.972412
1212.048828	2156.460938
1215.591797	2132.238525
1219.132813	2151.955811
1222.671875	2228.232422
1226.210938	2194.230957
1229.748047	2168.584717
1233.283203	2211.411865
1236.816406	2224.207275
1240.349609	2265.692139
1243.880859	2245.62915
1247.410156	2222.048584
1250.939453	2283.892822
1254.464844	2211.962158
1257.990234	2275.253662
1261.513672	2243.229492
1265.037109	2252.567871
1268.558594	2259.105957
1272.078125	2258.62793
1275.595703	2241.291992
1279.111328	2242.210449
1282.626953	2260
1286.140625	2301.713867
1289.652344	2252.002197
1293.164063	2343.013184
1296.673828	2369.320068
1300.181641	2394.943359
1303.6875	2390.990479
1307.193359	2356.015137
1310.697266	2382.36792
1314.199219	2391.103027
1317.699219	2380.081055
1321.199219	2417.066162
1324.697266	2434.30127
1328.193359	2439.535889
1331.689453	2474.467773
1335.181641	2463.454102
1338.673828	2452.431152
1342.166016	2510.060547
1345.654297	2466.471436
1349.142578	2343.501465
1352.628906	2412.494629
1356.115234	2411.351318
1359.597656	2391.764648
1363.080078	2397.706299
1366.5625	2368.868408
1370.041016	2338.585938
1373.519531	2323.908203
1376.996094	2371.052979
1380.470703	2344.998779
1383.945313	2353.777832
1387.417969	2383.200195
1390.888672	2362.8125
1394.357422	2397.246582
1397.826172	2415.320801
1401.292969	2402.76001
1404.757813	2385.196777
1408.222656	2400.433105
1411.683594	2428.526611
1415.144531	2425.943359
1418.605469	2407.644287
1422.0625	2442.203857
1425.519531	2430.328613
1428.976563	2403.426025
1432.429688	2485.239258
1435.882813	2509.864502
1439.333984	2515.894043
1442.783203	2569.200439
1446.232422	2538.713623
1449.679688	2547.627686
1453.125	2561.567871
1456.570313	2577.671143
1460.011719	2605.987793
1463.453125	2599.144775
1466.894531	2495.326904
1470.332031	2499.210938
1473.769531	2472.905029
1477.207031	2463.11792
1480.640625	2498.647461
1484.074219	2481.664063
1487.505859	2432.264893
1490.935547	2446.213623
1494.365234	2414.774414
1497.792969	2411.424316
1501.21875	2416.725098
1504.644531	2406.878662
1508.066406	2394.13623
1511.490234	2351.056152
1514.910156	2363.5625
1518.330078	2347.172119
1521.748047	2387.880615
1525.164063	2458.273926
1528.580078	2440.453125
1531.992188	2442.884277
1535.40625	2451.109375
1538.816406	2442.679688
1542.226563	2513.233887
1545.634766	2480.171387
1549.041016	2523.960938
1552.447266	2516.27002
1555.851563	2533.977051
1559.253906	2537.901123
1562.65625	2581.05542
1566.056641	2585.000244
1569.455078	2555.50415
1572.851563	2608.170898
1576.248047	2660.87915
1579.642578	2618.273926
1583.035156	2598.935791
1586.427734	2583.224121
1589.818359	2542.720459
1593.207031	2505.829102
1596.595703	2576.124512
1599.982422	2624.585693
1603.367188	2593.520508
1606.751953	2617.197998
1610.132813	2537.157471
1613.513672	2543.290039
1616.894531	2575.747559
1620.273438	2614.812988
1623.650391	2561.713867
1627.025391	2562.739502
1630.400391	2554.245605
1633.773438	2583.106445
1637.144531	2580.475586
1640.513672	2558.779541
1643.882813	2655.153809
1647.251953	2612.923584
1650.617188	2689.575928
1653.982422	2657.605225
1657.345703	2702.010986
1660.707031	2658.994385
1664.068359	2695.347412
1667.427734	2678.035645
1670.787109	2691.61377
1674.142578	2622.757813
1677.498047	2648.105713
1680.853516	2593.173096
1684.205078	2617.79126
1687.556641	2600.403076
1690.90625	2532.107422
1694.255859	2533.854736
1697.603516	2533.388184
1700.949219	2411.074463
1704.294922	2447.495117
1707.638672	2470.641357
1710.980469	2445.008545
1714.320313	2434.887207
1717.660156	2445.475342
1720.998047	2416.839355
1724.335938	2408.914551
1727.669922	2459.50708
1731.003906	2450.850586
1734.337891	2416.979004
1737.669922	2417.939453
1741	2414.448242
1744.328125	2425.057129
1747.65625	2397.05957
1750.982422	2367.553223
1754.306641	2450.985352
1757.630859	2431.884521
1760.953125	2470.781494
1764.273438	2458.368408
1767.59375	2450.411377
1770.912109	2426.80957
1774.228516	2429.261475
1777.544922	2440.657715
1780.859375	2450.571289
1784.171875	2436.625488
1787.484375	2433.859863
1790.792969	2449.752197
1794.103516	2424.586914
1797.410156	2432.269531
1800.716797	2445.188965
1804.023438	2414.009521
1807.326172	2445.628174
1810.628906	2460.811035
1813.929688	2457.292969
1817.230469	2464.254395
1820.529297	2469.722656
1823.826172	2388.266846
1827.123047	2489.666504
1830.417969	2477.150391
1833.710938	2468.374756
1837.001953	2448.333496
1840.292969	2459.811768
1843.583984	2401.440918
1846.871094	2481.290527
1850.158203	2477.006836
1853.443359	2483.999756
1856.728516	2472.189209
1860.011719	2578.532471
1863.292969	2477.149658
1866.574219	2472.852783
1869.853516	2514.51709
1873.130859	2460.478027
1876.408203	2416.953613
1879.683594	2499.381836
1882.957031	2455.08252
1886.230469	2455.293213
1889.501953	2485.71582
1892.771484	2459.491455
1896.041016	2476.332275
1899.308594	2459.156738
1902.574219	2413.976807
1905.839844	2461.846191
1909.103516	2431.015381
1912.365234	2431.212402
1915.626953	2474.597168
1918.886719	2483.90625
1922.146484	2436.351074
1925.402344	2472.201416
1928.658203	2464.064453
1931.914063	2448.328857
1935.167969	2535.868408
1938.419922	2521.666992
1941.669922	2516.574463
1944.919922	2471.938721
1948.167969	2491.162598
1951.416016	2478.440918
1954.662109	2458.857422
1957.90625	2491.043457
1961.150391	2513.350098
1964.392578	2479.274414
1967.632813	2493.968262
1970.873047	2464.433838
1974.111328	2493.629883
1977.347656	2503.001465
1980.583984	2473.433838
1983.818359	2499.610107
1987.050781	2450.911133
1990.283203	2490.859619
1993.513672	2538.487061
1996.744141	2499.690918
1999.970703	2555.777588
2003.199219	2421.240234
2006.423828	2504.916016
2009.648438	2506.65918
2012.871094	2424.84082
2016.09375	2513.215576
2019.314453	2546.418457
2022.533203	2496.753906
2025.751953	2507.708252
2028.96875	2441.858154
2032.183594	2470.472168
2035.398438	2506.026123
2038.611328	2491.621094
2041.824219	2487.974609
2045.035156	2536.658691
2048.244141	2543.034668
2051.451172	2474.703857
2054.658203	2455.632568
2057.865234	2441.170654
2061.068359	2472.963623
2064.271484	2467.75293
2067.474609	2513.470947
2070.673828	2517.534912
2073.875	2428.151611
2077.072266	2504.037354
2080.269531	2477.184082
2083.464844	2528.403809
2086.660156	2515.461182
2089.853516	2501.734131
2093.044922	2508.896729
2096.236328	2515.290039
2099.425781	2496.122314
2102.613281	2488.563965
2105.800781	2500.382324
2108.986328	2533.926025
2112.169922	2537.234863
2115.353516	2455.938232
2118.535156	2488.725586
2121.716797	2459.392578
2124.896484	2546.603516
2128.074219	2479.175781
2131.251953	2497.243896
2134.427734	2486.538818
2137.603516	2477.381592
2140.777344	2479.895752
2143.949219	2491.758545
2147.119141	2489.60376
2150.289063	2503.81665
2153.458984	2543.77417
2156.625	2436.318848
2159.791016	2464.573486
2162.957031	2495.972168
2166.121094	2494.591553
2169.283203	2525.243652
2172.445313	2499.641602
2175.603516	2488.875977
2178.763672	2426.474365
2181.921875	2455.579834
2185.078125	2479.227539
2188.232422	2425.362793
2191.386719	2474.869141
2194.539063	2505.603516
2197.691406	2502.647217
2200.841797	2517.728027
2203.990234	2478.679443
2207.138672	2483.557129
2210.285156	2521.417969
2213.429688	2495.678467
2216.574219	2483.277832
2219.71875	2518.822021
2222.859375	2504.84668
2226	2475.125
2229.140625	2457.185791
2232.279297	2522.691895
2235.416016	2435.441895
2238.550781	2495.473145
2241.685547	2428.639404
2244.820313	2478.461426
2247.951172	2555.142822
2251.082031	2522.976563
2254.212891	2493.153809
2257.341797	2517.802002
2260.46875	2512.445557
2263.595703	2552.92627
2266.720703	2521.485352
2269.84375	2520.077393
2272.966797	2502.050537
2276.087891	2445.221436
2279.208984	2454.867188
2282.328125	2458.182373
2285.445313	2526.484375
2288.5625	2554.405029
2291.677734	2536.346191
2294.792969	2508.752441
2297.90625	2496.217285
2301.017578	2482.87793
2304.128906	2461.584717
2307.238281	2477.621826
2310.345703	2463.463623
2313.453125	2507.345215
2316.558594	2504.32373
2319.664063	2478.220215
2322.767578	2550.020752
2325.871094	2621.078857
2328.972656	2658.727539
2332.072266	2595.179443
2335.169922	2515.635498
2338.267578	2491.068115
2341.365234	2491.218262
2344.460938	2501.745361
2347.554688	2492.315674
2350.648438	2490.068115
2353.740234	2540.563477
2356.830078	2501.555664
2359.919922	2493.70874
2363.007813	2461.052979
2366.095703	2502.807373
2369.181641	2502.957275
2372.265625	2455.8479
2375.349609	2496.043945
2378.431641	2529.856934
2381.513672	2466.664307
2384.59375	2487.655273
2387.673828	2576.875244
2390.75	2510.415527
2393.828125	2474.42334
2396.902344	2566.148438
2399.976563	2553.457275
2403.050781	2546.384277
2406.123047	2526.435547
2409.193359	2510.494629
2412.262695	2513.859863
2415.331055	2522.86377
2418.398438	2548.790527
2421.464844	2551.366455
2424.530273	2587.802734
2427.59375	2535.553711
2430.65625	2517.149414
2433.717773	2519.714844
2436.77832	2497.252441
2439.837891	2509.503418
2442.895508	2583.170898
2445.953125	2526.756592
2449.008789	2485.662842
2452.063477	2521.384033
2455.117188	2532.045898
2458.168945	2549.191406
2461.220703	2587.404785
2464.270508	2534.911377
2467.319336	2494.53418
2470.367188	2548.172607
2473.413086	2493.170166
2476.458984	2599.585449
2479.50293	2529.137939
2482.545898	2517.910645
2485.587891	2536.728271
2488.628906	2575.061279
2491.668945	2541.888916
2494.707031	2540.405273
2497.745117	2559.257324
2500.78125	2532.550049
2503.816406	2579.906006
2506.850586	2543.412354
2509.882813	2606.286377
2512.915039	2589.334473
2515.945313	2569.923584
2518.974609	2635.323486
2522.00293	2526.160156
2525.030273	2603.835205
2528.056641	2556.635254
2531.081055	2564.128662
2534.105469	2536.489258
2537.12793	2561.146729
2540.149414	2575.190918
2543.169922	2624.422852
2546.188477	2625.405762
2549.207031	2561.711426
2552.223633	2599.525879
2555.239258	2639.825684
2558.254883	2579.342041
2561.267578	2616.383545
2564.280273	2561.586426
2567.291992	2597.827393
2570.301758	2647.228271
2573.311523	2566.102295
2576.319336	2631.956543
2579.326172	2568.841797
2582.332031	2567.334961
2585.335938	2629.149658
2588.339844	2663.861084
2591.341797	2613.006592
2594.34375	2615.62793
2597.34375	2628.134033
2600.342773	2608.516357
2603.34082	2678.723389
2606.336914	2624.478271
2609.333008	2634.529541
2612.327148	2600.029785
2615.320313	2630.714355
2618.313477	2634.171143
2621.304688	2662.411865
2624.293945	2642.743408
2627.283203	2670.180664
2630.271484	2632.30542
2633.257813	2680.440186
2636.243164	2722.816895
2639.227539	2619.512207
2642.210938	2661.896484
2645.193359	2643.000977
2648.174805	2695.370361
2651.155273	2669.838623
2654.133789	2676.635986
2657.112305	2652.736572
2660.088867	2700.20459
2663.064453	2673.803955
2666.039063	2688.917236
2669.012695	2642.547852
2671.984375	2677.610596
2674.956055	2611.24292
2677.925781	2608.882568
2680.895508	2696.400146
2683.863281	2664.929932
2686.830078	2669.248047
2689.795898	2689.398438
2692.760742	2681.225586
2695.723633	2710.56543
2698.686523	2704.895508
2701.647461	2764.302246
2704.608398	2726.928467
2707.567383	2722.091309
2710.525391	2736.461914
2713.482422	2729.952393
2716.438477	2705.046875
2719.392578	2788.83252
2722.34668	2763.092529
2725.299805	2749.885742
2728.250977	2762.620605
2731.201172	2769.501709
2734.150391	2712.716553
2737.098633	2747.23999
2740.045898	2759.151611
2742.992188	2785.329346
2745.9375	2744.404785
2748.881836	2758.844727
2751.824219	2777.492676
2754.765625	2821.351807
2757.707031	2766.933838
2760.646484	2777.197998
2763.584961	2722.722412
2766.522461	2730.452881
2769.458984	2798.775391
2772.393555	2722.359131
2775.328125	2810.095947
2778.261719	2723.517334
2781.193359	2755.698242
2784.124023	2698.541016
2787.054688	2753.505371
2789.983398	2699.678467
2792.911133	2813.759521
2795.837891	2799.594727
2798.762695	2793.864746
2801.6875	2772.076904
2804.611328	2784.080566
2807.533203	2829.066895
2810.455078	2783.583496
2813.375	2770.21875
2816.293945	2789.854492
2819.211914	2834.059814
2822.129883	2787.661865
2825.045898	2750.550049
2827.959961	2806.655029
2830.874023	2804.289307
2833.787109	2810.404297
2836.698242	2837.738281
2839.609375	2910.932861
2842.518555	2968.894531
2845.427734	3156.876709
2848.334961	3174.17627
2851.241211	3224.643799
2854.146484	3270.044922
2857.050781	3304.417969
2859.954102	3341.368896
2862.856445	3374.088867
2865.757813	3409.387207
2868.657227	3599.777832
2871.556641	3620.692871
2874.454102	3708.980957
2877.351563	3740.184814
2880.24707	3686.937744
2883.141602	3832.532959
2886.036133	3794.648926
2888.928711	3758.445068
2891.820313	3773.483887
2894.710938	3828.708984
2897.599609	3873.711914
2900.488281	3843.468506
2903.375977	3950.121582
2906.262695	4003.775635
2909.147461	4083.158936
2912.032227	4134.328613
2914.915039	4209.529785
2917.797852	4250.493164
2920.678711	4316.355469
2923.558594	4478.352051
2926.4375	4448.221191
2929.31543	4529.677734
2932.192383	4597.450684
2935.068359	4565.608887
2937.943359	4555.229492
2940.817383	4513.029297
2943.69043	4406.290527
2946.561523	4248.708984
2949.432617	4148.680664
2952.301758	4089.908691
2955.170898	4019.895996
2958.038086	4035.135498
2960.905273	3949.534912
2963.770508	3919.057617
2966.634766	3856.641357
2969.499023	3864.937256
2972.361328	3751.524902
2975.222656	3675.161621
2978.083008	3622.065918
2980.942383	3615.595215
2983.800781	3552.064453
2986.657227	3516.159912
2989.513672	3403.236084
2992.369141	3397.539307
2995.223633	3351.14917
2998.076172	3335.035645
3000.928711	3198.48999
3003.779297	3186.641602
3006.629883	3074.217285
3009.478516	3090.06665
3012.327148	3014.831055
3015.173828	2946.483887
3018.019531	2980.534668
3020.865234	2965.972412
3023.708984	2904.482666
3026.551758	2893.35791
3029.393555	2930.913574
3032.234375	2952.839844
3035.074219	2869.502441
3037.913086	2880.976563
3040.750977	2853.276855
3043.587891	2883.043213
3046.423828	2896.275146
3049.258789	2881.623779
3052.091797	2900.094971
3054.924805	2917.706787
3057.756836	2928.349854
3060.586914	2981.770996
3063.416992	2956.642334
3066.246094	2929.747803
3069.073242	2939.533936
3071.900391	2876.773438
3074.725586	2871.680664
3077.550781	2866.58374
3080.374023	2862.357422
3083.196289	2861.62915
3086.018555	2806.606445
3088.838867	2862.796875
3091.658203	2816.497314
3094.477539	2850.814453
3097.294922	2826.399658
3100.111328	2830.916748
3102.926758	2831.04834
3105.741211	2829.423584
3108.554688	2850.630371
3111.367188	2769.944336
3114.178711	2850.024902
3116.990234	2814.115723
3119.799805	2757.07373
3122.607422	2801.163086
3125.415039	2773.116943
3128.22168	2787.308838
3131.027344	2856.994385
3133.832031	2825.412354
3136.635742	2832.585693
3139.438477	2832.710205
3142.240234	2839.889648
3145.041016	2792.373291
3147.839844	2809.250732
3150.638672	2841.148682
3153.436523	2788.281006
3156.233398	2793.6875
3159.02832	2795.561523
3161.823242	2715.210938
3164.617188	2764.818359
3167.410156	2793.225586
3170.201172	2781.823486
3172.992188	2854.525635
3175.782227	2799.736084
3178.570313	2834.395508
3181.358398	2784.876953
3184.144531	2782.314941
3186.930664	2817.890381
3189.71582	2761.213135
3192.499023	2739.998779
3195.282227	2774.707031
3198.063477	2768.581055
3200.844727	2764.139893
