399.333984	1195.553101
403.220703	1159.827515
407.103516	1171.145264
410.986328	1181.199707
414.867188	1158.791016
418.748047	1122.985962
422.625	1125.384521
426.501953	1120.772095
430.375	1137.202759
434.248047	1116.638794
438.119141	1112.015503
441.988281	1097.1698
445.855469	1109.784058
449.722656	1132.635742
453.585938	1112.662964
457.449219	1099.070068
461.310547	1162.266724
465.169922	1124.992065
469.027344	1133.165039
472.882813	1115.07019
476.736328	1126.450928
480.589844	1120.523438
484.441406	1111.38208
488.289063	1099.664673
492.136719	1126.470703
495.984375	1137.236816
499.828125	1157.653564
503.669922	1120.212158
507.511719	1134.2052
511.351563	1143.061035
515.189453	1141.621826
519.025391	1138.248657
522.859375	1164.516724
526.691406	1152.768311
530.523438	1115.209351
534.351563	1138.27417
538.179688	1156.193848
542.005859	1105.670166
545.830078	1116.483398
549.654297	1137.001587
553.474609	1152.363647
557.294922	1128.921753
561.113281	1158.531738
564.927734	1087.804077
568.744141	1110.295654
572.556641	1140.583008
576.367188	1141.072388
580.177734	1113.022949
583.986328	1109.607056
587.792969	1099.046875
591.597656	1100.16748
595.400391	1096.740723
599.201172	1096.560669
603.001953	1071.019043
606.800781	1074.730591
610.597656	1107.732788
614.392578	1124.484985
618.185547	1125.617676
621.976563	1132.616089
625.767578	1079.640015
629.556641	1108.800171
633.34375	1092.308838
637.128906	1136.512817
640.912109	1146.794556
644.693359	1144.0177
648.474609	1123.59021
652.253906	1142.379395
656.03125	1140.250366
659.806641	1131.574463
663.580078	1164.794678
667.353516	1186.907349
671.123047	1171.686279
674.892578	1157.107422
678.660156	1183.835205
682.425781	1162.030762
686.191406	1123.796875
689.953125	1166.961304
693.714844	1191.766602
697.474609	1142.979248
701.232422	1167.7948
704.988281	1193.946777
708.744141	1202.351929
712.498047	1196.937866
716.248047	1194.812256
719.998047	1242.10498
723.748047	1210.331055
727.494141	1241.841919
731.240234	1237.091187
734.982422	1254.118164
738.724609	1241.443726
742.464844	1251.219482
746.205078	1236.549683
749.941406	1312.449219
753.677734	1248.843872
757.412109	1284.445923
761.144531	1282.342407
764.875	1268.977539
768.605469	1250.300293
772.332031	1282.647583
776.058594	1310.379883
779.783203	1345.432983
783.505859	1292.242188
787.228516	1309.388794
790.947266	1329.870972
794.666016	1319.800781
798.382813	1313.045776
802.097656	1316.261475
805.8125	1320.810181
809.523438	1357.314941
813.234375	1333.248047
816.943359	1356.463379
820.650391	1341.039673
824.357422	1340.272339
828.060547	1318.824219
831.763672	1360.090088
835.464844	1325.278687
839.164063	1283.758179
842.861328	1291.64978
846.558594	1337.651855
850.253906	1388.373657
853.947266	1367.54895
857.638672	1360.093018
861.328125	1333.881104
865.017578	1341.141724
868.705078	1349.078369
872.390625	1338.918701
876.074219	1349.543335
879.755859	1320.585815
883.4375	1346.651001
887.117188	1337.143311
890.794922	1322.252319
894.470703	1300.626831
898.146484	1314.62207
901.818359	1334.68335
905.490234	1305.631592
909.160156	1318.29895
912.830078	1293.256714
916.496094	1322.775146
920.162109	1303.105957
923.826172	1323.210815
927.488281	1335.235596
931.148438	1341.870361
934.808594	1330.277954
938.466797	1325.43103
942.123047	1346.937134
945.777344	1315.723877
949.429688	1308.158081
953.082031	1289.758545
956.732422	1304.514771
960.380859	1305.060669
964.027344	1357.776733
967.673828	1318.353394
971.318359	1346.706787
974.960938	1324.204834
978.601563	1317.971558
982.240234	1318.522339
985.878906	1357.789551
989.515625	1365.831299
993.150391	1350.766235
996.783203	1371.052612
1000.416016	1447.145874
1004.044922	1464.085327
1007.673828	1389.112061
1011.302734	1382.197998
1014.927734	1320.075806
1018.552734	1360.851807
1022.175781	1338.910522
1025.796875	1376.998047
1029.416016	1359.140381
1033.035156	1350.828369
1036.650391	1355.490112
1040.265625	1324.613525
1043.880859	1361.405151
1047.492188	1359.235352
1051.103516	1367.328613
1054.712891	1378.85144
1058.320313	1405.45166
1061.925781	1375.201782
1065.53125	1398.394287
1069.134766	1433.264038
1072.736328	1409.847412
1076.335938	1388.469971
1079.935547	1394.539429
1083.533203	1406.795776
1087.128906	1425.93396
1090.722656	1417.588379
1094.316406	1462.881226
1097.90625	1460.047607
1101.496094	1456.522949
1105.085938	1450.240479
1108.671875	1408.12915
1112.257813	1381.144775
1115.841797	1389.30127
1119.423828	1419.536499
1123.003906	1427.714722
1126.583984	1455.919189
1130.162109	1447.543579
1133.738281	1430.178955
1137.314453	1432.152832
1140.886719	1400.245605
1144.458984	1371.770386
1148.029297	1418.012817
1151.599609	1399.213379
1155.166016	1432.344727
1158.732422	1428.08606
1162.296875	1434.221313
1165.861328	1437.587402
1169.421875	1430.549316
1172.982422	1421.422974
1176.541016	1447.005615
1180.097656	1424.67981
1183.654297	1407.199585
1187.208984	1405.694214
1190.761719	1436.179565
1194.3125	1447.903687
1197.863281	1481.215088
1201.412109	1494.359375
1204.958984	1470.592651
1208.503906	1510.225586
1212.048828	1533.855103
1215.591797	1547.738647
1219.132813	1558.842163
1222.671875	1590.896484
1226.210938	1576.885254
1229.748047	1624.342529
1233.283203	1606.838013
1236.816406	1641.060791
1240.349609	1616.552856
1243.880859	1610.218994
1247.410156	1617.880981
1250.939453	1636.754761
1254.464844	1661.949463
1257.990234	1614.967529
1261.513672	1603.008057
1265.037109	1619.800415
1268.558594	1607.130371
1272.078125	1623.235352
1275.595703	1625.30542
1279.111328	1642.835571
1282.626953	1609.063843
1286.140625	1620.974854
1289.652344	1686.363403
1293.164063	1714.502808
1296.673828	1668.029419
1300.181641	1749.013184
1303.6875	1729.292847
1307.193359	1717.310791
1310.697266	1766.676025
1314.199219	1775.159302
1317.699219	1725.77063
1321.199219	1720.120728
1324.697266	1754.731323
1328.193359	1781.596069
1331.689453	1780.202759
1335.181641	1797.904297
1338.673828	1780.241455
1342.166016	1801.495728
1345.654297	1757.617676
1349.142578	1715.120117
1352.628906	1717.236938
1356.115234	1738.498535
1359.597656	1696.649048
1363.080078	1688.825439
1366.5625	1687.383911
1370.041016	1753.40686
1373.519531	1751.279053
1376.996094	1704.37207
1380.470703	1685.86792
1383.945313	1731.367554
1387.417969	1673.007935
1390.888672	1709.995605
1394.357422	1630.213135
1397.826172	1668.637573
1401.292969	1687.848022
1404.757813	1684.968628
1408.222656	1677.806396
1411.683594	1650.656006
1415.144531	1660.607422
1418.605469	1660.567505
1422.0625	1708.399414
1425.519531	1723.388916
1428.976563	1694.769409
1432.429688	1719.779907
1435.882813	1764.133423
1439.333984	1774.15625
1442.783203	1821.432007
1446.232422	1820.737061
1449.679688	1878.821533
1453.125	1883.885498
1456.570313	1833.712036
1460.011719	1850.244019
1463.453125	1815.811279
1466.894531	1814.391357
1470.332031	1762.669434
1473.769531	1740.378784
1477.207031	1795.73877
1480.640625	1735.311768
1484.074219	1758.325195
1487.505859	1710.073853
1490.935547	1724.450928
1494.365234	1700.646729
1497.792969	1678.985718
1501.21875	1658.027832
1504.644531	1645.710449
1508.066406	1670.193359
1511.490234	1639.096313
1514.910156	1640.47998
1518.330078	1685.946045
1521.748047	1656.985229
1525.164063	1650.421021
1528.580078	1693.774292
1531.992188	1660.437378
1535.40625	1712.518188
1538.816406	1651.633911
1542.226563	1683.460815
1545.634766	1745.762207
1549.041016	1714.552856
1552.447266	1814.64563
1555.851563	1776.905151
1559.253906	1813.92749
1562.65625	1758.720825
1566.056641	1813.206421
1569.455078	1821.932617
1572.851563	1795.026611
1576.248047	1847.408325
1579.642578	1844.510986
1583.035156	1817.5802
1586.427734	1831.422852
1589.818359	1790.617432
1593.207031	1775.296509
1596.595703	1740.999146
1599.982422	1786.936523
1603.367188	1873.787476
1606.751953	1808.086548
1610.132813	1793.470093
1613.513672	1756.916504
1616.894531	1744.460327
1620.273438	1805.135254
1623.650391	1811.711914
1627.025391	1781.693237
1630.400391	1785.335693
1633.773438	1823.412354
1637.144531	1792.628052
1640.513672	1819.006348
1643.882813	1846.138672
1647.251953	1874.759888
1650.617188	1869.636963
1653.982422	1900.492432
1657.345703	1949.738281
1660.707031	1907.156006
1664.068359	1924.828003
1667.427734	1879.258789
1670.787109	1891.046265
1674.142578	1852.051147
1677.498047	1828.489014
1680.853516	1868.263428
1684.205078	1806.36438
1687.556641	1816.669434
1690.90625	1783.465088
1694.255859	1756.874756
1697.603516	1700.736084
1700.949219	1696.244385
1704.294922	1696.920166
1707.638672	1700.552124
1710.980469	1679.048828
1714.320313	1646.433472
1717.660156	1641.90918
1720.998047	1645.523438
1724.335938	1630.627075
1727.669922	1646.091919
1731.003906	1646.005249
1734.337891	1652.59082
1737.669922	1671.04834
1741	1718.458008
1744.328125	1646.396362
1747.65625	1641.852051
1750.982422	1640.275391
1754.306641	1664.70813
1757.630859	1642.321289
1760.953125	1647.435547
1764.273438	1662.226196
1767.59375	1609.291992
1770.912109	1606.951538
1774.228516	1661.969482
1777.544922	1658.901978
1780.859375	1640.921021
1784.171875	1600.550415
1787.484375	1659.38208
1790.792969	1639.885864
1794.103516	1645.015381
1797.410156	1621.015137
1800.716797	1665.000366
1804.023438	1627.531372
1807.326172	1663.326294
1810.628906	1690.170898
1813.929688	1646.678101
1817.230469	1658.560791
1820.529297	1659.216187
1823.826172	1657.623657
1827.123047	1644.784302
1830.417969	1643.183838
1833.710938	1662.589233
1837.001953	1698.521973
1840.292969	1633.867554
1843.583984	1693.853394
1846.871094	1641.168579
1850.158203	1626.780884
1853.443359	1652.991699
1856.728516	1704.050049
1860.011719	1682.142578
1863.292969	1681.299438
1866.574219	1675.182617
1869.853516	1641.933716
1873.130859	1649.364624
1876.408203	1650.013916
1879.683594	1683.103149
1882.957031	1636.218506
1886.230469	1650.452271
1889.501953	1660.92041
1892.771484	1660.817871
1896.041016	1675.077026
1899.308594	1642.462524
1902.574219	1634.786499
1905.839844	1667.970825
1909.103516	1670.140015
1912.365234	1669.281128
1915.626953	1641.9021
1918.886719	1640.272583
1922.146484	1637.124756
1925.402344	1646.869995
1928.658203	1577.699463
1931.914063	1643.606934
1935.167969	1657.921631
1938.419922	1642.616333
1941.669922	1644.780151
1944.919922	1655.309326
1948.167969	1674.213501
1951.416016	1680.195801
1954.662109	1669.434692
1957.90625	1625.917969
1961.150391	1661.599487
1964.392578	1650.055176
1967.632813	1704.834351
1970.873047	1683.381348
1974.111328	1681.750366
1977.347656	1635.080444
1980.583984	1674.665161
1983.818359	1670.73584
1987.050781	1702.722168
1990.283203	1670.511963
1993.513672	1667.340088
1996.744141	1684.058716
1999.970703	1672.468994
2003.199219	1629.474854
2006.423828	1653.8573
2009.648438	1666.76355
2012.871094	1691.945435
2016.09375	1682.63501
2019.314453	1698.635132
2022.533203	1694.691895
2025.751953	1663.103516
2028.96875	1652.22937
2032.183594	1656.714722
2035.398438	1694.258179
2038.611328	1610.325439
2041.824219	1701.731567
2045.035156	1683.153076
2048.244141	1649.931396
2051.451172	1687.543213
2054.658203	1660.460693
2057.865234	1651.085449
2061.068359	1669.462524
2064.271484	1660.082642
2067.474609	1659.18396
2070.673828	1618.911499
2073.875	1682.869629
2077.072266	1705.928467
2080.269531	1714.31958
2083.464844	1644.622314
2086.660156	1657.636353
2089.853516	1682.267212
2093.044922	1703.046265
2096.236328	1666.534546
2099.425781	1684.223999
2102.613281	1667.826172
2105.800781	1637.459595
2108.986328	1690.059692
2112.169922	1707.008179
2115.353516	1643.243164
2118.535156	1653.197144
2121.716797	1698.891846
2124.896484	1716.645508
2128.074219	1687.767456
2131.251953	1640.979248
2134.427734	1712.412964
2137.603516	1632.129761
2140.777344	1628.867188
2143.949219	1669.221069
2147.119141	1677.657837
2150.289063	1651.80188
2153.458984	1646.980713
2156.625	1657.757813
2159.791016	1706.003052
2162.957031	1680.116455
2166.121094	1705.75708
2169.283203	1668.911011
2172.445313	1655.484985
2175.603516	1688.963867
2178.763672	1633.294067
2181.921875	1658.964111
2185.078125	1693.264771
2188.232422	1690.784058
2191.386719	1678.899902
2194.539063	1672.49231
2197.691406	1665.295288
2200.841797	1679.269653
2203.990234	1655.591431
2207.138672	1666.432251
2210.285156	1689.05957
2213.429688	1629.221558
2216.574219	1718.648193
2219.71875	1692.579224
2222.859375	1646.828613
2226	1682.078003
2229.140625	1677.214233
2232.279297	1673.133667
2235.416016	1640.693848
2238.550781	1735.878418
2241.685547	1719.990601
2244.820313	1700.147339
2247.951172	1698.432251
2251.082031	1657.25708
2254.212891	1676.839355
2257.341797	1678.271362
2260.46875	1676.543823
2263.595703	1723.02771
2266.720703	1678.618286
2269.84375	1684.00647
2272.966797	1671.990112
2276.087891	1685.295044
2279.208984	1699.401733
2282.328125	1712.72644
2285.445313	1696.738647
2288.5625	1679.945435
2291.677734	1710.725098
2294.792969	1680.435669
2297.90625	1660.440918
2301.017578	1705.539429
2304.128906	1700.630249
2307.238281	1647.244995
2310.345703	1634.359741
2313.453125	1703.372559
2316.558594	1706.408569
2319.664063	1664.880005
2322.767578	1733.982178
2325.871094	1772.871948
2328.972656	1783.905029
2332.072266	1798.931274
2335.169922	1772.506348
2338.267578	1671.879272
2341.365234	1717.20105
2344.460938	1704.284058
2347.554688	1675.38562
2350.648438	1692.79895
2353.740234	1663.873291
2356.830078	1657.310547
2359.919922	1715.524536
2363.007813	1678.57251
2366.095703	1703.22168
2369.181641	1699.064453
2372.265625	1658.858887
2375.349609	1685.130127
2378.431641	1704.206421
2381.513672	1706.456909
2384.59375	1750.423584
2387.673828	1671.638428
2390.75	1685.117432
2393.828125	1705.834229
2396.902344	1681.574463
2399.976563	1691.856323
2403.050781	1707.773926
2406.123047	1687.507813
2409.193359	1716.309326
2412.262695	1723.39856
2415.331055	1715.998291
2418.398438	1698.119629
2421.464844	1677.809448
2424.530273	1717.140015
2427.59375	1708.111572
2430.65625	1690.201294
2433.717773	1730.387085
2436.77832	1710.856201
2439.837891	1781.771729
2442.895508	1722.65271
2445.953125	1661.871948
2449.008789	1744.168701
2452.063477	1714.896973
2455.117188	1734.156006
2458.168945	1736.429199
2461.220703	1758.139526
2464.270508	1728.017212
2467.319336	1718.943237
2470.367188	1674.189209
2473.413086	1693.473999
2476.458984	1706.282227
2479.50293	1708.547974
2482.545898	1707.567261
2485.587891	1755.321655
2488.628906	1718.603516
2491.668945	1692.424927
2494.707031	1739.413208
2497.745117	1702.646362
2500.78125	1731.769531
2503.816406	1745.446045
2506.850586	1744.473022
2509.882813	1747.57251
2512.915039	1717.257813
2515.945313	1786.390381
2518.974609	1741.385254
2522.00293	1718.376343
2525.030273	1725.551025
2528.056641	1764.576416
2531.081055	1771.772949
2534.105469	1741.384888
2537.12793	1721.600708
2540.149414	1726.334717
2543.169922	1730.253784
2546.188477	1737.448975
2549.207031	1687.34021
2552.223633	1735.474243
2555.239258	1765.619019
2558.254883	1749.067627
2561.267578	1716.10498
2564.280273	1739.713257
2567.291992	1738.722656
2570.301758	1765.639771
2573.311523	1793.397583
2576.319336	1732.458252
2579.326172	1765.154297
2582.332031	1760.880981
2585.335938	1758.248901
2588.339844	1790.98999
2591.341797	1768.614502
2594.34375	1733.049072
2597.34375	1741.931641
2600.342773	1806.846558
2603.34082	1792.684204
2606.336914	1774.388184
2609.333008	1751.953857
2612.327148	1759.207642
2615.320313	1749.95752
2618.313477	1762.995483
2621.304688	1838.82373
2624.293945	1834.549805
2627.283203	1815.39209
2630.271484	1779.679932
2633.257813	1786.132813
2636.243164	1755.3479
2639.227539	1741.098022
2642.210938	1764.106934
2645.193359	1759.791138
2648.174805	1791.940552
2651.155273	1764.415039
2654.133789	1829.767212
2657.112305	1764.065674
2660.088867	1819.504639
2663.064453	1801.081055
2666.039063	1800.918335
2669.012695	1819.036865
2671.984375	1855.457031
2674.956055	1830.364868
2677.925781	1806.91748
2680.895508	1817.573486
2683.863281	1881.518799
2686.830078	1857.230347
2689.795898	1832.92334
2692.760742	1856.938354
2695.723633	1834.279907
2698.686523	1858.312378
2701.647461	1831.464966
2704.608398	1825.464478
2707.567383	1890.43396
2710.525391	1884.449951
2713.482422	1865.927002
2716.438477	1849.897583
2719.392578	1833.019775
2722.34668	1922.369629
2725.299805	1871.194336
2728.250977	1902.859619
2731.201172	1898.536621
2734.150391	1888.345581
2737.098633	1899.93689
2740.045898	1942.556763
2742.992188	1896.305176
2745.9375	1870.155396
2748.881836	1917.846069
2751.824219	1868.174438
2754.765625	1893.220337
2757.707031	1872.070679
2760.646484	1862.672729
2763.584961	1870.084717
2766.522461	1895.166504
2769.458984	1873.984619
2772.393555	1863.730103
2775.328125	1849.25708
2778.261719	1890.37207
2781.193359	1856.514771
2784.124023	1863.097656
2787.054688	1871.371582
2789.983398	1807.94104
2792.911133	1865.149536
2795.837891	1913.956909
2798.762695	1863.139526
2801.6875	1854.528809
2804.611328	1873.802856
2807.533203	1884.635498
2810.455078	1922.54187
2813.375	1913.092407
2816.293945	1860.467285
2819.211914	1905.179077
2822.129883	1869.452881
2825.045898	1933.689331
2827.959961	1970.846558
2830.874023	1951.215576
2833.787109	1969.743164
2836.698242	2004.407227
2839.609375	1989.859131
2842.518555	2061.071777
2845.427734	2168.016357
2848.334961	2254.642334
2851.241211	2322.627686
2854.146484	2326.026611
2857.050781	2384.728027
2859.954102	2393.257568
2862.856445	2470.756104
2865.757813	2588.340576
2868.657227	2661.705566
2871.556641	2735.123291
2874.454102	2818.825439
2877.351563	2862.499512
2880.24707	2851.595947
2883.141602	2874.82666
2886.036133	2841.717285
2888.928711	2917.065918
2891.820313	2918.126709
2894.710938	2943.977295
2897.599609	3000.630371
2900.488281	3006.853271
2903.375977	3079.828369
2906.262695	3046.70459
2909.147461	3198.531494
2912.032227	3207.402832
2914.915039	3273.697998
2917.797852	3394.050293
2920.678711	3514.489258
2923.558594	3575.818359
2926.4375	3617.45166
2929.31543	3696.890137
2932.192383	3698.229736
2935.068359	3741.668457
2937.943359	3657.935303
2940.817383	3630.886475
2943.69043	3554.791748
2946.561523	3531.126221
2949.432617	3307.755127
2952.301758	3193.572998
2955.170898	3159.412598
2958.038086	3120.056641
2960.905273	3077.223877
2963.770508	3034.359375
2966.634766	3042.355957
2969.499023	2980.462891
2972.361328	2883.995605
2975.222656	2855.676514
2978.083008	2810.059814
2980.942383	2755.767822
2983.800781	2661.671143
2986.657227	2644.470459
2989.513672	2594.383545
2992.369141	2499.259521
2995.223633	2441.291748
2998.076172	2403.200195
3000.928711	2342.555908
3003.779297	2282.734131
3006.629883	2204.662842
3009.478516	2200.252441
3012.327148	2106.477783
3015.173828	2099.424072
3018.019531	2109.729004
3020.865234	2067.929932
3023.708984	2055.640381
3026.551758	2038.995972
3029.393555	2012.775146
3032.234375	2036.981201
3035.074219	2002.039185
3037.913086	2038.443237
3040.750977	2053.105469
3043.587891	2023.356323
3046.423828	1975.287598
3049.258789	2012.604126
3052.091797	2042.099365
3054.924805	2089.060547
3057.756836	2070.612061
3060.586914	2101.904297
3063.416992	2094.797607
3066.246094	2085.938477
3069.073242	2055.227051
3071.900391	2058.584473
3074.725586	1996.360229
3077.550781	1962.95813
3080.374023	1941.782715
3083.196289	1987.12085
3086.018555	1992.208984
3088.838867	1971.019897
3091.658203	1976.981323
3094.477539	1999.602539
3097.294922	1945.068115
3100.111328	1915.057739
3102.926758	1956.986328
3105.741211	1920.812622
3108.554688	1955.746704
3111.367188	1942.387207
3114.178711	1960.655396
3116.990234	1954.320313
3119.799805	1929.511841
3122.607422	1905.565063
3125.415039	1907.122925
3128.22168	1918.365845
3131.027344	1942.82666
3133.832031	1958.494507
3136.635742	1945.089111
3139.438477	1942.253418
3142.240234	1989.686768
3145.041016	1958.63147
3147.839844	1955.796387
3150.638672	1937.949585
3153.436523	1976.614868
3156.233398	1939.324463
3159.02832	1924.986816
3161.823242	1930.973877
3164.617188	1942.271606
3167.410156	1997.81543
3170.201172	1968.430054
3172.992188	1908.9198
3175.782227	1897.195435
3178.570313	1920.017334
3181.358398	1892.333618
3184.144531	1953.295044
3186.930664	1949.550781
3189.71582	1949.352539
3192.499023	1934.064575
3195.282227	1935.63562
3198.063477	1964.742188
3200.844727	1907.007813
