399.333984	1339.19751
403.220703	1319.430908
407.103516	1318.731201
410.986328	1294.48291
414.867188	1298.227905
418.748047	1284.777466
422.625	1312.736206
426.501953	1257.202759
430.375	1241.164673
434.248047	1255.102051
438.119141	1262.66748
441.988281	1239.584839
445.855469	1271.427856
449.722656	1266.864624
453.585938	1290.43335
457.449219	1261.563477
461.310547	1251.22876
465.169922	1242.805664
469.027344	1262.559814
472.882813	1265.668701
476.736328	1248.264038
480.589844	1237.257935
484.441406	1258.967407
488.289063	1238.968384
492.136719	1236.934204
495.984375	1271.52063
499.828125	1261.141724
503.669922	1248.181274
507.511719	1242.929321
511.351563	1250.5448
515.189453	1277.483276
519.025391	1269.015137
522.859375	1295.984009
526.691406	1285.581665
530.523438	1301.615112
534.351563	1266.039551
538.179688	1280.786499
542.005859	1294.899902
545.830078	1323.239624
549.654297	1287.610596
553.474609	1280.404053
557.294922	1281.601074
561.113281	1279.562744
564.927734	1256.154663
568.744141	1280.661987
572.556641	1211.869385
576.367188	1273.33313
580.177734	1240.151489
583.986328	1215.376587
587.792969	1221.740234
591.597656	1242.396973
595.400391	1242.929443
599.201172	1213.561768
603.001953	1229.688477
606.800781	1238.672485
610.597656	1218.375977
614.392578	1229.966553
618.185547	1244.82373
621.976563	1225.805908
625.767578	1229.590088
629.556641	1240.551636
633.34375	1265.225098
637.128906	1261.196289
640.912109	1289.817383
644.693359	1281.221436
648.474609	1268.696045
652.253906	1247.658813
656.03125	1257.350098
659.806641	1302.390503
663.580078	1302.291504
667.353516	1287.126343
671.123047	1303.40271
674.892578	1341.9823
678.660156	1307.793579
682.425781	1270.950684
686.191406	1287.90271
689.953125	1311.435913
693.714844	1344.186523
697.474609	1314.52478
701.232422	1338.098267
704.988281	1336.694214
708.744141	1340.553345
712.498047	1370.750732
716.248047	1358.81897
719.998047	1389.707886
723.748047	1396.231567
727.494141	1429.140381
731.240234	1398.737793
734.982422	1392.071045
738.724609	1351.720947
742.464844	1398.53833
746.205078	1439.446899
749.941406	1453.942505
753.677734	1435.376709
757.412109	1434.000244
761.144531	1449.834717
764.875	1452.436157
768.605469	1431.186279
772.332031	1456.318726
776.058594	1484.78772
779.783203	1546.451904
783.505859	1525.204102
787.228516	1511.905884
790.947266	1460.068237
794.666016	1492.584351
798.382813	1471.940918
802.097656	1479.214478
805.8125	1529.078979
809.523438	1535.716309
813.234375	1527.707764
816.943359	1515.02832
820.650391	1515.001587
824.357422	1523.642822
828.060547	1496.935547
831.763672	1490.893677
835.464844	1466.1521
839.164063	1503.506592
842.861328	1503.472412
846.558594	1516.139038
850.253906	1529.484863
853.947266	1527.453125
857.638672	1499.984497
861.328125	1548.828857
865.017578	1489.189941
868.705078	1479.764038
872.390625	1509.216919
876.074219	1510.522705
879.755859	1520.55249
883.4375	1512.464966
887.117188	1507.056641
890.794922	1502.315186
894.470703	1528.488525
898.146484	1515.009521
901.818359	1471.246216
905.490234	1532.43457
909.160156	1488.640991
912.830078	1501.390137
916.496094	1483.826172
920.162109	1502.650391
923.826172	1510.024902
927.488281	1518.079956
931.148438	1465.392578
934.808594	1542.312134
938.466797	1549.713989
942.123047	1542.253174
945.777344	1491.514282
949.429688	1464.406494
953.082031	1519.154297
956.732422	1516.405273
960.380859	1519.748901
964.027344	1535.967896
967.673828	1485.096313
971.318359	1517.588013
974.960938	1511.438599
978.601563	1527.001099
982.240234	1510.665405
985.878906	1503.824951
989.515625	1534.351807
993.150391	1567.622925
996.783203	1594.800781
1000.416016	1653.978149
1004.044922	1724.094971
1007.673828	1572.28418
1011.302734	1559.996826
1014.927734	1509.534302
1018.552734	1503.345703
1022.175781	1529.891113
1025.796875	1549.634644
1029.416016	1573.48999
1033.035156	1529.072144
1036.650391	1505.796387
1040.265625	1524.194214
1043.880859	1533.033813
1047.492188	1522.042603
1051.103516	1545.943604
1054.712891	1495.239136
1058.320313	1541.750244
1061.925781	1506.76062
1065.53125	1563.596802
1069.134766	1605.392822
1072.736328	1579.303467
1076.335938	1549.760254
1079.935547	1591.601318
1083.533203	1665.761597
1087.128906	1617.661987
1090.722656	1594.95874
1094.316406	1670.587036
1097.90625	1605.226807
1101.496094	1617.593994
1105.085938	1627.216675
1108.671875	1587.245361
1112.257813	1612.713989
1115.841797	1570.634277
1119.423828	1611.980957
1123.003906	1618.858765
1126.583984	1624.361206
1130.162109	1575.308716
1133.738281	1604.287598
1137.314453	1504.728149
1140.886719	1490.829346
1144.458984	1507.356323
1148.029297	1548.118408
1151.599609	1555.681519
1155.166016	1576.4104
1158.732422	1552.116821
1162.296875	1552.757813
1165.861328	1579.057617
1169.421875	1610.235229
1172.982422	1630.333252
1176.541016	1626.839844
1180.097656	1574.024658
1183.654297	1588.572021
1187.208984	1574.627808
1190.761719	1591.968506
1194.3125	1577.317505
1197.863281	1619.730957
1201.412109	1673.320435
1204.958984	1736.706543
1208.503906	1727.664673
1212.048828	1732.559082
1215.591797	1764.659302
1219.132813	1793.296509
1222.671875	1824.051025
1226.210938	1852.735352
1229.748047	1807.386719
1233.283203	1841.678223
1236.816406	1830.548462
1240.349609	1883.063721
1243.880859	1853.046387
1247.410156	1858.708008
1250.939453	1849.666016
1254.464844	1860.234375
1257.990234	1837.866699
1261.513672	1829.504761
1265.037109	1891.287109
1268.558594	1818.373291
1272.078125	1827.543945
1275.595703	1816.352539
1279.111328	1846.609009
1282.626953	1856.503906
1286.140625	1873.438965
1289.652344	1858.025024
1293.164063	1907.349243
1296.673828	1979.244751
1300.181641	1982.167969
1303.6875	2009.052246
1307.193359	2030.318115
1310.697266	1979.664551
1314.199219	2039.034424
1317.699219	2068.101318
1321.199219	2086.599609
1324.697266	2009.040283
1328.193359	2028.235229
1331.689453	2118.144287
1335.181641	2076.572266
1338.673828	2056.192871
1342.166016	2033.672852
1345.654297	2007.593018
1349.142578	1938.276978
1352.628906	1944.028564
1356.115234	1941.985107
1359.597656	1882.486084
1363.080078	1904.541016
1366.5625	1915.96521
1370.041016	1906.09314
1373.519531	1898.343872
1376.996094	1860.73645
1380.470703	1902.734009
1383.945313	1848.025024
1387.417969	1861.58606
1390.888672	1860.20752
1394.357422	1843.87146
1397.826172	1864.570679
1401.292969	1833.966675
1404.757813	1856.816895
1408.222656	1824.757202
1411.683594	1869.744263
1415.144531	1885.496216
1418.605469	1904.831665
1422.0625	1872.022827
1425.519531	1892.797119
1428.976563	1884.268921
1432.429688	1967.302246
1435.882813	1960.943481
1439.333984	2070.564941
1442.783203	2130.137207
1446.232422	2156.796143
1449.679688	2141.182861
1453.125	2119.819336
1456.570313	2145.787354
1460.011719	2115.794922
1463.453125	2079.315674
1466.894531	1990.371582
1470.332031	1978.961182
1473.769531	1933.0354
1477.207031	1978.405029
1480.640625	1915.893555
1484.074219	1936.820801
1487.505859	1889.361572
1490.935547	1871.396606
1494.365234	1828.915894
1497.792969	1777.028564
1501.21875	1782.794556
1504.644531	1776.299438
1508.066406	1754.641357
1511.490234	1774.845215
1514.910156	1782.062622
1518.330078	1782.058716
1521.748047	1793.62146
1525.164063	1782.772949
1528.580078	1819.667847
1531.992188	1804.477051
1535.40625	1784.204956
1538.816406	1820.419312
1542.226563	1793.614014
1545.634766	1867.559692
1549.041016	1895.146606
1552.447266	1900.262695
1555.851563	1977.242554
1559.253906	1934.46875
1562.65625	1958.49292
1566.056641	1970.181396
1569.455078	1984.786987
1572.851563	2003.040283
1576.248047	2059.871338
1579.642578	2054.875488
1583.035156	2052.059814
1586.427734	2025.20105
1589.818359	1961.881226
1593.207031	1966.313965
1596.595703	1973.667236
1599.982422	1935.057373
1603.367188	1980.360596
1606.751953	2035.192749
1610.132813	2020.667358
1613.513672	2017.092163
1616.894531	2024.480591
1620.273438	2023.828735
1623.650391	2010.005127
1627.025391	2005.685913
1630.400391	1954.495972
1633.773438	1950.88269
1637.144531	2002.232178
1640.513672	2006.698975
1643.882813	2058.844482
1647.251953	2155.056641
1650.617188	2122.151611
1653.982422	2137.686768
1657.345703	2151.764648
1660.707031	2220.238281
1664.068359	2168.923828
1667.427734	2185.971436
1670.787109	2213.333496
1674.142578	2120.731201
1677.498047	2074.44751
1680.853516	2090.009277
1684.205078	2055.467285
1687.556641	1985.50769
1690.90625	1971.547729
1694.255859	1964.954834
1697.603516	1879.372437
1700.949219	1877.905762
1704.294922	1869.788818
1707.638672	1811.409424
1710.980469	1769.988159
1714.320313	1809.893433
1717.660156	1766.217773
1720.998047	1793.568726
1724.335938	1724.673218
1727.669922	1767.585571
1731.003906	1762.359497
1734.337891	1765.284302
1737.669922	1745.959961
1741	1743.685791
1744.328125	1791.884888
1747.65625	1715.36792
1750.982422	1747.992798
1754.306641	1708.555298
1757.630859	1721.872314
1760.953125	1739.662109
1764.273438	1733.655762
1767.59375	1720.200684
1770.912109	1708.968384
1774.228516	1744.658203
1777.544922	1750.566406
1780.859375	1733.367188
1784.171875	1743.749756
1787.484375	1745.932617
1790.792969	1727.217041
1794.103516	1727.900879
1797.410156	1721.861694
1800.716797	1724.037598
1804.023438	1780.789917
1807.326172	1736.620361
1810.628906	1770.97583
1813.929688	1780.657837
1817.230469	1755.154175
1820.529297	1743.862427
1823.826172	1762.536499
1827.123047	1775.227417
1830.417969	1753.429443
1833.710938	1732.364014
1837.001953	1762.319702
1840.292969	1757.759155
1843.583984	1736.669189
1846.871094	1800.476074
1850.158203	1773.37146
1853.443359	1736.468506
1856.728516	1759.723267
1860.011719	1764.932495
1863.292969	1792.733521
1866.574219	1760.297607
1869.853516	1739.13855
1873.130859	1756.407471
1876.408203	1772.181274
1879.683594	1766.088989
1882.957031	1748.670776
1886.230469	1763.703857
1889.501953	1787.056641
1892.771484	1766.602417
1896.041016	1731.769531
1899.308594	1730.937744
1902.574219	1763.390747
1905.839844	1807.977417
1909.103516	1744.334839
1912.365234	1803.338623
1915.626953	1772.223755
1918.886719	1741.842163
1922.146484	1754.658081
1925.402344	1747.002075
1928.658203	1727.197632
1931.914063	1771.147705
1935.167969	1781.71521
1938.419922	1746.704468
1941.669922	1786.152222
1944.919922	1810.423218
1948.167969	1786.030518
1951.416016	1831.626465
1954.662109	1822.447266
1957.90625	1762.997803
1961.150391	1778.162842
1964.392578	1773.523438
1967.632813	1784.129028
1970.873047	1781.012939
1974.111328	1819.86145
1977.347656	1790.80249
1980.583984	1794.556763
1983.818359	1779.979126
1987.050781	1776.853271
1990.283203	1828.770996
1993.513672	1804.245483
1996.744141	1805.714844
1999.970703	1769.678833
2003.199219	1823.970459
2006.423828	1777.18811
2009.648438	1791.675049
2012.871094	1795.440063
2016.09375	1813.779297
2019.314453	1810.650024
2022.533203	1819.03064
2025.751953	1745.260498
2028.96875	1812.766724
2032.183594	1823.462036
2035.398438	1784.967041
2038.611328	1782.585693
2041.824219	1814.821289
2045.035156	1798.595703
2048.244141	1783.126953
2051.451172	1837.735352
2054.658203	1812.252197
2057.865234	1792.144531
2061.068359	1805.949829
2064.271484	1783.508911
2067.474609	1828.189209
2070.673828	1780.262329
2073.875	1787.904175
2077.072266	1791.688477
2080.269531	1817.116943
2083.464844	1848.750366
2086.660156	1814.659302
2089.853516	1783.636597
2093.044922	1819.937256
2096.236328	1818.319336
2099.425781	1829.095093
2102.613281	1811.203369
2105.800781	1810.354248
2108.986328	1827.34314
2112.169922	1808.65271
2115.353516	1857.477905
2118.535156	1810.829346
2121.716797	1806.092163
2124.896484	1802.905151
2128.074219	1767.841187
2131.251953	1834.630371
2134.427734	1818.223145
2137.603516	1814.255859
2140.777344	1829.750488
2143.949219	1784.500977
2147.119141	1781.293945
2150.289063	1808.485229
2153.458984	1826.339355
2156.625	1834.845337
2159.791016	1826.18811
2162.957031	1796.444214
2166.121094	1840.874268
2169.283203	1800.955078
2172.445313	1803.994019
2175.603516	1799.997681
2178.763672	1810.860107
2181.921875	1863.20459
2185.078125	1816.169312
2188.232422	1845.84436
2191.386719	1826.968994
2194.539063	1801.808716
2197.691406	1833.863403
2200.841797	1778.880615
2203.990234	1785.841797
2207.138672	1814.001343
2210.285156	1843.752563
2213.429688	1818.538086
2216.574219	1809.806519
2219.71875	1819.149292
2222.859375	1816.702026
2226	1846.509399
2229.140625	1811.800659
2232.279297	1773.915405
2235.416016	1776.171265
2238.550781	1811.522705
2241.685547	1783.051636
2244.820313	1790.832275
2247.951172	1822.284546
2251.082031	1806.410278
2254.212891	1809.470703
2257.341797	1808.584229
2260.46875	1863.792114
2263.595703	1787.838745
2266.720703	1836.754639
2269.84375	1813.728027
2272.966797	1812.047974
2276.087891	1829.364502
2279.208984	1864.907227
2282.328125	1827.594849
2285.445313	1848.898315
2288.5625	1851.983154
2291.677734	1870.932129
2294.792969	1809.760986
2297.90625	1803.308594
2301.017578	1798.438965
2304.128906	1826.926392
2307.238281	1836.36438
2310.345703	1831.500488
2313.453125	1819.475342
2316.558594	1839.261841
2319.664063	1820.863037
2322.767578	1808.818848
2325.871094	1906.673584
2328.972656	1944.050049
2332.072266	1960.731445
2335.169922	1896.892822
2338.267578	1810.670776
2341.365234	1846.469971
2344.460938	1804.864746
2347.554688	1856.659424
2350.648438	1838.192749
2353.740234	1814.117432
2356.830078	1786.026001
2359.919922	1813.097412
2363.007813	1818.586792
2366.095703	1856.095459
2369.181641	1809.559692
2372.265625	1859.107422
2375.349609	1881.44812
2378.431641	1807.613159
2381.513672	1829.14856
2384.59375	1811.391602
2387.673828	1873.069702
2390.75	1899.470093
2393.828125	1812.649658
2396.902344	1836.635986
2399.976563	1877.518555
2403.050781	1866.169189
2406.123047	1884.571411
2409.193359	1849.880493
2412.262695	1863.459961
2415.331055	1889.128052
2418.398438	1854.398193
2421.464844	1804.3302
2424.530273	1896.915771
2427.59375	1864.567505
2430.65625	1840.262085
2433.717773	1847.414185
2436.77832	1846.497437
2439.837891	1810.848633
2442.895508	1868.900391
2445.953125	1855.864746
2449.008789	1844.436157
2452.063477	1855.648071
2455.117188	1847.446655
2458.168945	1888.619629
2461.220703	1863.417358
2464.270508	1890.044067
2467.319336	1847.803101
2470.367188	1843.634888
2473.413086	1863.794678
2476.458984	1873.421509
2479.50293	1842.472168
2482.545898	1857.781128
2485.587891	1859.292603
2488.628906	1905.496582
2491.668945	1877.762451
2494.707031	1846.754272
2497.745117	1855.583618
2500.78125	1865.23291
2503.816406	1899.312378
2506.850586	1889.438599
2509.882813	1851.856445
2512.915039	1905.528564
2515.945313	1863.031494
2518.974609	1871.071533
2522.00293	1877.485229
2525.030273	1883.087158
2528.056641	1847.048462
2531.081055	1873.063843
2534.105469	1904.001221
2537.12793	1898.175049
2540.149414	1905.428589
2543.169922	1913.505249
2546.188477	1891.306885
2549.207031	1878.097168
2552.223633	1824.74585
2555.239258	1934.397461
2558.254883	1896.599121
2561.267578	1908.787598
2564.280273	1940.670288
2567.291992	1943.857544
2570.301758	1870.708008
2573.311523	1874.691772
2576.319336	1879.499512
2579.326172	1934.43811
2582.332031	1897.345215
2585.335938	1872.559814
2588.339844	1888.889771
2591.341797	1907.700562
2594.34375	1937.227783
2597.34375	1903.358765
2600.342773	1927.962158
2603.34082	1937.747314
2606.336914	1940.943115
2609.333008	1991.981445
2612.327148	1965.493774
2615.320313	1967.05127
2618.313477	1921.541138
2621.304688	1953.646973
2624.293945	1951.068604
2627.283203	1950.967773
2630.271484	1976.503174
2633.257813	1920.982056
2636.243164	1912.592651
2639.227539	1952.215454
2642.210938	1979.44397
2645.193359	1986.807495
2648.174805	1940.30188
2651.155273	1965.896729
2654.133789	1950.866943
2657.112305	1944.123169
2660.088867	1969.746582
2663.064453	1979.61145
2666.039063	1980.345581
2669.012695	1972.77002
2671.984375	1990.958496
2674.956055	2014.14978
2677.925781	2022.383179
2680.895508	2009.816772
2683.863281	2025.546631
2686.830078	1962.167969
2689.795898	2001.218994
2692.760742	2028.630127
2695.723633	2009.370239
2698.686523	2004.274902
2701.647461	2065.925781
2704.608398	1994.071655
2707.567383	2046.578491
2710.525391	2038.14624
2713.482422	2088.200439
2716.438477	2049.683105
2719.392578	2061.311035
2722.34668	2098.042969
2725.299805	2066.180176
2728.250977	2070.291016
2731.201172	2110.415771
2734.150391	2098.627197
2737.098633	2074.258301
2740.045898	2049.032715
2742.992188	2090.04541
2745.9375	2048.864746
2748.881836	2065.566406
2751.824219	2070.525146
2754.765625	2106.564697
2757.707031	2067.008057
2760.646484	2033.305664
2763.584961	2108.049561
2766.522461	2107.983643
2769.458984	2087.721436
2772.393555	2034.614136
2775.328125	2068.203613
2778.261719	2111.083984
2781.193359	2046.969849
2784.124023	2046.035278
2787.054688	2094.856689
2789.983398	2084.657959
2792.911133	2048.288574
2795.837891	2064.236816
2798.762695	2058.237061
2801.6875	2075.044434
2804.611328	2073.269531
2807.533203	2067.265137
2810.455078	2084.938721
2813.375	2076.394775
2816.293945	2020.443848
2819.211914	2088.076416
2822.129883	2077.828613
2825.045898	2124.34668
2827.959961	2130.209717
2830.874023	2160.668213
2833.787109	2204.721191
2836.698242	2248.805664
2839.609375	2320.087402
2842.518555	2383.777588
2845.427734	2546.909668
2848.334961	2697.412354
2851.241211	2784.262695
2854.146484	2848.213379
2857.050781	2869.670898
2859.954102	2893.697021
2862.856445	3008.839355
2865.757813	3172.612305
2868.657227	3315.203613
2871.556641	3428.918945
2874.454102	3545.27417
2877.351563	3612.242188
2880.24707	3664.75293
2883.141602	3622.554688
2886.036133	3670.836182
2888.928711	3668.754883
2891.820313	3671.798096
2894.710938	3724.421875
2897.599609	3767.676758
2900.488281	3827.215332
2903.375977	3868.825684
2906.262695	3984.086426
2909.147461	4065.175293
2912.032227	4190.012695
2914.915039	4363.788086
2917.797852	4566.836426
2920.678711	4655.969238
2923.558594	4734.870605
2926.4375	4831.851074
2929.31543	4851.631836
2932.192383	4923.815918
2935.068359	4958.247559
2937.943359	5034.817871
2940.817383	4939.484375
2943.69043	4717.646484
2946.561523	4554.154785
2949.432617	4342.343262
2952.301758	4213.036621
2955.170898	4045.736328
2958.038086	3994.637695
2960.905273	3944.363037
2963.770508	3923.368896
2966.634766	3805.748535
2969.499023	3798.493652
2972.361328	3735.987061
2975.222656	3612.124268
2978.083008	3565.916504
2980.942383	3470.418213
2983.800781	3377.443604
2986.657227	3311.208984
2989.513672	3199.07666
2992.369141	3077.343262
2995.223633	2945.133057
2998.076172	2832.745117
3000.928711	2765.324951
3003.779297	2716.921631
3006.629883	2658.946533
3009.478516	2544.556641
3012.327148	2479.535889
3015.173828	2429.221924
3018.019531	2369.321045
3020.865234	2377.989014
3023.708984	2224.192383
3026.551758	2286.699951
3029.393555	2295.346191
3032.234375	2284.863281
3035.074219	2236.088867
3037.913086	2298.688477
3040.750977	2303.866455
3043.587891	2369.147217
3046.423828	2363.897217
3049.258789	2339.467041
3052.091797	2325.482178
3054.924805	2344.632568
3057.756836	2355.942871
3060.586914	2382.9729
3063.416992	2385.572021
3066.246094	2389.046143
3069.073242	2373.298096
3071.900391	2327.817627
3074.725586	2287.550781
3077.550781	2242.006104
3080.374023	2243.682129
3083.196289	2240.982178
3086.018555	2253.166504
3088.838867	2203.162354
3091.658203	2182.040527
3094.477539	2192.462158
3097.294922	2122.211426
3100.111328	2204.553467
3102.926758	2166.726074
3105.741211	2154.330078
3108.554688	2134.89917
3111.367188	2092.612549
3114.178711	2175.967041
3116.990234	2155.642578
3119.799805	2175.757568
3122.607422	2155.41748
3125.415039	2181.706299
3128.22168	2145.505859
3131.027344	2126.012451
3133.832031	2098.575684
3136.635742	2139.862305
3139.438477	2168.834961
3142.240234	2174.014893
3145.041016	2138.61377
3147.839844	2106.717529
3150.638672	2147.195068
3153.436523	2178.868896
3156.233398	2117.79541
3159.02832	2155.666992
3161.823242	2182.071289
3164.617188	2147.466064
3167.410156	2150.881104
3170.201172	2156.953125
3172.992188	2140.008789
3175.782227	2125.709229
3178.570313	2160.130127
3181.358398	2099.736816
3184.144531	2139.492188
3186.930664	2190.80542
3189.71582	2131.244629
3192.499023	2172.826904
3195.282227	2164.715332
3198.063477	2168.144531
3200.844727	2185.020752
