399.333984	1304.239746
403.220703	1281.914551
407.103516	1276.745605
410.986328	1304.029297
414.867188	1279.126953
418.748047	1288.599243
422.625	1231.80542
426.501953	1251.465088
430.375	1244.353638
434.248047	1249.359253
438.119141	1286.286621
441.988281	1252.357422
445.855469	1226.06543
449.722656	1216.369019
453.585938	1213.697998
457.449219	1211.66394
461.310547	1239.708496
465.169922	1215.273071
469.027344	1227.969116
472.882813	1231.06311
476.736328	1227.748169
480.589844	1244.313354
484.441406	1235.867188
488.289063	1211.364502
492.136719	1244.640869
495.984375	1240.680298
499.828125	1252.142822
503.669922	1242.393799
507.511719	1240.355957
511.351563	1223.512939
515.189453	1259.454224
519.025391	1254.843384
522.859375	1245.717163
526.691406	1279.779175
530.523438	1260.334961
534.351563	1270.556519
538.179688	1309.19104
542.005859	1283.920776
545.830078	1242.475464
549.654297	1217.800415
553.474609	1242.897217
557.294922	1219.494263
561.113281	1247.848755
564.927734	1254.212158
568.744141	1236.612915
572.556641	1220.294189
576.367188	1203.312744
580.177734	1221.341675
583.986328	1243.278931
587.792969	1199.668457
591.597656	1230.057495
595.400391	1228.635498
599.201172	1202.511719
603.001953	1190.021118
606.800781	1208.096069
610.597656	1199.501465
614.392578	1206.526123
618.185547	1221.373291
621.976563	1265.55835
625.767578	1247.844849
629.556641	1220.332397
633.34375	1241.734619
637.128906	1225.292725
640.912109	1281.980469
644.693359	1265.541016
648.474609	1235.360962
652.253906	1239.157959
656.03125	1231.182617
659.806641	1262.468018
663.580078	1271.518433
667.353516	1269.440674
671.123047	1281.777588
674.892578	1259.378662
678.660156	1282.870728
682.425781	1264.389282
686.191406	1247.204468
689.953125	1277.287354
693.714844	1295.569824
697.474609	1269.173706
701.232422	1280.234497
704.988281	1278.148071
708.744141	1313.571167
712.498047	1302.937378
716.248047	1323.909912
719.998047	1333.03894
723.748047	1346.130737
727.494141	1351.97876
731.240234	1332.759521
734.982422	1333.325562
738.724609	1364.267456
742.464844	1341.064087
746.205078	1362.782104
749.941406	1351.458984
753.677734	1400.980591
757.412109	1396.280762
761.144531	1390.252441
764.875	1381.569458
768.605469	1380.829712
772.332031	1405.940796
776.058594	1423.11499
779.783203	1436.322754
783.505859	1426.311401
787.228516	1393.715576
790.947266	1423.533325
794.666016	1413.502686
798.382813	1426.7323
802.097656	1417.358887
805.8125	1419.954224
809.523438	1406.575073
813.234375	1414.494873
816.943359	1399.102661
820.650391	1409.691284
824.357422	1429.623779
828.060547	1416.885498
831.763672	1427.494019
835.464844	1490.187378
839.164063	1431.370361
842.861328	1402.572632
846.558594	1430.572144
850.253906	1442.544312
853.947266	1448.504639
857.638672	1423.680054
861.328125	1435.663208
865.017578	1406.792114
868.705078	1417.437012
872.390625	1393.22644
876.074219	1401.861694
879.755859	1422.582275
883.4375	1427.208374
887.117188	1433.852905
890.794922	1435.127563
894.470703	1427.664795
898.146484	1389.263062
901.818359	1431.555542
905.490234	1448.981812
909.160156	1418.619019
912.830078	1399.007324
916.496094	1414.419189
920.162109	1383.328247
923.826172	1413.583008
927.488281	1420.922852
931.148438	1389.119263
934.808594	1425.490723
938.466797	1427.439209
942.123047	1412.493042
945.777344	1409.704102
949.429688	1422.469727
953.082031	1422.38855
956.732422	1423.660889
960.380859	1387.685181
964.027344	1435.015503
967.673828	1409.180786
971.318359	1404.345337
974.960938	1447.670532
978.601563	1388.552979
982.240234	1418.328125
985.878906	1406.694336
989.515625	1452.130127
993.150391	1483.327515
996.783203	1471.025146
1000.416016	1514.502441
1004.044922	1513.092407
1007.673828	1482.400513
1011.302734	1441.464233
1014.927734	1426.390747
1018.552734	1421.531006
1022.175781	1439.857422
1025.796875	1443.869141
1029.416016	1436.278931
1033.035156	1448.486816
1036.650391	1450.456421
1040.265625	1455.844604
1043.880859	1446.877686
1047.492188	1434.482422
1051.103516	1457.66272
1054.712891	1423.352539
1058.320313	1489.011597
1061.925781	1467.704102
1065.53125	1490.249634
1069.134766	1476.467651
1072.736328	1452.382935
1076.335938	1499.657349
1079.935547	1491.353882
1083.533203	1514.640991
1087.128906	1539.321533
1090.722656	1519.335693
1094.316406	1489.704224
1097.90625	1492.386108
1101.496094	1512.27832
1105.085938	1530.12085
1108.671875	1456.352783
1112.257813	1459.023804
1115.841797	1482.380981
1119.423828	1497.479858
1123.003906	1522.251709
1126.583984	1507.694336
1130.162109	1486.909058
1133.738281	1497.196899
1137.314453	1453.579834
1140.886719	1465.936157
1144.458984	1492.829346
1148.029297	1485.833862
1151.599609	1476.755127
1155.166016	1486.369385
1158.732422	1523.014648
1162.296875	1523.643555
1165.861328	1493.065918
1169.421875	1536.002075
1172.982422	1565.092163
1176.541016	1502.552856
1180.097656	1504.56189
1183.654297	1503.792603
1187.208984	1525.268555
1190.761719	1511.987549
1194.3125	1514.697998
1197.863281	1568.918579
1201.412109	1556.334229
1204.958984	1566.031372
1208.503906	1577.130005
1212.048828	1618.914307
1215.591797	1641.202881
1219.132813	1630.713623
1222.671875	1670.476196
1226.210938	1667.671387
1229.748047	1651.5896
1233.283203	1696.999878
1236.816406	1696.298828
1240.349609	1740.36499
1243.880859	1727.783813
1247.410156	1718.692261
1250.939453	1672.473389
1254.464844	1699.78479
1257.990234	1679.454102
1261.513672	1699.076294
1265.037109	1689.952026
1268.558594	1686.434204
1272.078125	1699.763306
1275.595703	1699.75769
1279.111328	1732.776855
1282.626953	1722.942505
1286.140625	1744.042236
1289.652344	1769.380127
1293.164063	1758.139648
1296.673828	1789.135864
1300.181641	1763.101074
1303.6875	1828.653198
1307.193359	1838.565918
1310.697266	1832.970459
1314.199219	1865.469482
1317.699219	1861.29126
1321.199219	1866.994751
1324.697266	1902.371826
1328.193359	1901.028809
1331.689453	1877.060425
1335.181641	1903.28894
1338.673828	1938.029053
1342.166016	1901.303589
1345.654297	1861.006958
1349.142578	1842.638306
1352.628906	1810.788452
1356.115234	1770.404053
1359.597656	1840.637329
1363.080078	1822.228516
1366.5625	1827.940063
1370.041016	1785.36438
1373.519531	1803.142456
1376.996094	1760.521118
1380.470703	1792.523315
1383.945313	1818.149292
1387.417969	1816.754272
1390.888672	1832.443237
1394.357422	1811.822632
1397.826172	1849.608521
1401.292969	1776.231934
1404.757813	1799.058838
1408.222656	1813.343506
1411.683594	1811.225586
1415.144531	1779.834229
1418.605469	1819.839111
1422.0625	1816.290894
1425.519531	1857.771729
1428.976563	1838.50293
1432.429688	1870.725586
1435.882813	1897.964233
1439.333984	1925.94043
1442.783203	1938.897461
1446.232422	1989.841431
1449.679688	1999.966553
1453.125	1963.486328
1456.570313	1990.825806
1460.011719	1972.253906
1463.453125	1978.078369
1466.894531	1881.910278
1470.332031	1853.210205
1473.769531	1899.967407
1477.207031	1889.22937
1480.640625	1913.015747
1484.074219	1874.203369
1487.505859	1854.800049
1490.935547	1849.786987
1494.365234	1821.709717
1497.792969	1768.377808
1501.21875	1728.704956
1504.644531	1768.363159
1508.066406	1734.431519
1511.490234	1768.34668
1514.910156	1815.291138
1518.330078	1750.984741
1521.748047	1834.829224
1525.164063	1811.702271
1528.580078	1818.944214
1531.992188	1816.781982
1535.40625	1795.790649
1538.816406	1895.032593
1542.226563	1851.589478
1545.634766	1865.384644
1549.041016	1945.190674
1552.447266	1945.973511
1555.851563	1954.740845
1559.253906	1915.588867
1562.65625	1941.784668
1566.056641	1968.001221
1569.455078	1992.057251
1572.851563	2027.04187
1576.248047	1975.46814
1579.642578	2025.759277
1583.035156	1993.803955
1586.427734	1997.518433
1589.818359	1934.1875
1593.207031	1929.860229
1596.595703	1965.644165
1599.982422	1950.380249
1603.367188	1965.031494
1606.751953	1998.680542
1610.132813	1951.996826
1613.513672	1961.549072
1616.894531	2006.202515
1620.273438	1900.950806
1623.650391	1919.273193
1627.025391	1924.433716
1630.400391	1961.818848
1633.773438	1953.080444
1637.144531	1930.40979
1640.513672	1994.968262
1643.882813	1975.229004
1647.251953	2028.115967
1650.617188	2000.298584
1653.982422	2079.67334
1657.345703	2031.283447
1660.707031	2065.166992
1664.068359	2074.814697
1667.427734	2065.345947
1670.787109	2048.510742
1674.142578	2005.161987
1677.498047	2000.807251
1680.853516	1975.084473
1684.205078	1956.710571
1687.556641	1908.092773
1690.90625	1904.427979
1694.255859	1897.808472
1697.603516	1864.609009
1700.949219	1853.536621
1704.294922	1821.769653
1707.638672	1831.36377
1710.980469	1767.77002
1714.320313	1840.218628
1717.660156	1780.276489
1720.998047	1820.957153
1724.335938	1840.934937
1727.669922	1764.622314
1731.003906	1798.67395
1734.337891	1807.544312
1737.669922	1823.09668
1741	1768.913574
1744.328125	1863.886963
1747.65625	1765.863525
1750.982422	1784.393799
1754.306641	1823.004028
1757.630859	1828.931763
1760.953125	1835.607666
1764.273438	1816.246216
1767.59375	1819.94397
1770.912109	1758.115234
1774.228516	1805.743652
1777.544922	1805.714111
1780.859375	1795.246582
1784.171875	1840.70752
1787.484375	1825.767944
1790.792969	1785.437866
1794.103516	1807.799438
1797.410156	1806.273926
1800.716797	1792.042603
1804.023438	1812.189209
1807.326172	1739.611938
1810.628906	1812.874756
1813.929688	1791.885254
1817.230469	1810.564331
1820.529297	1796.298218
1823.826172	1730.313232
1827.123047	1822.456909
1830.417969	1844.175781
1833.710938	1832.149414
1837.001953	1826.868042
1840.292969	1831.343262
1843.583984	1808.028931
1846.871094	1830.53418
1850.158203	1819.979858
1853.443359	1833.482178
1856.728516	1795.835571
1860.011719	1828.906616
1863.292969	1809.298096
1866.574219	1848.425537
1869.853516	1846.139282
1873.130859	1863.450317
1876.408203	1839.297974
1879.683594	1840.776245
1882.957031	1831.689209
1886.230469	1846.755005
1889.501953	1872.406372
1892.771484	1817.983521
1896.041016	1882.949829
1899.308594	1820.169189
1902.574219	1834.501343
1905.839844	1838.249146
1909.103516	1845.784912
1912.365234	1823.03064
1915.626953	1844.961548
1918.886719	1879.7948
1922.146484	1880.532471
1925.402344	1832.721191
1928.658203	1849.376465
1931.914063	1790.88623
1935.167969	1856.90271
1938.419922	1821.921387
1941.669922	1841.636963
1944.919922	1823.349365
1948.167969	1848.404663
1951.416016	1854.4552
1954.662109	1832.343506
1957.90625	1870.376831
1961.150391	1854.348022
1964.392578	1856.597778
1967.632813	1866.473389
1970.873047	1858.81311
1974.111328	1865.644165
1977.347656	1883.16687
1980.583984	1888.484619
1983.818359	1832.690918
1987.050781	1867.797485
1990.283203	1847.119873
1993.513672	1887.612549
1996.744141	1883.758545
1999.970703	1852.345459
2003.199219	1892.88623
2006.423828	1876.771851
2009.648438	1877.503784
2012.871094	1814.605713
2016.09375	1809.177734
2019.314453	1882.769043
2022.533203	1848.196533
2025.751953	1886.539795
2028.96875	1868.8396
2032.183594	1884.167236
2035.398438	1877.213501
2038.611328	1870.253784
2041.824219	1867.904297
2045.035156	1873.248535
2048.244141	1830.091797
2051.451172	1916.297363
2054.658203	1849.236938
2057.865234	1901.60022
2061.068359	1869.952271
2064.271484	1869.135864
2067.474609	1856.742676
2070.673828	1875.991943
2073.875	1936.960571
2077.072266	1882.856812
2080.269531	1878.177002
2083.464844	1907.514404
2086.660156	1915.21582
2089.853516	1882.68457
2093.044922	1898.122559
2096.236328	1897.309326
2099.425781	1884.099731
2102.613281	1922.805176
2105.800781	1898.739868
2108.986328	1883.962891
2112.169922	1895.554932
2115.353516	1906.379395
2118.535156	1875.279907
2121.716797	1910.185181
2124.896484	1893.050415
2128.074219	1882.121216
2131.251953	1906.180176
2134.427734	1868.794189
2137.603516	1936.451538
2140.777344	1894.37561
2143.949219	1911.4646
2147.119141	1922.33252
2150.289063	1875.523926
2153.458984	1848.954102
2156.625	1898.035156
2159.791016	1899.547729
2162.957031	1910.42981
2166.121094	1887.735718
2169.283203	1923.623169
2172.445313	1891.536255
2175.603516	1960.292847
2178.763672	1887.518555
2181.921875	1920.329224
2185.078125	1895.235229
2188.232422	1909.278198
2191.386719	1899.828369
2194.539063	1897.424438
2197.691406	1907.562866
2200.841797	1907.512207
2203.990234	1894.90686
2207.138672	1904.269653
2210.285156	1926.203247
2213.429688	1973.290527
2216.574219	1887.605469
2219.71875	1942.574707
2222.859375	1846.587158
2226	1887.420532
2229.140625	1867.681519
2232.279297	1888.869507
2235.416016	1891.957153
2238.550781	1942.324341
2241.685547	1917.844727
2244.820313	1920.945679
2247.951172	1899.593628
2251.082031	1923.996582
2254.212891	1931.838989
2257.341797	1930.999268
2260.46875	1906.456299
2263.595703	1920.622559
2266.720703	1911.078857
2269.84375	1899.154297
2272.966797	1926.784668
2276.087891	1903.773926
2279.208984	1925.091064
2282.328125	1948.008545
2285.445313	1940.828125
2288.5625	1910.650513
2291.677734	1897.104492
2294.792969	1939.086304
2297.90625	1962.844238
2301.017578	1927.863037
2304.128906	1872.996704
2307.238281	1903.112305
2310.345703	1920.531738
2313.453125	1939.554443
2316.558594	1924.383423
2319.664063	1919.546143
2322.767578	1970.434326
2325.871094	2002.246216
2328.972656	2014.960083
2332.072266	2014.930542
2335.169922	1983.00647
2338.267578	1903.996094
2341.365234	1973.344971
2344.460938	1930.989746
2347.554688	1835.098267
2350.648438	1910.09082
2353.740234	1967.558228
2356.830078	1952.31665
2359.919922	1926.666016
2363.007813	1913.796631
2366.095703	1904.118652
2369.181641	1928.061768
2372.265625	1909.569946
2375.349609	1939.942871
2378.431641	1942.282349
2381.513672	1921.367798
2384.59375	1944.558594
2387.673828	1890.724976
2390.75	1931.582886
2393.828125	1982.108765
2396.902344	1921.799438
2399.976563	1919.312622
2403.050781	1910.391235
2406.123047	1948.918701
2409.193359	1952.875122
2412.262695	1944.759888
2415.331055	1930.196045
2418.398438	1895.481689
2421.464844	1959.056152
2424.530273	1946.898193
2427.59375	1973.441528
2430.65625	1954.824707
2433.717773	1925.701294
2436.77832	1924.814087
2439.837891	1887.57959
2442.895508	1976.364136
2445.953125	1928.612061
2449.008789	1936.617554
2452.063477	1985.074219
2455.117188	2010.099609
2458.168945	1954.191162
2461.220703	1969.505005
2464.270508	1975.108276
2467.319336	1983.146606
2470.367188	2013.891479
2473.413086	1954.632324
2476.458984	2000.804443
2479.50293	1959.35144
2482.545898	1972.268555
2485.587891	1947.018066
2488.628906	1994.880249
2491.668945	1963.115356
2494.707031	2027.282471
2497.745117	1973.540527
2500.78125	1988.930786
2503.816406	1980.723022
2506.850586	1984.724854
2509.882813	2016.42981
2512.915039	1978.065796
2515.945313	2046.480957
2518.974609	2007.282837
2522.00293	1963.159302
2525.030273	1974.50708
2528.056641	2035.672729
2531.081055	2000.494263
2534.105469	2033.11377
2537.12793	2020.796265
2540.149414	1979.84668
2543.169922	1964.226685
2546.188477	1976.4198
2549.207031	1995.98999
2552.223633	2003.289307
2555.239258	1960.615479
2558.254883	1992.494629
2561.267578	1989.960205
2564.280273	2045.660034
2567.291992	2082.528564
2570.301758	2029.952148
2573.311523	1978.978149
2576.319336	2039.684082
2579.326172	2006.75354
2582.332031	2023.122437
2585.335938	2023.877686
2588.339844	2023.810547
2591.341797	1971.894043
2594.34375	2038.493896
2597.34375	2059.020752
2600.342773	2073.795166
2603.34082	2007.806274
2606.336914	2032.465942
2609.333008	2057.968506
2612.327148	2043.882446
2615.320313	1990.98938
2618.313477	2045.405029
2621.304688	2019.7323
2624.293945	2093.204834
2627.283203	2021.235718
2630.271484	2040.181396
2633.257813	2074.031982
2636.243164	2043.354126
2639.227539	2071.434814
2642.210938	2067.235107
2645.193359	2048.118652
2648.174805	2073.744385
2651.155273	2061.248047
2654.133789	2110.950928
2657.112305	2091.820068
2660.088867	2096.746582
2663.064453	2056.005859
2666.039063	2057.599121
2669.012695	2050.883057
2671.984375	2092.376953
2674.956055	2115.605713
2677.925781	2087.272461
2680.895508	2137.979004
2683.863281	2070.503174
2686.830078	2087.926514
2689.795898	2098.697266
2692.760742	2112.809082
2695.723633	2088.577881
2698.686523	2098.525146
2701.647461	2094.294678
2704.608398	2140.14209
2707.567383	2110.873291
2710.525391	2085.758789
2713.482422	2094.049805
2716.438477	2127.424072
2719.392578	2113.993652
2722.34668	2127.322021
2725.299805	2186.686523
2728.250977	2165.727051
2731.201172	2141.401855
2734.150391	2184.080322
2737.098633	2198.294922
2740.045898	2148.801514
2742.992188	2161.334961
2745.9375	2161.292236
2748.881836	2153.695068
2751.824219	2147.770996
2754.765625	2154.441162
2757.707031	2130.026611
2760.646484	2167.794678
2763.584961	2145.047852
2766.522461	2086.954346
2769.458984	2106.234131
2772.393555	2129.736816
2775.328125	2118.729736
2778.261719	2161.628662
2781.193359	2143.882813
2784.124023	2130.338379
2787.054688	2172.444092
2789.983398	2159.74292
2792.911133	2161.37915
2795.837891	2144.442383
2798.762695	2164.654053
2801.6875	2186.569824
2804.611328	2188.216309
2807.533203	2152.661377
2810.455078	2185.59082
2813.375	2160.161377
2816.293945	2174.495361
2819.211914	2168.517334
2822.129883	2182.016602
2825.045898	2139.599121
2827.959961	2218.36792
2830.874023	2204.763428
2833.787109	2205.569336
2836.698242	2286.99292
2839.609375	2303.958008
2842.518555	2440.675781
2845.427734	2404.1875
2848.334961	2521.494141
2851.241211	2606.580078
2854.146484	2699.381592
2857.050781	2651.02124
2859.954102	2700.500244
2862.856445	2727.026855
2865.757813	2860.887207
2868.657227	2917.311035
2871.556641	2987.412598
2874.454102	3078.027832
2877.351563	3130.325684
2880.24707	3052.112061
2883.141602	3106.997803
2886.036133	3121.790527
2888.928711	3163.072998
2891.820313	3142.86084
2894.710938	3151.696777
2897.599609	3175.930908
2900.488281	3248.085938
2903.375977	3279.217041
2906.262695	3291.536865
2909.147461	3354.390381
2912.032227	3489.249756
2914.915039	3543.649414
2917.797852	3516.644287
2920.678711	3654.279785
2923.558594	3709.654053
2926.4375	3753.910645
2929.31543	3741.534424
2932.192383	3889.754395
2935.068359	3822.429932
2937.943359	3822.954834
2940.817383	3782.209229
2943.69043	3754.334961
2946.561523	3560.380127
2949.432617	3459.242188
2952.301758	3367.501709
2955.170898	3355.799072
2958.038086	3333.747314
2960.905273	3272.028564
2963.770508	3214.575684
2966.634766	3225.225342
2969.499023	3136.647949
2972.361328	3088.577148
2975.222656	3084.510742
2978.083008	3082.168213
2980.942383	2952.793701
2983.800781	2872.599121
2986.657227	2831.260986
2989.513672	2794.217773
2992.369141	2795.224609
2995.223633	2705.332275
2998.076172	2626.632813
3000.928711	2560.871094
3003.779297	2519.327393
3006.629883	2463.014893
3009.478516	2434.414063
3012.327148	2443.097656
3015.173828	2380.620117
3018.019531	2341.538574
3020.865234	2284.189697
3023.708984	2288.485596
3026.551758	2268.448242
3029.393555	2259.69873
3032.234375	2251.812256
3035.074219	2288.293457
3037.913086	2269.095459
3040.750977	2268.167969
3043.587891	2312.531738
3046.423828	2322.945068
3049.258789	2284.554199
3052.091797	2274.90918
3054.924805	2320.209229
3057.756836	2326.275391
3060.586914	2377.735596
3063.416992	2313.969971
3066.246094	2288.592529
3069.073242	2351.452393
3071.900391	2313.831543
3074.725586	2264.815186
3077.550781	2239.381836
3080.374023	2284.810547
3083.196289	2219.9729
3086.018555	2247.036621
3088.838867	2170.75
3091.658203	2226.73291
3094.477539	2172.299561
3097.294922	2244.106934
3100.111328	2221.221191
3102.926758	2193.930908
3105.741211	2189.445557
3108.554688	2211.302246
3111.367188	2242.837891
3114.178711	2210.241211
3116.990234	2211.907227
3119.799805	2192.467285
3122.607422	2209.962646
3125.415039	2259.153076
3128.22168	2289.009277
3131.027344	2203.51416
3133.832031	2194.606201
3136.635742	2242.096436
3139.438477	2195.28418
3142.240234	2193.417969
3145.041016	2172.139893
3147.839844	2185.26709
3150.638672	2173.681885
3153.436523	2179.752197
3156.233398	2181.408691
3159.02832	2166.272949
3161.823242	2238.656494
3164.617188	2208.493652
3167.410156	2186.271973
3170.201172	2179.080322
3172.992188	2155.060547
3175.782227	2173.537598
3178.570313	2190.255127
3181.358398	2197.234131
3184.144531	2166.091553
3186.930664	2196.127197
3189.71582	2134.793945
3192.499023	2131.110107
3195.282227	2130.087158
3198.063477	2159.262207
3200.844727	2269.401611
