399.333984	1216.52771
403.220703	1225.958008
407.103516	1187.685059
410.986328	1211.111572
414.867188	1171.524902
418.748047	1196.238037
422.625	1175.090088
426.501953	1186.437378
430.375	1146.13208
434.248047	1175.342041
438.119141	1130.527832
441.988281	1159.117188
445.855469	1158.97998
449.722656	1160.759888
453.585938	1122.894409
457.449219	1122.740356
461.310547	1166.746826
465.169922	1165.970703
469.027344	1163.271729
472.882813	1182.358887
476.736328	1161.071533
480.589844	1173.759521
484.441406	1168.491211
488.289063	1139.46582
492.136719	1171.426758
495.984375	1134.666748
499.828125	1164.724243
503.669922	1175.515381
507.511719	1147.071899
511.351563	1150.140747
515.189453	1174.460449
519.025391	1195.579712
522.859375	1155.494507
526.691406	1189.5177
530.523438	1197.124756
534.351563	1192.477661
538.179688	1194.927368
542.005859	1212.233032
545.830078	1168.818604
549.654297	1186.773682
553.474609	1220.263794
557.294922	1172.914063
561.113281	1192.1875
564.927734	1182.339478
568.744141	1162.765869
572.556641	1174.930054
576.367188	1218.872803
580.177734	1156.480103
583.986328	1129.07373
587.792969	1158.77063
591.597656	1136.536743
595.400391	1141.571899
599.201172	1150.51123
603.001953	1155.55603
606.800781	1142.38916
610.597656	1165.006836
614.392578	1161.598877
618.185547	1160.793213
621.976563	1187.356934
625.767578	1161.134644
629.556641	1182.502686
633.34375	1173.220581
637.128906	1183.513916
640.912109	1212.754883
644.693359	1166.88501
648.474609	1197.450439
652.253906	1199.923462
656.03125	1204.36084
659.806641	1195.71228
663.580078	1218.483887
667.353516	1217.038574
671.123047	1214.281128
674.892578	1211.520874
678.660156	1214.660767
682.425781	1217.802979
686.191406	1205.849854
689.953125	1244.452271
693.714844	1216.074951
697.474609	1253.399414
701.232422	1242.097046
704.988281	1247.888184
708.744141	1228.676025
712.498047	1290.428101
716.248047	1292.952759
719.998047	1321.177979
723.748047	1305.258911
727.494141	1295.261597
731.240234	1286.574829
734.982422	1310.883423
738.724609	1296.912476
742.464844	1335.779175
746.205078	1336.346069
749.941406	1330.301147
753.677734	1368.568848
757.412109	1338.708984
761.144531	1339.938599
764.875	1366.998779
768.605469	1386.130493
772.332031	1344.957031
776.058594	1408.525757
779.783203	1390.546143
783.505859	1443.567871
787.228516	1410.315308
790.947266	1392.976807
794.666016	1406.857178
798.382813	1392.161011
802.097656	1430.661133
805.8125	1427.938965
809.523438	1414.563232
813.234375	1429.145996
816.943359	1413.093628
820.650391	1413.023926
824.357422	1416.954468
828.060547	1418.219727
831.763672	1444.845459
835.464844	1399.387451
839.164063	1397.973877
842.861328	1418.609741
846.558594	1410.517456
850.253906	1441.875488
853.947266	1451.180786
857.638672	1395.567871
861.328125	1428.967041
865.017578	1446.316284
868.705078	1401.352661
872.390625	1385.180908
876.074219	1423.996338
879.755859	1421.911255
883.4375	1423.180542
887.117188	1421.092651
890.794922	1396.830566
894.470703	1437.747192
898.146484	1441.041016
901.818359	1358.228638
905.490234	1383.027222
909.160156	1383.60791
912.830078	1410.458008
916.496094	1408.354492
920.162109	1418.383423
923.826172	1406.164307
927.488281	1405.404663
931.148438	1441.09314
934.808594	1427.516602
938.466797	1407.848267
942.123047	1465.20813
945.777344	1449.595093
949.429688	1425.175293
953.082031	1388.554321
956.732422	1440.585083
960.380859	1433.060913
964.027344	1430.950317
967.673828	1419.348145
971.318359	1417.229248
974.960938	1425.96228
978.601563	1444.203613
982.240234	1446.165039
985.878906	1458.316162
989.515625	1420.192749
993.150391	1426.904053
996.783203	1460.823853
1000.416016	1539.676025
1004.044922	1576.393188
1007.673828	1477.633911
1011.302734	1493.237061
1014.927734	1446.835815
1018.552734	1426.985352
1022.175781	1439.175293
1025.796875	1410.433594
1029.416016	1486.794434
1033.035156	1482.633179
1036.650391	1442.94104
1040.265625	1482.500977
1043.880859	1481.750366
1047.492188	1501.520752
1051.103516	1466.559204
1054.712891	1465.115234
1058.320313	1456.135498
1061.925781	1466.33374
1065.53125	1447.74939
1069.134766	1499.098145
1072.736328	1509.325684
1076.335938	1531.229004
1079.935547	1549.030518
1083.533203	1542.117432
1087.128906	1512.520752
1090.722656	1523.460571
1094.316406	1538.535645
1097.90625	1521.972412
1101.496094	1546.006958
1105.085938	1552.845337
1108.671875	1554.866699
1112.257813	1515.53772
1115.841797	1494.102051
1119.423828	1523.69104
1123.003906	1536.742798
1126.583984	1605.722168
1130.162109	1574.618042
1133.738281	1506.178711
1137.314453	1500.581055
1140.886719	1510.190796
1144.458984	1493.521118
1148.029297	1478.91333
1151.599609	1507.910278
1155.166016	1503.684937
1158.732422	1490.447876
1162.296875	1538.893799
1165.861328	1537.44873
1169.421875	1548.489868
1172.982422	1551.21106
1176.541016	1544.213379
1180.097656	1542.071777
1183.654297	1514.911133
1187.208984	1511.364624
1190.761719	1593.359497
1194.3125	1554.357056
1197.863281	1594.672852
1201.412109	1586.973511
1204.958984	1602.256348
1208.503906	1631.489746
1212.048828	1652.380249
1215.591797	1639.110352
1219.132813	1688.629395
1222.671875	1702.58728
1226.210938	1733.31665
1229.748047	1715.166016
1233.283203	1709.580688
1236.816406	1753.634644
1240.349609	1746.660522
1243.880859	1738.980469
1247.410156	1778.899048
1250.939453	1765.62207
1254.464844	1734.116821
1257.990234	1727.81897
1261.513672	1772.004028
1265.037109	1758.700562
1268.558594	1737.665894
1272.078125	1708.890503
1275.595703	1748.221802
1279.111328	1744.72229
1282.626953	1751.763672
1286.140625	1798.192017
1289.652344	1775.711914
1293.164063	1801.776367
1296.673828	1838.42334
1300.181641	1912.432861
1303.6875	1859.659302
1307.193359	1883.684082
1310.697266	1885.159668
1314.199219	1913.446777
1317.699219	1907.876465
1321.199219	1919.248047
1324.697266	1898.839722
1328.193359	1871.34729
1331.689453	1915.237915
1335.181641	1904.703491
1338.673828	1859.489014
1342.166016	1874.405029
1345.654297	1892.873413
1349.142578	1828.469604
1352.628906	1817.166992
1356.115234	1848.395386
1359.597656	1822.904785
1363.080078	1871.190186
1366.5625	1879.051392
1370.041016	1821.583008
1373.519531	1836.534058
1376.996094	1783.975708
1380.470703	1808.877197
1383.945313	1774.047119
1387.417969	1797.540649
1390.888672	1811.797974
1394.357422	1796.154419
1397.826172	1808.284424
1401.292969	1804.74292
1404.757813	1825.442139
1408.222656	1835.45752
1411.683594	1846.907715
1415.144531	1879.070923
1418.605469	1862.692505
1422.0625	1813.432739
1425.519531	1830.609253
1428.976563	1836.357666
1432.429688	1905.063965
1435.882813	1905.83667
1439.333984	1946.703369
1442.783203	1933.16748
1446.232422	2002.022583
1449.679688	2020.754761
1453.125	2061.015137
1456.570313	2022.39209
1460.011719	1952.875977
1463.453125	1971.616455
1466.894531	1939.373291
1470.332031	1915.726318
1473.769531	1934.473145
1477.207031	1919.434082
1480.640625	1910.8573
1484.074219	1902.993042
1487.505859	1892.241699
1490.935547	1857.710571
1494.365234	1829.636475
1497.792969	1828.212769
1501.21875	1845.538574
1504.644531	1793.615112
1508.066406	1763.302734
1511.490234	1807.338379
1514.910156	1787.119141
1518.330078	1809.519531
1521.748047	1805.911499
1525.164063	1808.809326
1528.580078	1803.026733
1531.992188	1784.934082
1535.40625	1815.341675
1538.816406	1845.773315
1542.226563	1865.358643
1545.634766	1871.909546
1549.041016	1910.377441
1552.447266	1928.559814
1555.851563	1919.173706
1559.253906	1920.671875
1562.65625	1938.152466
1566.056641	1930.937622
1569.455078	1972.42749
1572.851563	1916.489136
1576.248047	1924.535278
1579.642578	2006.83374
1583.035156	1999.629517
1586.427734	1962.551025
1589.818359	1966.982666
1593.207031	1972.87561
1596.595703	1907.2948
1599.982422	1947.461548
1603.367188	1943.862915
1606.751953	1966.549683
1610.132813	1968.068604
1613.513672	1984.935669
1616.894531	2006.202515
1620.273438	1981.406616
1623.650391	1950.005005
1627.025391	1948.589844
1630.400391	1948.637573
1633.773438	1970.662598
1637.144531	1994.90332
1640.513672	1953.9104
1643.882813	1977.429443
1647.251953	2048.661133
1650.617188	1996.628296
1653.982422	2039.28418
1657.345703	2104.747559
1660.707031	2058.55249
1664.068359	2059.374756
1667.427734	2074.172119
1670.787109	2048.510742
1674.142578	2061.106201
1677.498047	2030.263428
1680.853516	2034.020264
1684.205078	1997.982056
1687.556641	2004.677002
1690.90625	1976.710693
1694.255859	1952.411011
1697.603516	1920.709717
1700.949219	1901.536499
1704.294922	1862.401245
1707.638672	1829.146606
1710.980469	1838.00769
1714.320313	1821.727661
1717.660156	1824.672485
1720.998047	1850.566162
1724.335938	1851.302246
1727.669922	1821.665161
1731.003906	1875.008179
1734.337891	1849.062988
1737.669922	1794.17041
1741	1820.111084
1744.328125	1829.741577
1747.65625	1802.992676
1750.982422	1804.451538
1754.306641	1807.397339
1757.630859	1838.596924
1760.953125	1835.607666
1764.273438	1791.692261
1767.59375	1805.80127
1770.912109	1850.451538
1774.228516	1815.427856
1777.544922	1805.714111
1780.859375	1819.849243
1784.171875	1788.499512
1787.484375	1826.51416
1790.792969	1810.069702
1794.103516	1872.016968
1797.410156	1804.779907
1800.716797	1812.219849
1804.023438	1828.636475
1807.326172	1812.906006
1810.628906	1829.334961
1813.929688	1824.818726
1817.230469	1833.027954
1820.529297	1866.711914
1823.826172	1795.509155
1827.123047	1807.463501
1830.417969	1826.926514
1833.710938	1858.408691
1837.001953	1787.838867
1840.292969	1835.097534
1843.583984	1841.079712
1846.871094	1798.973267
1850.158203	1838.77356
1853.443359	1804.904541
1856.728516	1816.901123
1860.011719	1795.037964
1863.292969	1779.180786
1866.574219	1848.425537
1869.853516	1825.794067
1873.130859	1890.588013
1876.408203	1803.10022
1879.683594	1844.54834
1882.957031	1845.274048
1886.230469	1858.835083
1889.501953	1857.300293
1892.771484	1842.918457
1896.041016	1832.304443
1899.308594	1848.904663
1902.574219	1819.371338
1905.839844	1795.868774
1909.103516	1832.914429
1912.365234	1838.935791
1915.626953	1841.173096
1918.886719	1882.826782
1922.146484	1835.035645
1925.402344	1826.652588
1928.658203	1850.894165
1931.914063	1836.436523
1935.167969	1810.575073
1938.419922	1844.714478
1941.669922	1818.835083
1944.919922	1801.298828
1948.167969	1857.532593
1951.416016	1838.475098
1954.662109	1820.924683
1957.90625	1813.260376
1961.150391	1848.253174
1964.392578	1792.577271
1967.632813	1850.462036
1970.873047	1887.797485
1974.111328	1828.255005
1977.347656	1825.91626
1980.583984	1813.647827
1983.818359	1862.484619
1987.050781	1827.292969
1990.283203	1877.701416
1993.513672	1827.190552
1996.744141	1817.957031
1999.970703	1830.147949
2003.199219	1823.970459
2006.423828	1806.297241
2009.648438	1800.104614
2012.871094	1826.105225
2016.09375	1825.283081
2019.314453	1826.761719
2022.533203	1865.082031
2025.751953	1794.401123
2028.96875	1823.520386
2032.183594	1808.093628
2035.398438	1821.096924
2038.611328	1844.107178
2041.824219	1836.362183
2045.035156	1820.914551
2048.244141	1886.295776
2051.451172	1839.275757
2054.658203	1795.300903
2057.865234	1814.498169
2061.068359	1827.541016
2064.271484	1824.393799
2067.474609	1825.102417
2070.673828	1828.899048
2073.875	1828.836792
2077.072266	1846.544067
2080.269531	1833.348022
2083.464844	1854.162842
2086.660156	1795.321533
2089.853516	1852.505859
2093.044922	1832.322998
2096.236328	1833.807617
2099.425781	1801.205444
2102.613281	1802.678223
2105.800781	1815.006104
2108.986328	1810.279663
2112.169922	1817.963623
2115.353516	1825.653198
2118.535156	1827.912598
2121.716797	1858.138672
2124.896484	1830.104126
2128.074219	1832.366577
2131.251953	1827.630981
2134.427734	1786.324463
2137.603516	1845.388428
2140.777344	1808.727783
2143.949219	1865.508423
2147.119141	1821.813354
2150.289063	1796.012939
2153.458984	1797.485962
2156.625	1800.519897
2159.791016	1804.336304
2162.957031	1795.663452
2166.121094	1801.82312
2169.283203	1832.98938
2172.445313	1798.522705
2175.603516	1834.402466
2178.763672	1795.215454
2181.921875	1781.821411
2185.078125	1809.123779
2188.232422	1781.627441
2191.386719	1801.115601
2194.539063	1840.211792
2197.691406	1887.177856
2200.841797	1807.116821
2203.990234	1791.334351
2207.138672	1819.495972
2210.285156	1798.993652
2213.429688	1791.829468
2216.574219	1845.169678
2219.71875	1795.564819
2222.859375	1811.983398
2226	1852.803345
2229.140625	1774.021973
2232.279297	1792.024536
2235.416016	1793.499756
2238.550781	1844.617065
2241.685547	1791.722534
2244.820313	1798.718018
2247.951172	1815.973633
2251.082031	1813.512817
2254.212891	1788.944458
2257.341797	1823.589966
2260.46875	1775.303467
2263.595703	1817.873169
2266.720703	1835.17334
2269.84375	1820.055908
2272.966797	1813.630615
2276.087891	1776.327881
2279.208984	1819.769409
2282.328125	1810.95874
2285.445313	1814.820923
2288.5625	1809.964722
2291.677734	1830.483765
2294.792969	1801.033447
2297.90625	1824.73877
2301.017578	1885.780396
2304.128906	1797.536743
2307.238281	1788.687256
2310.345703	1771.881348
2313.453125	1824.246704
2316.558594	1825.737915
2319.664063	1836.779663
2322.767578	1853.402466
2325.871094	1893.930664
2328.972656	1909.790161
2332.072266	1894.57666
2335.169922	1877.756348
2338.267578	1821.040283
2341.365234	1796.19873
2344.460938	1826.417847
2347.554688	1745.65918
2350.648438	1849.376953
2353.740234	1818.912476
2356.830078	1782.828125
2359.919922	1764.310913
2363.007813	1776.982544
2366.095703	1793.665283
2369.181641	1773.528564
2372.265625	1820.659668
2375.349609	1822.1521
2378.431641	1838.87561
2381.513672	1821.931396
2384.59375	1805.776123
2387.673828	1854.611816
2390.75	1783.864136
2393.828125	1816.665283
2396.902344	1824.584595
2399.976563	1815.631104
2403.050781	1836.4198
2406.123047	1840.332642
2409.193359	1907.010376
2412.262695	1815.967896
2415.331055	1825.512939
2418.398438	1877.759399
2421.464844	1804.3302
2424.530273	1838.871582
2427.59375	1896.02002
2430.65625	1837.035034
2433.717773	1890.996704
2436.77832	1801.283691
2439.837891	1832.656372
2442.895508	1851.12439
2445.953125	1826.765869
2449.008789	1870.311646
2452.063477	1866.972778
2455.117188	1879.81543
2458.168945	1829.524414
2461.220703	1848.840332
2464.270508	1853.588013
2467.319336	1854.286621
2470.367188	1824.987793
2473.413086	1804.588013
2476.458984	1815.815308
2479.50293	1853.835449
2482.545898	1878.892334
2485.587891	1848.733154
2488.628906	1895.745728
2491.668945	1837.931152
2494.707031	1823.984985
2497.745117	1828.738281
2500.78125	1878.253784
2503.816406	1826.856812
2506.850586	1882.108887
2509.882813	1859.188965
2512.915039	1841.141602
2515.945313	1913.582031
2518.974609	1871.887085
2522.00293	1864.430176
2525.030273	1825.133423
2528.056641	1813.569702
2531.081055	1935.145264
2534.105469	1885.206421
2537.12793	1913.707153
2540.149414	1903.793091
2543.169922	1831.696533
2546.188477	1838.111328
2549.207031	1885.465576
2552.223633	1890.266357
2555.239258	1909.817993
2558.254883	1841.684692
2561.267578	1839.093872
2564.280273	1866.029175
2567.291992	1922.52356
2570.301758	1864.962158
2573.311523	1885.366699
2576.319336	1892.642822
2579.326172	1882.66687
2582.332031	1848.020752
2585.335938	1856.112183
2588.339844	1863.386475
2591.341797	1869.842773
2594.34375	1849.134521
2597.34375	1895.946289
2600.342773	1858.753174
2603.34082	1917.141724
2606.336914	1893.120361
2609.333008	1869.905518
2612.327148	1854.099243
2615.320313	1891.935181
2618.313477	1900.071411
2621.304688	1889.213867
2624.293945	1916.36084
2627.283203	1897.233521
2630.271484	1906.209106
2633.257813	1922.636719
2636.243164	1816.590576
2639.227539	1890.12207
2642.210938	1883.370483
2645.193359	1934.610352
2648.174805	1915.43689
2651.155273	1921.952148
2654.133789	1935.107422
2657.112305	1920.890015
2660.088867	1912.472046
2663.064453	1943.905396
2666.039063	1962.901245
2669.012695	1960.305176
2671.984375	1936.092896
2674.956055	1960.927002
2677.925781	1999.0896
2680.895508	1952.393433
2683.863281	1994.743042
2686.830078	1961.335083
2689.795898	1946.231323
2692.760742	1940.283813
2695.723633	1928.495239
2698.686523	1941.719604
2701.647461	1964.13147
2704.608398	1943.15564
2707.567383	1966.418701
2710.525391	2012.251831
2713.482422	1973.721191
2716.438477	1988.660889
2719.392578	2006.955933
2722.34668	1979.254395
2725.299805	1949.858154
2728.250977	2018.387329
2731.201172	1999.032593
2734.150391	2014.849731
2737.098633	2024.811401
2740.045898	2008.789795
2742.992188	2045.594116
2745.9375	2037.957642
2748.881836	2020.243164
2751.824219	1978.165894
2754.765625	1983.933594
2757.707031	2008.190674
2760.646484	2007.248413
2763.584961	1975.192871
2766.522461	1981.807495
2769.458984	2047.330322
2772.393555	2013.569214
2775.328125	2028.624878
2778.261719	2029.370117
2781.193359	2053.71167
2784.124023	1961.7323
2787.054688	1983.535889
2789.983398	1937.019409
2792.911133	1990.05542
2795.837891	2027.088989
2798.762695	1973.779297
2801.6875	1996.469971
2804.611328	2020.021973
2807.533203	2013.152588
2810.455078	2014.73584
2813.375	2015.473755
2816.293945	1992.511353
2819.211914	2060.133789
2822.129883	2027.852417
2825.045898	2069.267822
2827.959961	2031.879272
2830.874023	2062.301758
2833.787109	2062.207275
2836.698242	2134.243896
2839.609375	2219.066406
2842.518555	2200.344727
2845.427734	2282.703857
2848.334961	2397.416748
2851.241211	2447.60083
2854.146484	2513.979736
2857.050781	2513.195313
2859.954102	2549.006592
2862.856445	2676.794189
2865.757813	2668.401367
2868.657227	2805.696533
2871.556641	2888.54248
2874.454102	2998.732422
2877.351563	3019.442139
2880.24707	3053.818604
2883.141602	3028.469238
2886.036133	3009.078125
2888.928711	3012.735352
2891.820313	3072.791748
2894.710938	3096.98877
2897.599609	3097.259277
2900.488281	3130.891357
2903.375977	3199.632813
2906.262695	3254.726318
2909.147461	3227.647949
2912.032227	3374.455078
2914.915039	3475.090332
2917.797852	3567.224854
2920.678711	3675.720215
2923.558594	3694.211426
2926.4375	3746.186523
2929.31543	3791.330078
2932.192383	3886.318848
2935.068359	3811.260986
2937.943359	3876.242432
2940.817383	3844.114014
2943.69043	3662.304199
2946.561523	3613.725586
2949.432617	3462.685059
2952.301758	3330.477295
2955.170898	3317.038574
2958.038086	3219.147217
2960.905273	3233.23999
2963.770508	3211.98877
2966.634766	3106.187744
2969.499023	3135.785156
2972.361328	3054.911865
2975.222656	3004.202881
2978.083008	2853.251465
2980.942383	2857.737305
2983.800781	2792.204346
2986.657227	2733.541748
2989.513672	2733.661865
2992.369141	2634.26123
2995.223633	2604.9104
2998.076172	2481.141846
3000.928711	2469.906494
3003.779297	2342.532471
3006.629883	2321.70166
3009.478516	2253.155518
3012.327148	2271.317383
3015.173828	2236.550537
3018.019531	2192.208008
3020.865234	2198.206787
3023.708984	2134.703613
3026.551758	2093.751709
3029.393555	2082.331055
3032.234375	2142.222412
3035.074219	2157.782227
3037.913086	2156.815674
3040.750977	2113.183594
3043.587891	2106.973389
3046.423828	2141.710205
3049.258789	2149.450684
3052.091797	2180.739014
3054.924805	2135.290283
3057.756836	2184.046387
3060.586914	2196.175781
3063.416992	2254.592529
3066.246094	2257.14624
3069.073242	2221.253174
3071.900391	2187.082031
3074.725586	2128.401611
3077.550781	2130.911865
3080.374023	2082.669189
3083.196289	2047.522339
3086.018555	2063.140381
3088.838867	2065.628906
3091.658203	2018.168457
3094.477539	2041.68103
3097.294922	2059.948242
3100.111328	2051.910156
3102.926758	2071.070801
3105.741211	2084.977051
3108.554688	2088.354492
3111.367188	2035.509399
3114.178711	2100.388428
3116.990234	2053.662598
3119.799805	2078.138672
3122.607422	2047.206787
3125.415039	2073.457031
3128.22168	2102.366943
3131.027344	2055.556396
3133.832031	2065.978271
3136.635742	2061.424316
3139.438477	2085.960938
3142.240234	2083.173828
3145.041016	2008.920654
3147.839844	2010.516235
3150.638672	2033.302002
3153.436523	2068.468262
3156.233398	2058.599609
3159.02832	2059.329346
3161.823242	2037.955566
3164.617188	2093.51416
3167.410156	2019.050049
3170.201172	2032.156128
3172.992188	2035.531738
3175.782227	2031.823608
3178.570313	2034.314575
3181.358398	2058.965332
3184.144531	2005.607544
3186.930664	2078.160889
3189.71582	2063.811523
3192.499023	2050.339111
3195.282227	2114.104736
3198.063477	2108.633789
3200.844727	2064.222656
