399.333984	1268.646484
403.220703	1234.860229
407.103516	1214.403198
410.986328	1248.024048
414.867188	1237.741577
418.748047	1220.442993
422.625	1187.197876
426.501953	1181.974609
430.375	1166.541748
434.248047	1180.446777
438.119141	1179.681274
441.988281	1212.762207
445.855469	1210.731567
449.722656	1214.451416
453.585938	1189.398438
457.449219	1175.838623
461.310547	1208.347778
465.169922	1197.344971
469.027344	1172.880249
472.882813	1168.901123
476.736328	1191.845337
480.589844	1171.835327
484.441406	1189.666504
488.289063	1192.747803
492.136719	1182.986816
495.984375	1194.4198
499.828125	1176.937134
503.669922	1174.872314
507.511719	1210.119141
511.351563	1215.789551
515.189453	1223.39624
519.025391	1209.751465
522.859375	1219.939209
526.691406	1203.70166
530.523438	1213.894775
534.351563	1216.998291
538.179688	1185.244019
542.005859	1201.899658
545.830078	1208.231567
549.654297	1211.336548
553.474609	1178.877075
557.294922	1207.849243
561.113281	1185.71521
564.927734	1184.281982
568.744141	1207.462769
572.556641	1180.114502
576.367188	1175.434326
580.177734	1157.128784
583.986328	1168.007324
587.792969	1173.70166
591.597656	1174.204834
595.400391	1181.205322
599.201172	1171.311401
603.001953	1156.856567
606.800781	1152.798096
610.597656	1174.769531
614.392578	1147.27417
618.185547	1176.426758
621.976563	1185.401978
625.767578	1186.560913
629.556641	1196.851929
633.34375	1212.37146
637.128906	1207.667236
640.912109	1215.367188
644.693359	1206.08606
648.474609	1166.076172
652.253906	1203.192993
656.03125	1216.13623
659.806641	1205.529297
663.580078	1208.007935
667.353516	1226.864014
671.123047	1232.629639
674.892578	1225.288208
678.660156	1244.830566
682.425781	1193.525757
686.191406	1206.506226
689.953125	1189.945923
693.714844	1221.330811
697.474609	1230.395142
701.232422	1238.151855
704.988281	1230.127075
708.744141	1268.82019
712.498047	1269.359863
716.248047	1271.87561
719.998047	1275.71106
723.748047	1289.437622
727.494141	1309.111084
731.240234	1301.089966
734.982422	1289.10144
738.724609	1311.440063
742.464844	1283.589966
746.205078	1342.955078
749.941406	1321.705811
753.677734	1313.005859
757.412109	1301.651367
761.144531	1324.049927
764.875	1303.417358
768.605469	1323.84729
772.332031	1362.19165
776.058594	1397.252197
779.783203	1402.487915
783.505859	1380.515503
787.228516	1428.243164
790.947266	1365.741699
794.666016	1368.977661
798.382813	1406.122437
802.097656	1363.484619
805.8125	1347.426025
809.523438	1377.950928
813.234375	1379.199097
816.943359	1397.770142
820.650391	1379.031372
824.357422	1447.627441
828.060547	1411.548828
831.763672	1364.761597
835.464844	1387.369751
839.164063	1385.283203
842.861328	1396.558838
846.558594	1381.772217
850.253906	1442.544312
853.947266	1398.325439
857.638672	1390.882446
861.328125	1374.727905
865.017578	1406.792114
868.705078	1373.875122
872.390625	1376.464844
876.074219	1423.996338
879.755859	1393.728027
883.4375	1365.447754
887.117188	1403.631104
890.794922	1361.893066
894.470703	1375.23645
898.146484	1354.968506
901.818359	1418.101074
905.490234	1368.221191
909.160156	1377.54834
912.830078	1399.680908
916.496094	1382.748047
920.162109	1365.800659
923.826172	1387.28064
927.488281	1369.645386
931.148438	1352.670044
934.808594	1368.093018
938.466797	1365.964111
942.123047	1353.695557
945.777344	1404.295166
949.429688	1353.476807
953.082031	1368.930542
956.732422	1427.045654
960.380859	1376.171875
964.027344	1388.943237
967.673828	1330.554077
971.318359	1377.899414
974.960938	1375.761963
978.601563	1404.840942
982.240234	1364.690918
985.878906	1418.920654
989.515625	1396.409668
993.150391	1364.362183
996.783203	1415.938232
1000.416016	1475.721313
1004.044922	1494.034058
1007.673828	1417.030518
1011.302734	1376.748291
1014.927734	1385.500366
1018.552734	1382.669067
1022.175781	1360.05481
1025.796875	1385.868652
1029.416016	1413.069092
1033.035156	1374.047852
1036.650391	1417.662231
1040.265625	1405.265991
1043.880859	1414.73999
1047.492188	1431.062134
1051.103516	1403.599121
1054.712891	1430.198975
1058.320313	1442.437134
1061.925781	1466.33374
1065.53125	1444.322021
1069.134766	1476.467651
1072.736328	1459.929565
1076.335938	1449.554321
1079.935547	1452.90271
1083.533203	1486.477661
1087.128906	1419.749146
1090.722656	1477.399292
1094.316406	1469.071167
1097.90625	1471.056519
1101.496094	1466.848022
1105.085938	1485.360229
1108.671875	1457.730591
1112.257813	1450.064209
1115.841797	1447.906982
1119.423828	1476.097168
1123.003906	1498.789917
1126.583984	1435.209106
1130.162109	1505.555786
1133.738281	1463.342529
1137.314453	1390.681274
1140.886719	1436.894043
1144.458984	1450.631592
1148.029297	1391.022827
1151.599609	1442.138306
1155.166016	1460.049683
1158.732422	1466.196045
1162.296875	1444.619263
1165.861328	1500.694214
1169.421875	1484.663208
1172.982422	1491.522461
1176.541016	1463.6698
1180.097656	1473.303711
1183.654297	1471.131592
1187.208984	1475.214111
1190.761719	1487.645508
1194.3125	1451.382568
1197.863281	1455.460815
1201.412109	1529.873047
1204.958984	1543.739136
1208.503906	1555.525391
1212.048828	1586.842773
1215.591797	1547.04126
1219.132813	1588.846802
1222.671875	1576.935059
1226.210938	1615.993042
1229.748047	1620.150757
1233.283203	1647.375977
1236.816406	1620.783447
1240.349609	1652.227539
1243.880859	1640.309937
1247.410156	1678.087769
1250.939453	1644.458862
1254.464844	1666.854004
1257.990234	1639.500488
1261.513672	1658.405029
1265.037109	1661.891357
1268.558594	1655.55481
1272.078125	1647.106445
1275.595703	1650.591064
1279.111328	1625.971558
1282.626953	1658.973633
1286.140625	1678.640747
1289.652344	1694.102295
1293.164063	1675.792847
1296.673828	1755.338745
1300.181641	1758.874634
1303.6875	1768.050537
1307.193359	1763.133911
1310.697266	1791.360107
1314.199219	1792.092529
1317.699219	1778.708374
1321.199219	1810.504761
1324.697266	1789.345581
1328.193359	1837.425537
1331.689453	1830.399048
1335.181641	1863.681274
1338.673828	1869.39502
1342.166016	1804.327271
1345.654297	1783.11084
1349.142578	1708.035767
1352.628906	1712.275879
1356.115234	1732.826416
1359.597656	1767.579224
1363.080078	1742.0448
1366.5625	1755.532349
1370.041016	1778.262695
1373.519531	1737.780396
1376.996094	1695.84314
1380.470703	1715.020386
1383.945313	1751.284668
1387.417969	1737.764893
1390.888672	1708.571777
1394.357422	1728.495972
1397.826172	1701.411865
1401.292969	1728.476074
1404.757813	1712.778198
1408.222656	1708.480591
1411.683594	1720.592896
1415.144531	1707.013062
1418.605469	1679.137329
1422.0625	1746.983154
1425.519531	1707.663208
1428.976563	1756.267334
1432.429688	1773.433594
1435.882813	1789.897705
1439.333984	1857.92395
1442.783203	1867.272217
1446.232422	1884.509521
1449.679688	1896.742432
1453.125	1931.932861
1456.570313	1892.540039
1460.011719	1883.976196
1463.453125	1835.915161
1466.894531	1825.884033
1470.332031	1802.90979
1473.769531	1791.418457
1477.207031	1787.828003
1480.640625	1802.939941
1484.074219	1824.54126
1487.505859	1740.315063
1490.935547	1719.408691
1494.365234	1691.99939
1497.792969	1676.102051
1501.21875	1678.221313
1504.644531	1673.848389
1508.066406	1668.028076
1511.490234	1671.589478
1514.910156	1739.443359
1518.330078	1701.121704
1521.748047	1690.963623
1525.164063	1730.700073
1528.580078	1720.544678
1531.992188	1736.438232
1535.40625	1705.2771
1538.816406	1737.113159
1542.226563	1755.930054
1545.634766	1736.337524
1549.041016	1773.300171
1552.447266	1805.213257
1555.851563	1832.796387
1559.253906	1845.878174
1562.65625	1835.723877
1566.056641	1848.816528
1569.455078	1861.192139
1572.851563	1885.94165
1576.248047	1804.479248
1579.642578	1872.171387
1583.035156	1890.400024
1586.427734	1843.078735
1589.818359	1823.412598
1593.207031	1829.247925
1596.595703	1866.450317
1599.982422	1850.41687
1603.367188	1823.420776
1606.751953	1841.677856
1610.132813	1872.368164
1613.513672	1843.154541
1616.894531	1890.684937
1620.273438	1863.64856
1623.650391	1848.297363
1627.025391	1851.233521
1630.400391	1813.162964
1633.773438	1842.459595
1637.144531	1875.443604
1640.513672	1875.460815
1643.882813	1920.952393
1647.251953	1867.422241
1650.617188	1896.062866
1653.982422	1954.099854
1657.345703	1909.333008
1660.707031	1957.131592
1664.068359	1957.178101
1667.427734	1970.463501
1670.787109	1959.477173
1674.142578	1891.064941
1677.498047	1926.430542
1680.853516	1927.199219
1684.205078	1846.161865
1687.556641	1818.881348
1690.90625	1810.755493
1694.255859	1783.43811
1697.603516	1746.502441
1700.949219	1780.428955
1704.294922	1744.200439
1707.638672	1723.462646
1710.980469	1707.883301
1714.320313	1668.622681
1717.660156	1691.484741
1720.998047	1678.093384
1724.335938	1700.236084
1727.669922	1703.875488
1731.003906	1709.740723
1734.337891	1694.85083
1737.669922	1697.749512
1741	1701.39209
1744.328125	1698.356567
1747.65625	1678.981323
1750.982422	1713.820313
1754.306641	1652.074097
1757.630859	1672.060059
1760.953125	1649.66687
1764.273438	1667.43457
1767.59375	1701.591797
1770.912109	1685.139648
1774.228516	1628.447021
1777.544922	1726.71875
1780.859375	1707.27356
1784.171875	1713.916504
1787.484375	1656.397583
1790.792969	1704.078003
1794.103516	1703.259155
1797.410156	1679.281982
1800.716797	1704.607666
1804.023438	1694.815552
1807.326172	1687.259033
1810.628906	1749.278198
1813.929688	1693.084473
1817.230469	1657.063232
1820.529297	1716.146484
1823.826172	1680.85437
1827.123047	1700.260132
1830.417969	1700.181519
1833.710938	1659.588257
1837.001953	1748.80957
1840.292969	1733.731689
1843.583984	1729.157715
1846.871094	1717.065063
1850.158203	1689.175781
1853.443359	1721.427612
1856.728516	1762.732544
1860.011719	1724.290161
1863.292969	1704.640381
1866.574219	1728.661987
1869.853516	1717.286377
1873.130859	1739.06958
1876.408203	1729.196411
1879.683594	1696.682617
1882.957031	1712.444458
1886.230469	1733.503418
1889.501953	1708.504761
1892.771484	1710.687744
1896.041016	1699.265747
1899.308594	1707.495605
1902.574219	1758.095215
1905.839844	1765.597046
1909.103516	1747.363281
1912.365234	1734.416382
1915.626953	1709.335938
1918.886719	1756.243774
1922.146484	1737.217651
1925.402344	1684.040161
1928.658203	1712.779053
1931.914063	1746.095093
1935.167969	1753.614868
1938.419922	1714.794312
1941.669922	1706.345459
1944.919922	1740.469849
1948.167969	1730.502319
1951.416016	1721.287476
1954.662109	1726.528931
1957.90625	1757.66687
1961.150391	1705.786865
1964.392578	1752.945435
1967.632813	1765.067749
1970.873047	1729.908936
1974.111328	1748.135254
1977.347656	1769.428833
1980.583984	1721.247314
1983.818359	1691.362183
1987.050781	1727.942017
1990.283203	1740.084839
1993.513672	1765.238892
1996.744141	1723.845581
1999.970703	1722.987427
2003.199219	1751.225952
2006.423828	1754.973267
2009.648438	1746.46167
2012.871094	1741.776245
2016.09375	1765.462891
2019.314453	1798.37439
2022.533203	1717.717529
2025.751953	1749.867432
2028.96875	1768.983765
2032.183594	1735.093628
2035.398438	1784.967041
2038.611328	1778.740601
2041.824219	1766.354248
2045.035156	1747.800903
2048.244141	1752.3302
2051.451172	1733.756226
2054.658203	1765.250732
2057.865234	1790.602905
2061.068359	1757.369629
2064.271484	1749.56665
2067.474609	1760.278442
2070.673828	1728.537354
2073.875	1715.306763
2077.072266	1755.375732
2080.269531	1806.296143
2083.464844	1780.707642
2086.660156	1793.774414
2089.853516	1752.684082
2093.044922	1775.038696
2096.236328	1784.245239
2099.425781	1755.497437
2102.613281	1770.127808
2105.800781	1730.49707
2108.986328	1790.11377
2112.169922	1761.322021
2115.353516	1700.682861
2118.535156	1768.897583
2121.716797	1778.126831
2124.896484	1788.140015
2128.074219	1786.499146
2131.251953	1786.412109
2134.427734	1755.981934
2137.603516	1763.665283
2140.777344	1776.804443
2143.949219	1785.279907
2147.119141	1759.47583
2150.289063	1771.8479
2153.458984	1803.724609
2156.625	1806.760864
2159.791016	1798.092896
2162.957031	1776.145386
2166.121094	1801.82312
2169.283203	1750.950195
2172.445313	1794.614502
2175.603516	1785.140991
2178.763672	1756.104004
2181.921875	1763.823242
2185.078125	1775.462036
2188.232422	1789.458862
2191.386719	1750.192383
2194.539063	1810.42981
2197.691406	1777.41272
2200.841797	1779.665039
2203.990234	1789.765015
2207.138672	1748.851196
2210.285156	1780.147827
2213.429688	1757.265503
2216.574219	1798.018799
2219.71875	1778.269531
2222.859375	1789.17627
2226	1792.223389
2229.140625	1787.401855
2232.279297	1763.679688
2235.416016	1834.458008
2238.550781	1760.305298
2241.685547	1793.299072
2244.820313	1764.809692
2247.951172	1781.263428
2251.082031	1807.988647
2254.212891	1809.470703
2257.341797	1782.521606
2260.46875	1733.429321
2263.595703	1796.532959
2266.720703	1813.824951
2269.84375	1803.44519
2272.966797	1818.378296
2276.087891	1814.324219
2279.208984	1780.966675
2282.328125	1785.608521
2285.445313	1801.348389
2288.5625	1790.9375
2291.677734	1821.759644
2294.792969	1827.215942
2297.90625	1759.654541
2301.017578	1747.622192
2304.128906	1749.877808
2307.238281	1794.249512
2310.345703	1793.344238
2313.453125	1779.714111
2316.558594	1792.325684
2319.664063	1822.454712
2322.767578	1863.752197
2325.871094	1918.620239
2328.972656	1906.603271
2332.072266	1881.823975
2335.169922	1829.118164
2338.267578	1802.694214
2341.365234	1854.449585
2344.460938	1827.216064
2347.554688	1769.616089
2350.648438	1825.410889
2353.740234	1794.138184
2356.830078	1867.572388
2359.919922	1833.091919
2363.007813	1814.586426
2366.095703	1816.076172
2369.181641	1800.752075
2372.265625	1845.490479
2375.349609	1846.99231
2378.431641	1797.192383
2381.513672	1815.516235
2384.59375	1780.105347
2387.673828	1793.620728
2390.75	1824.807983
2393.828125	1777.312256
2396.902344	1819.764038
2399.976563	1839.743042
2403.050781	1847.67627
2406.123047	1795.289551
2409.193359	1762.174072
2412.262695	1859.435181
2415.331055	1824.707642
2418.398438	1856.009277
2421.464844	1784.98938
2424.530273	1797.756958
2427.59375	1856.502808
2430.65625	1841.875732
2433.717773	1857.906372
2436.77832	1815.009277
2439.837891	1870.61792
2442.895508	1869.708374
2445.953125	1851.823242
2449.008789	1812.900391
2452.063477	1873.444092
2455.117188	1815.077881
2458.168945	1855.429199
2461.220703	1862.607422
2464.270508	1822.802979
2467.319336	1814.575073
2470.367188	1854.985352
2473.413086	1832.163696
2476.458984	1853.948975
2479.50293	1865.19873
2482.545898	1878.080322
2485.587891	1912.90271
2488.628906	1871.368286
2491.668945	1837.118286
2494.707031	1820.732178
2497.745117	1820.603271
2500.78125	1880.69519
2503.816406	1852.094116
2506.850586	1818.584595
2509.882813	1851.041748
2512.915039	1832.17627
2515.945313	1907.059326
2518.974609	1893.09375
2522.00293	1875.853394
2525.030273	1892.065918
2528.056641	1924.621216
2531.081055	1872.246948
2534.105469	1897.463867
2537.12793	1890.000366
2540.149414	1895.615234
2543.169922	1843.14978
2546.188477	1896.217285
2549.207031	1882.190674
2552.223633	1847.678101
2555.239258	1924.565674
2558.254883	1895.779541
2561.267578	1877.630371
2564.280273	1868.489868
2567.291992	1881.496582
2570.301758	1843.620117
2573.311523	1900.968628
2576.319336	1860.605957
2579.326172	1905.67627
2582.332031	1908.032104
2585.335938	1878.316406
2588.339844	1906.16626
2591.341797	1883.010742
2594.34375	1876.303467
2597.34375	1919.830933
2600.342773	1923.018677
2603.34082	1875.106445
2606.336914	1927.750732
2609.333008	1919.395752
2612.327148	1909.383911
2615.320313	1899.364258
2618.313477	1905.026001
2621.304688	1925.560791
2624.293945	1908.097168
2627.283203	1869.126343
2630.271484	1911.171143
2633.257813	1962.346924
2636.243164	1877.005737
2639.227539	1903.368652
2642.210938	1895.793823
2645.193359	1937.924438
2648.174805	1929.5271
2651.155273	1939.364136
2654.133789	1880.363647
2657.112305	1905.124634
2660.088867	1900.020996
2663.064453	1923.145996
2666.039063	1927.182007
2669.012695	1947.840332
2671.984375	1945.237183
2674.956055	1893.566895
2677.925781	1925.881226
2680.895508	1949.064575
2683.863281	1954.781494
2686.830078	1956.338135
2689.795898	1984.55603
2692.760742	1955.286011
2695.723633	1925.160156
2698.686523	1961.737305
2701.647461	1934.09375
2704.608398	1974.873779
2707.567383	1967.253662
2710.525391	1993.875122
2713.482422	2012.159546
2716.438477	1980.301636
2719.392578	1983.541504
2722.34668	1978.417847
2725.299805	1975.800537
2728.250977	2037.641968
2731.201172	2027.50647
2734.150391	1997.25647
2737.098633	2029.001831
2740.045898	1992.860352
2742.992188	2043.078125
2745.9375	1995.168091
2748.881836	2032.832886
2751.824219	1991.599976
2754.765625	2016.691284
2757.707031	2051.883545
2760.646484	2043.392334
2763.584961	2006.304932
2766.522461	1944.795776
2769.458984	1967.389282
2772.393555	2027.879761
2775.328125	1994.940796
2778.261719	2020.945923
2781.193359	1966.068604
2784.124023	2004.726807
2787.054688	2020.642822
2789.983398	2038.257324
2792.911133	1963.8927
2795.837891	1991.629639
2798.762695	2016.008179
2801.6875	2032.800171
2804.611328	1983.678467
2807.533203	2017.380127
2810.455078	2042.647827
2813.375	2070.471924
2816.293945	2010.286621
2819.211914	2050.81958
2822.129883	2014.299438
2825.045898	2063.336182
2827.959961	2108.170166
2830.874023	2082.65332
2833.787109	2112.256836
2836.698242	2115.574707
2839.609375	2147.757568
2842.518555	2272.529053
2845.427734	2358.3125
2848.334961	2443.30835
2851.241211	2466.304199
2854.146484	2553.951904
2857.050781	2614.437988
2859.954102	2617.94458
2862.856445	2730.432373
2865.757813	2768.902832
2868.657227	2879.822266
2871.556641	2988.264893
2874.454102	2982.532227
2877.351563	3062.0896
2880.24707	3087.095703
2883.141602	3011.397949
2886.036133	3123.498291
2888.928711	3171.61499
2891.820313	3092.445313
2894.710938	3135.455322
2897.599609	3145.14624
2900.488281	3259.206543
2903.375977	3232.151123
2906.262695	3320.642822
2909.147461	3358.672119
2912.032227	3457.552734
2914.915039	3461.378418
2917.797852	3627.23584
2920.678711	3683.438721
2923.558594	3683.916504
2926.4375	3811.412109
2929.31543	3805.925293
2932.192383	3863.98877
2935.068359	3778.612549
2937.943359	3856.474365
2940.817383	3735.780762
2943.69043	3751.754639
2946.561523	3621.469238
2949.432617	3474.735107
2952.301758	3352.864014
2955.170898	3293.782227
2958.038086	3227.763672
2960.905273	3206.519043
2963.770508	3154.216064
2966.634766	3106.187744
2969.499023	3074.519043
2972.361328	3021.246582
2975.222656	2958.436035
2978.083008	2945.682129
2980.942383	2889.710693
2983.800781	2864.819092
2986.657227	2741.324707
2989.513672	2661.860107
2992.369141	2624.741943
2995.223633	2593.65625
2998.076172	2570.341797
3000.928711	2466.441162
3003.779297	2378.931396
3006.629883	2419.667236
3009.478516	2343.351074
3012.327148	2330.312744
3015.173828	2253.040527
3018.019531	2217.385742
3020.865234	2189.521729
3023.708984	2184.226563
3026.551758	2160.675049
3029.393555	2151.886963
3032.234375	2105.692383
3035.074219	2183.014404
3037.913086	2128.093018
3040.750977	2148.882324
3043.587891	2192.332275
3046.423828	2158.265137
3049.258789	2170.369873
3052.091797	2130.166016
3054.924805	2187.625977
3057.756836	2178.810791
3060.586914	2200.540039
3063.416992	2210.932861
3066.246094	2200.368164
3069.073242	2206.398193
3071.900391	2185.33374
3074.725586	2166.002686
3077.550781	2108.167969
3080.374023	2091.419922
3083.196289	2117.552979
3086.018555	2066.643066
3088.838867	2071.760986
3091.658203	2127.708496
3094.477539	2087.265869
3097.294922	2109.057129
3100.111328	2109.809326
3102.926758	2029.824829
3105.741211	2033.181885
3108.554688	2071.668945
3111.367188	2099.640625
3114.178711	2102.145996
3116.990234	2074.761963
3119.799805	2064.067627
3122.607422	2058.643555
3125.415039	2099.859375
3128.22168	2069.79248
3131.027344	2023.851196
3133.832031	2100.337646
3136.635742	2104.609375
3139.438477	2055.103516
3142.240234	2119.333984
3145.041016	2069.797119
3147.839844	2053.762695
3150.638672	2060.671631
3153.436523	2075.533936
3156.233398	2041.812622
3159.02832	2054.910156
3161.823242	2043.260376
3164.617188	2070.518066
3167.410156	2072.13623
3170.201172	2062.249023
3172.992188	2097.509766
3175.782227	2109.766357
3178.570313	2046.718872
3181.358398	2066.055908
3184.144531	2031.320557
3186.930664	2071.952148
3189.71582	2006.138428
3192.499023	2055.664795
3195.282227	2067.933594
3198.063477	2057.116943
3200.844727	2095.310547
