399.333984	1741.528687
403.220703	1734.018433
407.103516	1741.768555
410.986328	1747.615601
414.867188	1742.643311
418.748047	1781.617432
422.625	1740.968628
426.501953	1702.833984
430.375	1720.154785
434.248047	1733.661499
438.119141	1756.754761
441.988281	1719.83606
445.855469	1717.385986
449.722656	1711.737305
453.585938	1702.885986
457.449219	1711.939087
461.310547	1686.438843
465.169922	1720.463013
469.027344	1700.067871
472.882813	1677.091187
476.736328	1712.436157
480.589844	1757.432251
484.441406	1723.540527
488.289063	1730.062134
492.136719	1721.175293
495.984375	1744.405518
499.828125	1740.015625
503.669922	1735.62146
507.511719	1789.123413
511.351563	1748.703125
515.189453	1755.895508
519.025391	1772.756226
522.859375	1737.430664
526.691406	1770.414917
530.523438	1773.756958
534.351563	1784.844727
538.179688	1752.043701
542.005859	1713.401245
545.830078	1752.258789
549.654297	1747.840942
553.474609	1775.752197
557.294922	1750.637329
561.113281	1735.855957
564.927734	1772.861694
568.744141	1731.51709
572.556641	1774.384155
576.367188	1740.783813
580.177734	1768.772461
583.986328	1752.011108
587.792969	1716.408813
591.597656	1710.650146
595.400391	1709.434082
599.201172	1732.91687
603.001953	1752.517456
606.800781	1738.955688
610.597656	1741.65271
614.392578	1707.237793
618.185547	1757.474731
621.976563	1788.203857
625.767578	1760.282715
629.556641	1749.295288
633.34375	1761.135864
637.128906	1795.181152
640.912109	1805.091187
644.693359	1816.31604
648.474609	1805.326416
652.253906	1794.326904
656.03125	1801.634888
659.806641	1799.13147
663.580078	1770.435547
667.353516	1796.081665
671.123047	1809.953857
674.892578	1821.870483
678.660156	1806.250488
682.425781	1820.143066
686.191406	1807.790161
689.953125	1833.514893
693.714844	1845.464355
697.474609	1799.584351
701.232422	1850.981079
704.988281	1847.821777
708.744141	1915.734253
712.498047	1894.164185
716.248047	1900.897461
719.998047	1932.016968
723.748047	1943.38562
727.494141	1890.791626
731.240234	1943.717651
734.982422	1925.401367
738.724609	1887.258667
742.464844	1863.616699
746.205078	1910.009888
749.941406	1918.754395
753.677734	1973.146973
757.412109	1954.131348
761.144531	1935.098999
764.875	1994.202148
768.605469	1975.169678
772.332031	1983.297974
776.058594	1992.095703
779.783203	2049.330811
783.505859	2045.552246
787.228516	1998.610718
790.947266	2018.05603
794.666016	1985.682129
798.382813	2014.444946
802.097656	2006.650146
805.8125	2024.798706
809.523438	2026.98584
813.234375	2048.487061
816.943359	2032.030029
820.650391	2027.55603
824.357422	2039.747681
828.060547	2032.60376
831.763672	2022.783691
835.464844	2028.978271
839.164063	2031.837769
842.861328	2062.095947
846.558594	2029.540649
850.253906	2052.465576
853.947266	2088.790527
857.638672	2058.21167
861.328125	2050.373535
865.017578	1999.654419
868.705078	2017.921021
872.390625	2049.611816
876.074219	2069.255127
879.755859	2041.271362
883.4375	2038.773315
887.117188	2069.852295
890.794922	2032.425415
894.470703	2007.737549
898.146484	2038.168579
901.818359	2093.515381
905.490234	2066.80127
909.160156	2061.609619
912.830078	2028.796387
916.496094	2059.297363
920.162109	1999.489136
923.826172	2065.746582
927.488281	2043.672974
931.148438	2050.604736
934.808594	2044.711548
938.466797	2078.67041
942.123047	2060.61792
945.777344	2070.270508
949.429688	2092.782227
953.082031	2082.154785
956.732422	2065.425293
960.380859	2094.734131
964.027344	2059.701172
967.673828	2124.955322
971.318359	2117.028564
974.960938	2120.627197
978.601563	2067.220215
982.240234	2049.752197
985.878906	2103.588867
989.515625	2103.787842
993.150391	2097.868408
996.783203	2061.339355
1000.416016	2179.223389
1004.044922	2269.29834
1007.673828	2176.275635
1011.302734	2124.729248
1014.927734	2120.844727
1018.552734	2087.639404
1022.175781	2106.243408
1025.796875	2068.226563
1029.416016	2133.256348
1033.035156	2124.583984
1036.650391	2101.556152
1040.265625	2079.192139
1043.880859	2140.230225
1047.492188	2160.958496
1051.103516	2135.852295
1054.712891	2107.30127
1058.320313	2145.8479
1061.925781	2194.018799
1065.53125	2185.333984
1069.134766	2166.354492
1072.736328	2185.091797
1076.335938	2245.711182
1079.935547	2209.565674
1083.533203	2229.716309
1087.128906	2221.020996
1090.722656	2217.130127
1094.316406	2242.121582
1097.90625	2224.474121
1101.496094	2266.696777
1105.085938	2232.516357
1108.671875	2221.04126
1112.257813	2224.029053
1115.841797	2265.629639
1119.423828	2298.297119
1123.003906	2293.728271
1126.583984	2309.174805
1130.162109	2306.677246
1133.738281	2227.486328
1137.314453	2190.39209
1140.886719	2254.222656
1144.458984	2207.422852
1148.029297	2243.629883
1151.599609	2279.866211
1155.166016	2233.01709
1158.732422	2303.92334
1162.296875	2290.317627
1165.861328	2306.519775
1169.421875	2285.271484
1172.982422	2327.163574
1176.541016	2389.22583
1180.097656	2317.275391
1183.654297	2321.705566
1187.208984	2311.539551
1190.761719	2309.014893
1194.3125	2303.70459
1197.863281	2329.015869
1201.412109	2348.080078
1204.958984	2403.384521
1208.503906	2439.916992
1212.048828	2468.80957
1215.591797	2461.455566
1219.132813	2518.988525
1222.671875	2533.287842
1226.210938	2560.867188
1229.748047	2577.290283
1233.283203	2603.510986
1236.816406	2502.495361
1240.349609	2560.882813
1243.880859	2581.528809
1247.410156	2595.19043
1250.939453	2603.959961
1254.464844	2593.818359
1257.990234	2570.349854
1261.513672	2615.581787
1265.037109	2658.745605
1268.558594	2624.745605
1272.078125	2634.24707
1275.595703	2636.731445
1279.111328	2634.298584
1282.626953	2631.863281
1286.140625	2689.904053
1289.652344	2665.678467
1293.164063	2742.078369
1296.673828	2781.926758
1300.181641	2745.027832
1303.6875	2819.437988
1307.193359	2825.526123
1310.697266	2751.924072
1314.199219	2767.865723
1317.699219	2839.580811
1321.199219	2872.516846
1324.697266	2849.672363
1328.193359	2867.797363
1331.689453	2927.648682
1335.181641	2922.478516
1338.673828	2909.520264
1342.166016	2866.820313
1345.654297	2843.205078
1349.142578	2777.063477
1352.628906	2815.049561
1356.115234	2775.783691
1359.597656	2813.798828
1363.080078	2800.044189
1366.5625	2822.481445
1370.041016	2787.412598
1373.519531	2753.735352
1376.996094	2801.765869
1380.470703	2834.903076
1383.945313	2732.914551
1387.417969	2772.453857
1390.888672	2780.700684
1394.357422	2855.899658
1397.826172	2810.037109
1401.292969	2807.615479
1404.757813	2785.938477
1408.222656	2725.008789
1411.683594	2790.343506
1415.144531	2830.029297
1418.605469	2837.606445
1422.0625	2832.327637
1425.519531	2844.914063
1428.976563	2845.353271
1432.429688	2835.061523
1435.882813	2937.121094
1439.333984	2895.354248
1442.783203	2984.627197
1446.232422	2981.537598
1449.679688	3026.472656
1453.125	3032.001465
1456.570313	3013.859375
1460.011719	3010.055664
1463.453125	2952.398682
1466.894531	2959.339844
1470.332031	2931.794189
1473.769531	2953.827637
1477.207031	2935.60498
1480.640625	2933.914307
1484.074219	2891.196289
1487.505859	2906.765381
1490.935547	2931.710693
1494.365234	2848.583252
1497.792969	2851.896729
1501.21875	2832.854736
1504.644531	2840.491943
1508.066406	2845.968994
1511.490234	2865.891357
1514.910156	2851.155762
1518.330078	2841.46582
1521.748047	2844.780518
1525.164063	2874.856934
1528.580078	2928.109619
1531.992188	2920.60376
1535.40625	2942.05542
1538.816406	2947.586914
1542.226563	2929.207275
1545.634766	2991.2854
1549.041016	3045.43457
1552.447266	3082.938477
1555.851563	3069.661865
1559.253906	3097.038086
1562.65625	3025.63916
1566.056641	3100.982666
1569.455078	3121.13208
1572.851563	3185.663086
1576.248047	3110.543945
1579.642578	3164.93042
1583.035156	3142.170898
1586.427734	3158.730957
1589.818359	3087.849365
1593.207031	3177.306641
1596.595703	3091.786865
1599.982422	3089.378906
1603.367188	3178.942139
1606.751953	3151.737305
1610.132813	3068.258301
1613.513672	3065.103027
1616.894531	3140.174805
1620.273438	3082.187988
1623.650391	3083.422363
1627.025391	3013.652832
1630.400391	3023.646973
1633.773438	3050.497803
1637.144531	3067.108887
1640.513672	3082.266113
1643.882813	3051.226563
1647.251953	3012.0896
1650.617188	3138.083252
1653.982422	3051.949951
1657.345703	3133.980225
1660.707031	3161.689941
1664.068359	3096.782227
1667.427734	3081.101807
1670.787109	3106.61377
1674.142578	3061.479004
1677.498047	3058.282227
1680.853516	3085.286865
1684.205078	2987.760742
1687.556641	3050.884033
1690.90625	2905.322266
1694.255859	2958.131348
1697.603516	2979.240723
1700.949219	2935.381592
1704.294922	2947.632324
1707.638672	2932.547119
1710.980469	2910.794922
1714.320313	2911.953613
1717.660156	2882.0354
1720.998047	2908.349854
1724.335938	2910.987793
1727.669922	2847.69458
1731.003906	2905.89209
1734.337891	2803.992188
1737.669922	2810.29834
1741	2857.418701
1744.328125	2853.357666
1747.65625	2827.015381
1750.982422	2875.682129
1754.306641	2861.960205
1757.630859	2897.295654
1760.953125	2909.601807
1764.273438	2909.267822
1767.59375	2866.504883
1770.912109	2857.216309
1774.228516	2833.020996
1777.544922	2877.367676
1780.859375	2874.034668
1784.171875	2882.631592
1787.484375	2899.441895
1790.792969	2879.690186
1794.103516	2858.428955
1797.410156	2890.187744
1800.716797	2872.648682
1804.023438	2859.580811
1807.326172	2900.350342
1810.628906	2894.763672
1813.929688	2916.865723
1817.230469	2941.97998
1820.529297	2961.869385
1823.826172	2906.836426
1827.123047	2931.974121
1830.417969	2979.630127
1833.710938	2979.305908
1837.001953	2968.4729
1840.292969	2996.675293
1843.583984	2928.751465
1846.871094	2918.63501
1850.158203	2938.57959
1853.443359	2884.086914
1856.728516	2930.364258
1860.011719	2963.129883
1863.292969	2909.333252
1866.574219	2957.179443
1869.853516	2900.32251
1873.130859	2960.262695
1876.408203	2930.509033
1879.683594	2882.625244
1882.957031	2960.740234
1886.230469	2885.648926
1889.501953	2994.037598
1892.771484	2964.234863
1896.041016	2932.896484
1899.308594	2942.367432
1902.574219	2945.792969
1905.839844	2946.193359
1909.103516	2939.779541
1912.365234	2971.986816
1915.626953	2941.330811
1918.886719	2989.480225
1922.146484	2922.407959
1925.402344	2956.17334
1928.658203	2996.794189
1931.914063	2947.864014
1935.167969	2908.767822
1938.419922	2902.310059
1941.669922	2958.932129
1944.919922	2948.686035
1948.167969	2957.44751
1951.416016	2995.892578
1954.662109	3028.276855
1957.90625	2986.053711
1961.150391	2953.700684
1964.392578	3027.260498
1967.632813	2998.708984
1970.873047	2964.79541
1974.111328	3004.869873
1977.347656	3029.708008
1980.583984	2931.618652
1983.818359	2977.07251
1987.050781	2952.251221
1990.283203	3016.860596
1993.513672	3008.095703
1996.744141	3017.686279
1999.970703	3014.27124
2003.199219	2990.178223
2006.423828	2992.110596
2009.648438	2965.689697
2012.871094	2991.37793
2016.09375	2984.874756
2019.314453	3020.563232
2022.533203	3040.927979
2025.751953	3002.185791
2028.96875	3027.166748
2032.183594	2992.229736
2035.398438	3000.312988
2038.611328	3018.398926
2041.824219	3041.114258
2045.035156	3037.679688
2048.244141	3006.524414
2051.451172	2977.655029
2054.658203	3010.403564
2057.865234	3018.510986
2061.068359	2932.547852
2064.271484	2990.771729
2067.474609	3002.737061
2070.673828	3040.187744
2073.875	3001.97998
2077.072266	3038.685303
2080.269531	3014.358154
2083.464844	3054.961182
2086.660156	3032.167236
2089.853516	3091.378906
2093.044922	2963.300537
2096.236328	3039.566895
2099.425781	3056.239014
2102.613281	3042.697754
2105.800781	3011.312988
2108.986328	3087.713379
2112.169922	3026.059814
2115.353516	3023.350098
2118.535156	3068.004639
2121.716797	3025.689941
2124.896484	3068.047119
2128.074219	3073.120605
2131.251953	3053.310303
2134.427734	3031.927979
2137.603516	3019.868164
2140.777344	3077.095215
2143.949219	3039.337646
2147.119141	2993.758301
2150.289063	3050.259766
2153.458984	3028.04248
2156.625	3013.608643
2159.791016	2996.041016
2162.957031	3065.119629
2166.121094	3017.87793
2169.283203	3037.793213
2172.445313	3061.631104
2175.603516	3041.698975
2178.763672	3069.466553
2181.921875	3054.998047
2185.078125	3027.209717
2188.232422	3049.519775
2191.386719	3062.445068
2194.539063	3051.867432
2197.691406	3046.769043
2200.841797	3008.724121
2203.990234	2968.295166
2207.138672	3037.726074
2210.285156	3009.839844
2213.429688	3002.355225
2216.574219	3113.527344
2219.71875	3048.686768
2222.859375	3030.982666
2226	3071.483887
2229.140625	3019.929932
2232.279297	3099.037109
2235.416016	3053.75415
2238.550781	3002.920166
2241.685547	3017.471924
2244.820313	3057.268555
2247.951172	3047.39624
2251.082031	3095.914063
2254.212891	3053.679199
2257.341797	3045.371582
2260.46875	3049.697998
2263.595703	3042.171387
2266.720703	3097.102051
2269.84375	3098.287109
2272.966797	3137.454346
2276.087891	3084.826172
2279.208984	3099.468018
2282.328125	3053.91333
2285.445313	3078.062988
2288.5625	3078.446289
2291.677734	3085.967285
2294.792969	2984.00293
2297.90625	3067.688232
2301.017578	3048.215088
2304.128906	3059.70459
2307.238281	3071.996826
2310.345703	3050.115967
2313.453125	3098.99292
2316.558594	3056.42041
2319.664063	3083.848145
2322.767578	3117.665039
2325.871094	3218.407715
2328.972656	3189.357666
2332.072266	3195.354492
2335.169922	3092.916016
2338.267578	3146.738525
2341.365234	3133.572754
2344.460938	3100.439941
2347.554688	3064.885498
2350.648438	3098.804688
2353.740234	3010.47583
2356.830078	3061.187744
2359.919922	3088.743896
2363.007813	3120.320557
2366.095703	3055.073975
2369.181641	3097.069336
2372.265625	3145.503906
2375.349609	3100.222656
2378.431641	3086.970459
2381.513672	3148.284668
2384.59375	3174.347412
2387.673828	3168.328613
2390.75	3118.149658
2393.828125	3089.615967
2396.902344	3097.214355
2399.976563	3116.873535
2403.050781	3104.385742
2406.123047	3105.561279
2409.193359	3100.300049
2412.262695	3091.814209
2415.331055	3059.16333
2418.398438	3097.376709
2421.464844	3148.511719
2424.530273	3115.843262
2427.59375	3110.56958
2430.65625	3141.596191
2433.717773	3103.236328
2436.77832	3158.503662
2439.837891	3126.581299
2442.895508	3223.105713
2445.953125	3175.824463
2449.008789	3186.726318
2452.063477	3176.604004
2455.117188	3119.538818
2458.168945	3141.762939
2461.220703	3131.610107
2464.270508	3126.30957
2467.319336	3128.29834
2470.367188	3165.960693
2473.413086	3206.08374
2476.458984	3160.232666
2479.50293	3155.740967
2482.545898	3122.01416
2485.587891	3076.889648
2488.628906	3177.182129
2491.668945	3178.377197
2494.707031	3189.330811
2497.745117	3109.993896
2500.78125	3159.177246
2503.816406	3206.768555
2506.850586	3226.705078
2509.882813	3200.216553
2512.915039	3198.973389
2515.945313	3173.268555
2518.974609	3223.397705
2522.00293	3106.295654
2525.030273	3191.534668
2528.056641	3192.731934
2531.081055	3149.001709
2534.105469	3175.514404
2537.12793	3179.974609
2540.149414	3134.552734
2543.169922	3192.993164
2546.188477	3243.292725
2549.207031	3190.4729
2552.223633	3208.047363
2555.239258	3185.488037
2558.254883	3194.876221
2561.267578	3179.672852
2564.280273	3242.379395
2567.291992	3213.231689
2570.301758	3225.104004
2573.311523	3237.80542
2576.319336	3280.088135
2579.326172	3219.680908
2582.332031	3242.25708
2585.335938	3251.691406
2588.339844	3183.799316
2591.341797	3192.394531
2594.34375	3246.276855
2597.34375	3202.189209
2600.342773	3240.459473
2603.34082	3232.601074
2606.336914	3195.877441
2609.333008	3253.157227
2612.327148	3232.090332
2615.320313	3253.10498
2618.313477	3237.801025
2621.304688	3240.658447
2624.293945	3270.787598
2627.283203	3272.831299
2630.271484	3247.584961
2633.257813	3261.202148
2636.243164	3261.587158
2639.227539	3289.29248
2642.210938	3249.932129
2645.193359	3285.937744
2648.174805	3289.644775
2651.155273	3303.303467
2654.133789	3265.545654
2657.112305	3236.88623
2660.088867	3295.362061
2663.064453	3251.744141
2666.039063	3292.822998
2669.012695	3298.198975
2671.984375	3332.67334
2674.956055	3294.822998
2677.925781	3335.143799
2680.895508	3288.942383
2683.863281	3292.657959
2686.830078	3338.017578
2689.795898	3329.255371
2692.760742	3330.487305
2695.723633	3315.87793
2698.686523	3290.414063
2701.647461	3360.049805
2704.608398	3355.449219
2707.567383	3386.749268
2710.525391	3355.423584
2713.482422	3365.019287
2716.438477	3347.035645
2719.392578	3368.341064
2722.34668	3427.305664
2725.299805	3401.79126
2728.250977	3383.791748
2731.201172	3385.877197
2734.150391	3406.394531
2737.098633	3321.327637
2740.045898	3470.947266
2742.992188	3395.904297
2745.9375	3376.180176
2748.881836	3390.013184
2751.824219	3350.119629
2754.765625	3409.308594
2757.707031	3393.758301
2760.646484	3428.62915
2763.584961	3407.186768
2766.522461	3410.963135
2769.458984	3397.911865
2772.393555	3378.957764
2775.328125	3419.778076
2778.261719	3380.598633
2781.193359	3402.06543
2784.124023	3410.058838
2787.054688	3411.310547
2789.983398	3396.533203
2792.911133	3417.190186
2795.837891	3417.599365
2798.762695	3441.65625
2801.6875	3430.244629
2804.611328	3386.706299
2807.533203	3384.565186
2810.455078	3353.664063
2813.375	3356.584473
2816.293945	3417.063965
2819.211914	3439.483398
2822.129883	3483.094727
2825.045898	3407.258789
2827.959961	3500.901611
2830.874023	3425.015137
2833.787109	3478.861572
2836.698242	3524.260498
2839.609375	3498.382813
2842.518555	3623.647705
2845.427734	3686.137695
2848.334961	3800.512939
2851.241211	3823.154053
2854.146484	3875.577148
2857.050781	3882.946533
2859.954102	3973.726807
2862.856445	4093.52002
2865.757813	4170.813965
2868.657227	4284.800781
2871.556641	4359.662109
2874.454102	4365.513184
2877.351563	4477.986328
2880.24707	4401.116699
2883.141602	4459.907715
2886.036133	4443.599121
2888.928711	4499.029297
2891.820313	4426.32373
2894.710938	4412.546387
2897.599609	4569.783203
2900.488281	4611.648926
2903.375977	4658.678711
2906.262695	4688.620605
2909.147461	4825.629395
2912.032227	4841.944336
2914.915039	4931.114746
2917.797852	5040.92334
2920.678711	5143.950195
2923.558594	5174.126465
2926.4375	5163.987305
2929.31543	5257.723145
2932.192383	5366.125977
2935.068359	5415.324219
2937.943359	5331.337402
2940.817383	5271.362793
2943.69043	5160.597656
2946.561523	5071.261719
2949.432617	4832.094238
2952.301758	4851.0625
2955.170898	4776.156738
2958.038086	4806.317871
2960.905273	4673.587402
2963.770508	4609.742676
2966.634766	4603.644531
2969.499023	4563.024902
2972.361328	4408.430176
2975.222656	4402.249512
2978.083008	4354.599121
2980.942383	4323.33252
2983.800781	4215.969238
2986.657227	4231.325684
2989.513672	4156.723145
2992.369141	4037.931152
2995.223633	4067.088379
2998.076172	3885.823242
3000.928711	3824.846436
3003.779297	3769.024658
3006.629883	3738.303711
3009.478516	3638.178467
3012.327148	3645.559814
3015.173828	3612.155029
3018.019531	3559.625
3020.865234	3533.980225
3023.708984	3569.133789
3026.551758	3539.99585
3029.393555	3436.933105
3032.234375	3539.059082
3035.074219	3487.254639
3037.913086	3552.914307
3040.750977	3589.016357
3043.587891	3535.429688
3046.423828	3548.895508
3049.258789	3503.099121
3052.091797	3554.927002
3054.924805	3528.288086
3057.756836	3519.080566
3060.586914	3671.349365
3063.416992	3543.430176
3066.246094	3631.175293
3069.073242	3582.66626
3071.900391	3557.723389
3074.725586	3531.012939
3077.550781	3503.407959
3080.374023	3475.782227
3083.196289	3487.52832
3086.018555	3465.130127
3088.838867	3457.606934
3091.658203	3495.646484
3094.477539	3470.594727
3097.294922	3422.723633
3100.111328	3441.489258
3102.926758	3498.003418
3105.741211	3472.913574
3108.554688	3461.856201
3111.367188	3481.538086
3114.178711	3422.138916
3116.990234	3455.006104
3119.799805	3515.158936
3122.607422	3487.377441
3125.415039	3435.813477
3128.22168	3480.174316
3131.027344	3462.036133
3133.832031	3417.453857
3136.635742	3410.736328
3139.438477	3393.43335
3142.240234	3406.98584
3145.041016	3415.253418
3147.839844	3398.813965
3150.638672	3357.641113
3153.436523	3405.641846
3156.233398	3443.95752
3159.02832	3372.704102
3161.823242	3403.960449
3164.617188	3407.819824
3167.410156	3456.804688
3170.201172	3422.625488
3172.992188	3421.180908
3175.782227	3396.706055
3178.570313	3397.907715
3181.358398	3422.154541
3184.144531	3453.510742
3186.930664	3389.096191
3189.71582	3407.152344
3192.499023	3409.243652
3195.282227	3386.474365
3198.063477	3365.464844
3200.844727	3377.899902
