399.333984	1260.383789
403.220703	1243.762329
407.103516	1194.682739
410.986328	1222.567261
414.867188	1233.921387
418.748047	1210.888428
422.625	1192.933105
426.501953	1192.812622
430.375	1188.864868
434.248047	1168.961304
438.119141	1156.700439
441.988281	1199.989624
445.855469	1156.424316
449.722656	1199.110962
453.585938	1167.017212
457.449219	1162.404175
461.310547	1181.467163
465.169922	1176.855591
469.027344	1184.410522
472.882813	1171.464478
476.736328	1157.865845
480.589844	1143.61377
484.441406	1183.249756
488.289063	1179.908813
492.136719	1191.978027
495.984375	1178.357178
499.828125	1183.364868
503.669922	1197.379517
507.511719	1165.085449
511.351563	1211.927856
515.189453	1209.230591
519.025391	1171.745483
522.859375	1185.783447
526.691406	1188.872925
530.523438	1215.184814
534.351563	1211.190796
538.179688	1224.623047
542.005859	1203.837158
545.830078	1201.124268
549.654297	1193.237549
553.474609	1162.063599
557.294922	1192.969482
561.113281	1168.240112
564.927734	1155.144287
568.744141	1150.458008
572.556641	1160.672729
576.367188	1162.467529
580.177734	1173.344116
583.986328	1173.198486
587.792969	1154.22644
591.597656	1153.422363
595.400391	1163.012939
599.201172	1137.511108
603.001953	1123.692139
606.800781	1131.980103
610.597656	1156.545898
614.392578	1128.391724
618.185547	1178.380981
621.976563	1180.84021
625.767578	1172.217896
629.556641	1179.893799
633.34375	1146.467529
637.128906	1171.11084
640.912109	1167.039795
644.693359	1202.819336
648.474609	1171.305176
652.253906	1195.346069
656.03125	1193.893799
659.806641	1174.769287
663.580078	1213.245972
667.353516	1247.1698
671.123047	1224.765991
674.892578	1204.965088
678.660156	1210.725586
682.425781	1208.617065
686.191406	1222.91687
689.953125	1224.751099
693.714844	1204.90625
697.474609	1206.076416
701.232422	1226.973633
704.988281	1196.578125
708.744141	1216.8302
712.498047	1239.074341
716.248047	1251.457153
719.998047	1264.509033
723.748047	1257.795044
727.494141	1284.050049
731.240234	1268.100952
734.982422	1275.240112
738.724609	1285.686646
742.464844	1293.499268
746.205078	1327.093384
749.941406	1327.656372
753.677734	1344.094727
757.412109	1305.621826
761.144531	1294.920898
764.875	1320.637329
768.605469	1317.221436
772.332031	1358.214355
776.058594	1366.747437
779.783203	1358.70166
783.505859	1349.984863
787.228516	1354.540161
790.947266	1320.571289
794.666016	1335.75
798.382813	1356.26001
802.097656	1361.489258
805.8125	1361.399292
809.523438	1320.702759
813.234375	1387.856567
816.943359	1397.103882
820.650391	1390.362183
824.357422	1363.610352
828.060547	1377.527588
831.763672	1384.782593
835.464844	1377.355103
839.164063	1362.57373
842.861328	1363.816528
846.558594	1377.761353
850.253906	1383.023438
853.947266	1386.282471
857.638672	1359.423706
861.328125	1378.075928
865.017578	1382.675659
868.705078	1385.938477
872.390625	1331.543701
876.074219	1368.994995
879.755859	1387.688721
883.4375	1388.943726
887.117188	1368.036743
890.794922	1368.611816
894.470703	1365.154053
898.146484	1356.98584
901.818359	1355.53772
905.490234	1374.278198
909.160156	1349.270264
912.830078	1340.406616
916.496094	1372.640259
920.162109	1334.116333
923.826172	1362.327148
927.488281	1378.416626
931.148438	1326.345703
934.808594	1361.340332
938.466797	1366.639648
942.123047	1348.288818
945.777344	1361.023682
949.429688	1355.506104
953.082031	1357.42688
956.732422	1357.318115
960.380859	1347.727417
964.027344	1358.454224
967.673828	1329.198486
971.318359	1325.007568
974.960938	1387.294434
978.601563	1354.619629
982.240234	1383.022583
985.878906	1377.487305
989.515625	1377.383179
993.150391	1366.401611
996.783203	1409.817505
1000.416016	1445.785034
1004.044922	1473.614502
1007.673828	1408.859253
1011.302734	1381.516846
1014.927734	1410.034546
1018.552734	1381.30542
1022.175781	1345.049194
1025.796875	1331.962402
1029.416016	1361.870972
1033.035156	1371.999023
1036.650391	1363.005371
1040.265625	1375.192261
1043.880859	1409.269775
1047.492188	1405.751709
1051.103516	1361.169556
1054.712891	1372.689697
1058.320313	1449.286377
1061.925781	1442.351563
1065.53125	1412.104126
1069.134766	1410.633545
1072.736328	1417.394043
1076.335938	1427.591431
1079.935547	1466.635254
1083.533203	1438.393799
1087.128906	1441.739502
1090.722656	1423.088135
1094.316406	1409.235352
1097.90625	1402.251221
1101.496094	1456.522949
1105.085938	1433.713501
1108.671875	1434.307739
1112.257813	1427.320801
1115.841797	1431.359497
1119.423828	1457.473511
1123.003906	1480.848633
1126.583984	1495.268311
1130.162109	1410.940674
1133.738281	1428.797119
1137.314453	1436.300049
1140.886719	1462.47876
1144.458984	1407.742188
1148.029297	1406.939941
1151.599609	1437.984253
1155.166016	1424.725952
1158.732422	1457.881104
1162.296875	1459.176392
1165.861328	1427.185181
1169.421875	1453.443726
1172.982422	1452.655396
1176.541016	1499.081177
1180.097656	1452.464966
1183.654297	1435.69104
1187.208984	1450.187012
1190.761719	1468.171875
1194.3125	1463.210693
1197.863281	1464.509644
1201.412109	1483.217896
1204.958984	1503.334473
1208.503906	1517.891724
1212.048828	1521.30542
1215.591797	1519.141479
1219.132813	1533.722046
1222.671875	1539.23938
1226.210938	1591.550659
1229.748047	1597.095459
1233.283203	1592.160522
1236.816406	1594.213257
1240.349609	1613.05542
1243.880859	1610.918823
1247.410156	1616.480835
1250.939453	1659.166504
1254.464844	1617.80835
1257.990234	1629.687256
1261.513672	1578.464966
1265.037109	1588.232178
1268.558594	1548.880737
1272.078125	1645.702271
1275.595703	1666.74585
1279.111328	1614.728882
1282.626953	1610.469727
1286.140625	1666.685547
1289.652344	1651.890503
1293.164063	1663.124023
1296.673828	1710.97998
1300.181641	1699.001099
1303.6875	1742.681885
1307.193359	1722.950562
1310.697266	1730.002441
1314.199219	1727.182129
1317.699219	1730.711426
1321.199219	1724.357422
1324.697266	1713.759399
1328.193359	1714.459473
1331.689453	1745.560181
1335.181641	1818.415405
1338.673828	1773.165771
1342.166016	1780.967896
1345.654297	1709.463745
1349.142578	1671.197144
1352.628906	1707.314819
1356.115234	1707.302002
1359.597656	1734.951416
1363.080078	1720.75708
1366.5625	1693.772827
1370.041016	1715.767822
1373.519531	1684.495972
1376.996094	1670.966919
1380.470703	1675.91333
1383.945313	1700.069214
1387.417969	1709.300293
1390.888672	1711.419434
1394.357422	1700.720337
1397.826172	1743.448486
1401.292969	1730.614502
1404.757813	1686.394775
1408.222656	1708.480591
1411.683594	1712.029175
1415.144531	1766.269531
1418.605469	1737.703613
1422.0625	1759.84436
1425.519531	1736.255371
1428.976563	1778.435181
1432.429688	1790.602783
1435.882813	1821.387207
1439.333984	1834.297119
1442.783203	1887.327271
1446.232422	1879.493652
1449.679688	1926.849487
1453.125	1865.240234
1456.570313	1896.127075
1460.011719	1863.880493
1463.453125	1861.045044
1466.894531	1817.982788
1470.332031	1830.934326
1473.769531	1828.080688
1477.207031	1805.807007
1480.640625	1788.551025
1484.074219	1784.955566
1487.505859	1751.115601
1490.935547	1721.569702
1494.365234	1720.823975
1497.792969	1720.798096
1501.21875	1732.310913
1504.644531	1685.392212
1508.066406	1751.032471
1511.490234	1714.913574
1514.910156	1772.671875
1518.330078	1727.137207
1521.748047	1677.950684
1525.164063	1730.700073
1528.580078	1746.591675
1531.992188	1745.124023
1535.40625	1732.793213
1538.816406	1750.876831
1542.226563	1762.452271
1545.634766	1776.211548
1549.041016	1794.333252
1552.447266	1850.924072
1555.851563	1858.201538
1559.253906	1826.272095
1562.65625	1858.970093
1566.056641	1877.15918
1569.455078	1867.735352
1572.851563	1945.581909
1576.248047	1907.072632
1579.642578	1904.199219
1583.035156	1878.748779
1586.427734	1903.543335
1589.818359	1904.307495
1593.207031	1884.657593
1596.595703	1861.344727
1599.982422	1864.280396
1603.367188	1905.175415
1606.751953	1862.124634
1610.132813	1906.703491
1613.513672	1895.774292
1616.894531	1863.633423
1620.273438	1887.785278
1623.650391	1904.639038
1627.025391	1840.985474
1630.400391	1865.888184
1633.773438	1889.345215
1637.144531	1890.101318
1640.513672	1949.511353
1643.882813	1956.892334
1647.251953	1942.999634
1650.617188	2012.777588
1653.982422	2026.065918
1657.345703	2009.978882
1660.707031	2001.962646
1664.068359	1988.792847
1667.427734	1990.322632
1670.787109	2012.455933
1674.142578	1997.064697
1677.498047	1932.321777
1680.853516	1920.568848
1684.205078	1897.014282
1687.556641	1886.711548
1690.90625	1888.938843
1694.255859	1903.711426
1697.603516	1821.79541
1700.949219	1840.244263
1704.294922	1850.581177
1707.638672	1855.752441
1710.980469	1859.448608
1714.320313	1859.449219
1717.660156	1782.496338
1720.998047	1829.839844
1724.335938	1835.010864
1727.669922	1801.663086
1731.003906	1823.130493
1734.337891	1817.182617
1737.669922	1759.310547
1741	1804.529297
1744.328125	1826.030151
1747.65625	1808.190796
1750.982422	1827.480713
1754.306641	1857.933105
1757.630859	1779.119385
1760.953125	1818.501099
1764.273438	1839.312012
1767.59375	1806.545654
1770.912109	1803.538696
1774.228516	1847.460449
1777.544922	1778.140259
1780.859375	1837.742065
1784.171875	1782.532837
1787.484375	1839.198242
1790.792969	1824.251709
1794.103516	1881.724365
1797.410156	1869.769897
1800.716797	1793.537231
1804.023438	1874.987793
1807.326172	1824.872314
1810.628906	1839.809692
1813.929688	1812.094482
1817.230469	1842.762085
1820.529297	1859.970093
1823.826172	1806.000366
1827.123047	1832.202637
1830.417969	1868.924805
1833.710938	1837.401245
1837.001953	1873.402954
1840.292969	1904.176514
1843.583984	1829.061279
1846.871094	1815.505127
1850.158203	1792.165161
1853.443359	1810.920898
1856.728516	1847.746948
1860.011719	1815.359131
1863.292969	1850.709351
1866.574219	1861.983643
1869.853516	1825.040649
1873.130859	1823.497681
1876.408203	1769.164795
1879.683594	1864.163086
1882.957031	1801.500732
1886.230469	1855.060059
1889.501953	1843.704712
1892.771484	1830.073242
1896.041016	1868.587646
1899.308594	1836.049316
1902.574219	1879.134521
1905.839844	1868.520874
1909.103516	1849.570313
1912.365234	1860.900024
1915.626953	1841.173096
1918.886719	1839.621704
1922.146484	1838.068726
1925.402344	1862.305786
1928.658203	1814.468262
1931.914063	1828.085571
1935.167969	1847.029541
1938.419922	1850.032837
1941.669922	1856.078247
1944.919922	1827.151245
1948.167969	1840.798096
1951.416016	1851.411377
1954.662109	1836.911133
1957.90625	1871.900024
1961.150391	1814.731689
1964.392578	1831.446899
1967.632813	1861.13623
1970.873047	1840.507202
1974.111328	1858.776733
1977.347656	1867.136719
1980.583984	1840.375244
1983.818359	1823.523682
1987.050781	1865.504761
1990.283203	1843.297241
1993.513672	1897.555298
1996.744141	1862.334717
1999.970703	1861.53064
2003.199219	1867.617065
2006.423828	1815.489502
2009.648438	1851.448608
2012.871094	1825.338501
2016.09375	1796.90686
2019.314453	1882.769043
2022.533203	1841.288818
2025.751953	1818.971436
2028.96875	1873.448364
2032.183594	1893.388306
2035.398438	1906.424805
2038.611328	1829.49585
2041.824219	1887.906494
2045.035156	1851.699219
2048.244141	1827.012207
2051.451172	1853.139648
2054.658203	1847.695923
2057.865234	1844.559937
2061.068359	1904.652466
2064.271484	1894.592529
2067.474609	1855.199219
2070.673828	1861.323608
2073.875	1866.680054
2077.072266	1889.03772
2080.269531	1861.172974
2083.464844	1780.707642
2086.660156	1823.941406
2089.853516	1851.732056
2093.044922	1845.48291
2096.236328	1855.491089
2099.425781	1870.154907
2102.613281	1832.903809
2105.800781	1850.670532
2108.986328	1825.79187
2112.169922	1855.983398
2115.353516	1836.520142
2118.535156	1853.537598
2121.716797	1876.005371
2124.896484	1860.411621
2128.074219	1859.576172
2131.251953	1833.852661
2134.427734	1861.014038
2137.603516	1885.860962
2140.777344	1832.864868
2143.949219	1828.899292
2147.119141	1825.709473
2150.289063	1856.815552
2153.458984	1869.229492
2156.625	1855.128418
2159.791016	1843.357422
2162.957031	1812.058716
2166.121094	1852.5896
2169.283203	1865.805054
2172.445313	1813.373535
2175.603516	1847.69519
2178.763672	1854.664917
2181.921875	1827.990723
2185.078125	1851.396729
2188.232422	1857.591431
2191.386719	1861.440063
2194.539063	1850.400269
2197.691406	1876.985474
2200.841797	1878.491699
2203.990234	1882.352539
2207.138672	1879.936523
2210.285156	1855.53125
2213.429688	1859.386475
2216.574219	1865.601685
2219.71875	1863.173706
2222.859375	1808.837524
2226	1875.619263
2229.140625	1824.393433
2232.279297	1824.306152
2235.416016	1825.793701
2238.550781	1874.559692
2241.685547	1872.125366
2244.820313	1838.934814
2247.951172	1832.539795
2251.082031	1904.267334
2254.212891	1823.681274
2257.341797	1833.857056
2260.46875	1859.841675
2263.595703	1873.199829
2266.720703	1848.614868
2269.84375	1864.351074
2272.966797	1845.282104
2276.087891	1855.486938
2279.208984	1845.109985
2282.328125	1858.490479
2285.445313	1836.218384
2288.5625	1848.019165
2291.677734	1853.483765
2294.792969	1854.985107
2297.90625	1839.819214
2301.017578	1843.697632
2304.128906	1809.451538
2307.238281	1861.792114
2310.345703	1872.836426
2313.453125	1860.827148
2316.558594	1868.696411
2319.664063	1863.838013
2322.767578	1893.209229
2325.871094	1953.663452
2328.972656	1979.106689
2332.072266	1983.048706
2335.169922	1887.324585
2338.267578	1862.518188
2341.365234	1853.651611
2344.460938	1820.031738
2347.554688	1830.306885
2350.648438	1856.56665
2353.740234	1843.686768
2356.830078	1851.582886
2359.919922	1825.893921
2363.007813	1894.594604
2366.095703	1882.508179
2369.181641	1832.779663
2372.265625	1859.908325
2375.349609	1822.953369
2378.431641	1846.891724
2381.513672	1859.621094
2384.59375	1891.612671
2387.673828	1817.696167
2390.75	1869.765747
2393.828125	1871.27771
2396.902344	1845.473755
2399.976563	1866.266235
2403.050781	1870.189331
2406.123047	1881.354004
2409.193359	1841.834106
2412.262695	1851.385742
2415.331055	1864.165161
2418.398438	1899.509521
2421.464844	1908.286621
2424.530273	1894.497192
2427.59375	1804.081909
2430.65625	1859.624878
2433.717773	1840.150513
2436.77832	1839.230957
2439.837891	1899.694946
2442.895508	1847.892456
2445.953125	1851.015015
2449.008789	1868.694336
2452.063477	1878.297607
2455.117188	1837.736084
2458.168945	1868.381592
2461.220703	1902.289063
2464.270508	1898.955566
2467.319336	1888.325195
2470.367188	1855.796143
2473.413086	1855.684204
2476.458984	1888.83728
2479.50293	1908.216797
2482.545898	1864.276978
2485.587891	1821.928101
2488.628906	1888.432495
2491.668945	1897.271729
2494.707031	1913.435791
2497.745117	1884.869507
2500.78125	1917.316284
2503.816406	1852.908203
2506.850586	1873.150269
2509.882813	1896.666016
2512.915039	1913.678833
2515.945313	1881.784058
2518.974609	1885.75293
2522.00293	1927.257813
2525.030273	1872.475952
2528.056641	1857.663696
2531.081055	1900.837158
2534.105469	1891.743774
2537.12793	1903.079956
2540.149414	1857.179565
2543.169922	1903.688232
2546.188477	1910.130005
2549.207031	1887.102905
2552.223633	1917.293579
2555.239258	1916.372559
2558.254883	1937.580078
2561.267578	1903.868042
2564.280273	1966.917725
2567.291992	1895.445679
2570.301758	1931.450684
2573.311523	1931.351318
2576.319336	1896.750122
2579.326172	1927.042236
2582.332031	1906.387939
2585.335938	1907.922119
2588.339844	1903.69812
2591.341797	1901.116577
2594.34375	1920.761841
2597.34375	1963.482178
2600.342773	1929.609985
2603.34082	1945.989502
2606.336914	1945.890381
2609.333008	1987.8573
2612.327148	1900.307373
2615.320313	1948.891357
2618.313477	1975.215454
2621.304688	1878.474976
2624.293945	1919.666382
2627.283203	1943.52771
2630.271484	1995.523926
2633.257813	1953.246704
2636.243164	1977.973389
2639.227539	1976.224854
2642.210938	1944.658691
2645.193359	1955.323486
2648.174805	2002.464478
2651.155273	1989.112671
2654.133789	2013.905151
2657.112305	1974.824219
2660.088867	2031.171509
2663.064453	2011.165649
2666.039063	1955.425171
2669.012695	1997.699707
2671.984375	2000.934082
2674.956055	1960.927002
2677.925781	2014.064087
2680.895508	1982.353516
2683.863281	1943.958618
2686.830078	1971.329224
2689.795898	2003.718384
2692.760742	2007.793701
2695.723633	1964.347046
2698.686523	2042.642212
2701.647461	2020.034912
2704.608398	2018.277588
2707.567383	2021.528564
2710.525391	2054.01709
2713.482422	2020.515625
2716.438477	2044.667725
2719.392578	2037.060303
2722.34668	2065.417969
2725.299805	2081.243408
2728.250977	2084.522705
2731.201172	2053.468018
2734.150391	2024.065186
2737.098633	2054.982422
2740.045898	2066.638916
2742.992188	2059.013428
2745.9375	2072.357178
2748.881836	2038.70813
2751.824219	2031.0625
2754.765625	2031.810059
2757.707031	2056.084717
2760.646484	2058.522217
2763.584961	2027.326538
2766.522461	2064.242676
2769.458984	2062.477051
2772.393555	2048.924561
2775.328125	2031.151123
2778.261719	2018.418701
2781.193359	2030.95813
2784.124023	2053.622559
2787.054688	2016.426147
2789.983398	2060.192139
2792.911133	2017.062134
2795.837891	2025.400391
2798.762695	2011.785278
2801.6875	2038.714355
2804.611328	2077.495361
2807.533203	2042.745361
2810.455078	2076.480469
2813.375	2067.087402
2816.293945	2094.930176
2819.211914	2159.203125
2822.129883	2104.93457
2825.045898	2091.299316
2827.959961	2125.123535
2830.874023	2153.036133
2833.787109	2121.588135
2836.698242	2211.467041
2839.609375	2194.447754
2842.518555	2225.821533
2845.427734	2382.099609
2848.334961	2473.052979
2851.241211	2489.258545
2854.146484	2566.70874
2857.050781	2532.763184
2859.954102	2565.177246
2862.856445	2629.967285
2865.757813	2682.880371
2868.657227	2717.938721
2871.556641	2864.677246
2874.454102	2939.047607
2877.351563	2941.82373
2880.24707	3007.742432
2883.141602	2961.037354
2886.036133	2987.731201
2888.928711	2987.963867
2891.820313	2995.886475
2894.710938	3049.974121
2897.599609	3087.853027
2900.488281	3110.36084
2903.375977	3144.86499
2906.262695	3120.325439
2909.147461	3238.780762
2912.032227	3305.920654
2914.915039	3349.113037
2917.797852	3436.058105
2920.678711	3452.741211
2923.558594	3508.900391
2926.4375	3565.95752
2929.31543	3628.206543
2932.192383	3657.004639
2935.068359	3675.512695
2937.943359	3670.827393
2940.817383	3611.971191
2943.69043	3533.289307
2946.561523	3360.764893
2949.432617	3245.783203
2952.301758	3166.019775
2955.170898	3204.202393
2958.038086	3137.289795
2960.905273	3069.466064
2963.770508	3092.994385
2966.634766	3027.692139
2969.499023	2963.204834
2972.361328	2950.463135
2975.222656	2899.716309
2978.083008	2869.664551
2980.942383	2850.824219
2983.800781	2756.761719
2986.657227	2720.570313
2989.513672	2669.645752
2992.369141	2518.29834
2995.223633	2517.474121
2998.076172	2501.060303
3000.928711	2467.307617
3003.779297	2384.131348
3006.629883	2338.173584
3009.478516	2326.873047
3012.327148	2264.376709
3015.173828	2280.812988
3018.019531	2237.354492
3020.865234	2219.05127
3023.708984	2201.603027
3026.551758	2158.067627
3029.393555	2157.10376
3032.234375	2130.915527
3035.074219	2160.392578
3037.913086	2146.371094
3040.750977	2161.942627
3043.587891	2147.039795
3046.423828	2181.791016
3049.258789	2186.059326
3052.091797	2160.684082
3054.924805	2216.4104
3057.756836	2219.821777
3060.586914	2212.760498
3063.416992	2238.001953
3066.246094	2202.115234
3069.073242	2205.524414
3071.900391	2196.69751
3074.725586	2179.119385
3077.550781	2135.285645
3080.374023	2098.42041
3083.196289	2166.574463
3086.018555	2117.433594
3088.838867	2130.453613
3091.658203	2125.07959
3094.477539	2110.05835
3097.294922	2145.011963
3100.111328	2179.112793
3102.926758	2114.949219
3105.741211	2041.082886
3108.554688	2057.617676
3111.367188	2121.603516
3114.178711	2050.29541
3116.990234	2165.312988
3119.799805	2107.160645
3122.607422	2148.379395
3125.415039	2117.460938
3128.22168	2109.409912
3131.027344	2131.296875
3133.832031	2086.241455
3136.635742	2118.710449
3139.438477	2112.410156
3142.240234	2149.320313
3145.041016	2133.320313
3147.839844	2093.47876
3150.638672	2106.582031
3153.436523	2091.431641
3156.233398	2121.329346
3159.02832	2119.429932
3161.823242	2159.967529
3164.617188	2131.545898
3167.410156	2093.37085
3170.201172	2080.835938
3172.992188	2149.748291
3175.782227	2096.480713
3178.570313	2098.108398
3181.358398	2104.168457
3184.144531	2126.192383
3186.930664	2068.404297
3189.71582	2069.135254
3192.499023	2116.020996
3195.282227	2110.553223
3198.063477	2057.116943
3200.844727	2095.310547
