399.333984	2178.182129
403.220703	2129.529785
407.103516	2118.367188
410.986328	2144.743164
414.867188	2142.48999
418.748047	2154.884521
422.625	2128.416992
426.501953	2113.401367
430.375	2111.765869
434.248047	2163.727051
438.119141	2125.724365
441.988281	2136.862793
445.855469	2162.705322
449.722656	2115.702148
453.585938	2126.209473
457.449219	2128.408691
461.310547	2102.448486
465.169922	2121.925781
469.027344	2145.262695
472.882813	2169.26001
476.736328	2152.24585
480.589844	2178.189697
484.441406	2177.846924
488.289063	2185.206543
492.136719	2154.038086
495.984375	2117.701904
499.828125	2129.542725
503.669922	2192.837891
507.511719	2169.979736
511.351563	2179.281982
515.189453	2195.674316
519.025391	2190.178467
522.859375	2191.121582
526.691406	2177.236328
530.523438	2210.423828
534.351563	2226.861572
538.179688	2233.629639
542.005859	2175.819336
545.830078	2143.803223
549.654297	2170.580566
553.474609	2200.613525
557.294922	2165.977051
561.113281	2166.907471
564.927734	2184.673096
568.744141	2179.133301
572.556641	2177.476563
576.367188	2204.344482
580.177734	2194.263672
583.986328	2195.205078
587.792969	2204.585449
591.597656	2167.213135
595.400391	2161.644775
599.201172	2143.720947
603.001953	2153.092773
606.800781	2176.134277
610.597656	2171.859131
614.392578	2198.83374
618.185547	2193.912109
621.976563	2206.581055
625.767578	2275.328369
629.556641	2259.343262
633.34375	2234.861328
637.128906	2243.649902
640.912109	2232.853516
644.693359	2244.914307
648.474609	2217.76709
652.253906	2225.253174
656.03125	2228.819824
659.806641	2291.291016
663.580078	2290.304443
667.353516	2238.879395
671.123047	2298.156494
674.892578	2289.958008
678.660156	2265.355469
682.425781	2259.103271
686.191406	2256.127197
689.953125	2308.311035
693.714844	2296.154541
697.474609	2318.821777
701.232422	2302.054932
704.988281	2312.901855
708.744141	2360.611084
712.498047	2335.279785
716.248047	2404.773682
719.998047	2409.090576
723.748047	2368.583496
727.494141	2371.568604
731.240234	2378.513916
734.982422	2392.065186
738.724609	2391.099854
742.464844	2374.278076
746.205078	2396.43457
749.941406	2422.576172
753.677734	2461.307373
757.412109	2443.822266
761.144531	2439.562012
764.875	2433.973145
768.605469	2460.845459
772.332031	2491.053955
776.058594	2510.677246
779.783203	2559.507324
783.505859	2506.166504
787.228516	2571.634277
790.947266	2481.717285
794.666016	2496.05835
798.382813	2502.432617
802.097656	2512.802246
805.8125	2471.279297
809.523438	2484.305664
813.234375	2513.325684
816.943359	2501.72876
820.650391	2551.441406
824.357422	2557.186279
828.060547	2520.241699
831.763672	2539.324219
835.464844	2516.360352
839.164063	2554.157715
842.861328	2546.548096
846.558594	2555.643555
850.253906	2562.071045
853.947266	2584.560303
857.638672	2590.334717
861.328125	2557.275146
865.017578	2548.973145
868.705078	2548.035889
872.390625	2534.35791
876.074219	2590.425781
879.755859	2556.621826
883.4375	2563.067627
887.117188	2588.322754
890.794922	2553.80127
894.470703	2564.957031
898.146484	2578.811035
901.818359	2594.694336
905.490234	2572.22876
909.160156	2580.041748
912.830078	2571.694824
916.496094	2591.641846
920.162109	2577.898193
923.826172	2583.700684
927.488281	2551.723633
931.148438	2614.217285
934.808594	2603.158203
938.466797	2548.85376
942.123047	2637.780273
945.777344	2647.674561
949.429688	2631.873291
953.082031	2648.538818
956.732422	2662.509766
960.380859	2648.724609
964.027344	2642.379883
967.673828	2653.652344
971.318359	2656.796143
974.960938	2632.806641
978.601563	2572.827148
982.240234	2700.865967
985.878906	2662.598633
989.515625	2662.351807
993.150391	2648.507813
996.783203	2697.899658
1000.416016	2738.487061
1004.044922	2804.972412
1007.673828	2654.293701
1011.302734	2671.75
1014.927734	2670.81958
1018.552734	2676.023682
1022.175781	2643.035156
1025.796875	2678.936768
1029.416016	2765.383057
1033.035156	2767.217773
1036.650391	2755.388916
1040.265625	2677.250488
1043.880859	2711.186035
1047.492188	2674.006592
1051.103516	2680.59375
1054.712891	2693.347412
1058.320313	2743.78125
1061.925781	2749.032959
1065.53125	2779.651611
1069.134766	2729.373535
1072.736328	2716.100098
1076.335938	2778.998779
1079.935547	2791.138672
1083.533203	2752.456543
1087.128906	2785.896973
1090.722656	2850.30127
1094.316406	2857.673584
1097.90625	2837.529053
1101.496094	2815.302002
1105.085938	2857.786377
1108.671875	2808.68042
1112.257813	2827.763184
1115.841797	2804.113281
1119.423828	2901.841553
1123.003906	2852.669189
1126.583984	2889.747559
1130.162109	2852.959229
1133.738281	2809.230713
1137.314453	2771.685791
1140.886719	2839.214111
1144.458984	2816.86792
1148.029297	2853.326904
1151.599609	2870.429688
1155.166016	2862.611572
1158.732422	2876.266357
1162.296875	2923.898438
1165.861328	2929.266357
1169.421875	2957.532471
1172.982422	2921.273926
1176.541016	2942.615234
1180.097656	2909.792236
1183.654297	2911.687012
1187.208984	2985.883545
1190.761719	2945.38501
1194.3125	2998.086182
1197.863281	3034.124268
1201.412109	3031.892334
1204.958984	3033.837646
1208.503906	3101.293945
1212.048828	3118.606201
1215.591797	3122.679688
1219.132813	3155.364502
1222.671875	3199.942627
1226.210938	3232.68457
1229.748047	3265.452393
1233.283203	3214.375
1236.816406	3298.902832
1240.349609	3241.499756
1243.880859	3267.323975
1247.410156	3288.267822
1250.939453	3262.303711
1254.464844	3286.063721
1257.990234	3322.459229
1261.513672	3327.328613
1265.037109	3343.425293
1268.558594	3319.53125
1272.078125	3326.509033
1275.595703	3398.812988
1279.111328	3348.911133
1282.626953	3346.06543
1286.140625	3398.06958
1289.652344	3431.119873
1293.164063	3467.011963
1296.673828	3429.000977
1300.181641	3534.654785
1303.6875	3574.858643
1307.193359	3491.019287
1310.697266	3570.025635
1314.199219	3565.135254
1317.699219	3648.469482
1321.199219	3574.405273
1324.697266	3566.682129
1328.193359	3620.435059
1331.689453	3674.230957
1335.181641	3665.829346
1338.673828	3719.685547
1342.166016	3626.35083
1345.654297	3600.212646
1349.142578	3565.55127
1352.628906	3554.248291
1356.115234	3623.762695
1359.597656	3618.855957
1363.080078	3542.985596
1366.5625	3565.725586
1370.041016	3624.70166
1373.519531	3611.96875
1376.996094	3549.472168
1380.470703	3494.745117
1383.945313	3585.083008
1387.417969	3606.467041
1390.888672	3568.779297
1394.357422	3632.19165
1397.826172	3578.807373
1401.292969	3570.283203
1404.757813	3517.541504
1408.222656	3489.01001
1411.683594	3518.9729
1415.144531	3497.556396
1418.605469	3531.116455
1422.0625	3537.551514
1425.519531	3569.009033
1428.976563	3646.256836
1432.429688	3692.805176
1435.882813	3726.508301
1439.333984	3715.8479
1442.783203	3799.723389
1446.232422	3773.318115
1449.679688	3774.847168
1453.125	3813.666992
1456.570313	3848.929932
1460.011719	3794.507568
1463.453125	3819.737549
1466.894531	3760.229248
1470.332031	3729.414795
1473.769531	3767.585938
1477.207031	3663.393311
1480.640625	3673.508057
1484.074219	3756.323975
1487.505859	3686.559082
1490.935547	3662.117188
1494.365234	3615.315674
1497.792969	3591.544189
1501.21875	3623.284668
1504.644531	3656.49292
1508.066406	3681.065674
1511.490234	3666.665771
1514.910156	3632.749268
1518.330078	3681.909668
1521.748047	3700.022217
1525.164063	3700.790527
1528.580078	3662.488525
1531.992188	3763.851074
1535.40625	3712.507568
1538.816406	3757.467041
1542.226563	3764.053223
1545.634766	3758.318848
1549.041016	3810.60083
1552.447266	3874.533203
1555.851563	3926.176514
1559.253906	3891.448242
1562.65625	3910.447998
1566.056641	3937.455811
1569.455078	3980.479248
1572.851563	4045.355957
1576.248047	4046.981201
1579.642578	4028.225586
1583.035156	4045.86377
1586.427734	3980.467285
1589.818359	3968.947021
1593.207031	3931.898926
1596.595703	3926.912354
1599.982422	3954.025635
1603.367188	3938.092529
1606.751953	3929.448242
1610.132813	3945.634277
1613.513672	3905.558105
1616.894531	3861.793457
1620.273438	3880.163086
1623.650391	3886.107422
1627.025391	3856.919434
1630.400391	3788.895508
1633.773438	3795.540039
1637.144531	3855.689453
1640.513672	3905.621338
1643.882813	3855.84082
1647.251953	3863.252686
1650.617188	3861.126953
1653.982422	3959.604004
1657.345703	3867.886963
1660.707031	3914.998047
1664.068359	3893.769775
1667.427734	3935.042969
1670.787109	3910.860352
1674.142578	3853.532715
1677.498047	3829.296387
1680.853516	3810.196533
1684.205078	3809.505371
1687.556641	3810.287354
1690.90625	3755.012939
1694.255859	3712.975098
1697.603516	3753.577637
1700.949219	3633.227051
1704.294922	3674.567139
1707.638672	3651.641846
1710.980469	3642.005615
1714.320313	3588.722168
1717.660156	3615.308105
1720.998047	3561.229492
1724.335938	3627.071533
1727.669922	3656.664795
1731.003906	3651.44873
1734.337891	3601.743408
1737.669922	3606.883301
1741	3624.640381
1744.328125	3588.96582
1747.65625	3586.678223
1750.982422	3566.559082
1754.306641	3583.581543
1757.630859	3617.716309
1760.953125	3573.038574
1764.273438	3555.854492
1767.59375	3611.602539
1770.912109	3592.18457
1774.228516	3615.956787
1777.544922	3568.204346
1780.859375	3635.970703
1784.171875	3644.123535
1787.484375	3667.950684
1790.792969	3699.26001
1794.103516	3645.467529
1797.410156	3629.729248
1800.716797	3637.891357
1804.023438	3666.244141
1807.326172	3690.131348
1810.628906	3676.626709
1813.929688	3708.019775
1817.230469	3619.631104
1820.529297	3611.323486
1823.826172	3638.978516
1827.123047	3740.122314
1830.417969	3663.602539
1833.710938	3587.771484
1837.001953	3665.745117
1840.292969	3709.239746
1843.583984	3726.477539
1846.871094	3708.409668
1850.158203	3720.396729
1853.443359	3712.086914
1856.728516	3697.750977
1860.011719	3676.62915
1863.292969	3663.019043
1866.574219	3720.954346
1869.853516	3711.116699
1873.130859	3734.438965
1876.408203	3688.399414
1879.683594	3717.764404
1882.957031	3738.094971
1886.230469	3685.959717
1889.501953	3741.791504
1892.771484	3766.686523
1896.041016	3687.285889
1899.308594	3705.371338
1902.574219	3684.888916
1905.839844	3727.960205
1909.103516	3749.108643
1912.365234	3761.184082
1915.626953	3727.049561
1918.886719	3717.142578
1922.146484	3705.710449
1925.402344	3789.849121
1928.658203	3748.07959
1931.914063	3755.622803
1935.167969	3707.729492
1938.419922	3712.221924
1941.669922	3753.199951
1944.919922	3721.974609
1948.167969	3736.36377
1951.416016	3728.695313
1954.662109	3755.276611
1957.90625	3701.914551
1961.150391	3729.266113
1964.392578	3745.206055
1967.632813	3807.666748
1970.873047	3697.031982
1974.111328	3783.938477
1977.347656	3766.33374
1980.583984	3728.096436
1983.818359	3803.655029
1987.050781	3780.685059
1990.283203	3812.74292
1993.513672	3785.167725
1996.744141	3795.061768
1999.970703	3716.937744
2003.199219	3739.828613
2006.423828	3804.867676
2009.648438	3858.461914
2012.871094	3764.904541
2016.09375	3790.913574
2019.314453	3826.148926
2022.533203	3781.588135
2025.751953	3738.527588
2028.96875	3821.404541
2032.183594	3742.976563
2035.398438	3828.224121
2038.611328	3821.254639
2041.824219	3791.96875
2045.035156	3803.44873
2048.244141	3851.123047
2051.451172	3837.216064
2054.658203	3833.313965
2057.865234	3806.283691
2061.068359	3827.811523
2064.271484	3765.27124
2067.474609	3803.775879
2070.673828	3816.060791
2073.875	3795.91748
2077.072266	3865.380615
2080.269531	3863.015869
2083.464844	3827.400146
2086.660156	3821.149658
2089.853516	3864.416992
2093.044922	3889.138428
2096.236328	3848.827637
2099.425781	3791.440674
2102.613281	3833.210205
2105.800781	3806.008301
2108.986328	3794.296387
2112.169922	3853.182861
2115.353516	3857.00293
2118.535156	3913.627686
2121.716797	3859.211182
2124.896484	3805.528564
2128.074219	3893.293213
2131.251953	3830.247803
2134.427734	3809.943848
2137.603516	3852.666748
2140.777344	3817.560059
2143.949219	3907.831299
2147.119141	3901.548096
2150.289063	3864.857666
2153.458984	3841.395264
2156.625	3821.03418
2159.791016	3873.235596
2162.957031	3839.596924
2166.121094	3853.573975
2169.283203	3870.686035
2172.445313	3897.189941
2175.603516	3900.255615
2178.763672	3879.855713
2181.921875	3853.178955
2185.078125	3869.536621
2188.232422	3903.134766
2191.386719	3844.3125
2194.539063	3849.710449
2197.691406	3836.294678
2200.841797	3835.417236
2203.990234	3864.354492
2207.138672	3861.130615
2210.285156	3888.527588
2213.429688	3865.669922
2216.574219	3864.011719
2219.71875	3886.72168
2222.859375	3940.906494
2226	3887.34668
2229.140625	3891.987061
2232.279297	3867.497559
2235.416016	3855.591064
2238.550781	3952.41333
2241.685547	3851.45459
2244.820313	3919.959229
2247.951172	3950.649902
2251.082031	3930.066895
2254.212891	3952.098877
2257.341797	3929.129395
2260.46875	3868.218018
2263.595703	3884.716064
2266.720703	3947.085449
2269.84375	3889.271973
2272.966797	3864.647461
2276.087891	3882.748779
2279.208984	3937.290527
2282.328125	3907.899902
2285.445313	3941.093506
2288.5625	3917.22998
2291.677734	3942.519531
2294.792969	3887.693359
2297.90625	3909.814453
2301.017578	3947.037598
2304.128906	3947.749756
2307.238281	3932.569092
2310.345703	3897.50293
2313.453125	3924.436768
2316.558594	3960.140869
2319.664063	3890.821533
2322.767578	3948.033936
2325.871094	4055.4646
2328.972656	3952.63623
2332.072266	4020.296387
2335.169922	3950.065918
2338.267578	3933.223633
2341.365234	3961.053223
2344.460938	3895.506592
2347.554688	3889.002686
2350.648438	3888.085205
2353.740234	3842.412598
2356.830078	3891.841797
2359.919922	3920.513184
2363.007813	3971.608154
2366.095703	3914.688477
2369.181641	3904.165039
2372.265625	3944.094971
2375.349609	3949.598877
2378.431641	3895.787109
2381.513672	4008.730225
2384.59375	4003.031006
2387.673828	3972.44873
2390.75	3957.095703
2393.828125	3982.689209
2396.902344	3991.429443
2399.976563	4031.520996
2403.050781	4025.811768
2406.123047	3957.358643
2409.193359	3950.810547
2412.262695	3913.668457
2415.331055	3981.18042
2418.398438	3933.547363
2421.464844	3923.753174
2424.530273	3956.677734
2427.59375	3960.593018
2430.65625	3970.9646
2433.717773	4055.594727
2436.77832	4012.720703
2439.837891	4016.659424
2442.895508	3997.168213
2445.953125	4044.750488
2449.008789	4009.081299
2452.063477	3991.989014
2455.117188	3979.738281
2458.168945	3974.763184
2461.220703	4019.183105
2464.270508	3928.342773
2467.319336	4054.631104
2470.367188	4003.460449
2473.413086	4020.378662
2476.458984	3945.625488
2479.50293	3982.012451
2482.545898	3974.579834
2485.587891	4006.942139
2488.628906	4049.078857
2491.668945	4034.344238
2494.707031	4024.476807
2497.745117	4046.327393
2500.78125	4012.04126
2503.816406	4007.036133
2506.850586	4106.270996
2509.882813	4031.22998
2512.915039	4008.293213
2515.945313	4106.007324
2518.974609	4099.39209
2522.00293	4034.022949
2525.030273	4130.22168
2528.056641	4063.179932
2531.081055	4045.915771
2534.105469	4031.089355
2537.12793	4060.394287
2540.149414	4003.035645
2543.169922	4087.162109
2546.188477	4025.676758
2549.207031	4086.949219
2552.223633	4041.795654
2555.239258	4087.55127
2558.254883	4125.144043
2561.267578	4088.970703
2564.280273	4128.230469
2567.291992	4115.004395
2570.301758	4128.034668
2573.311523	4173.919434
2576.319336	4157.406738
2579.326172	4112.940918
2582.332031	4098.035645
2585.335938	4141.506836
2588.339844	4207.222168
2591.341797	4176.695313
2594.34375	4128.032227
2597.34375	4129.572266
2600.342773	4145.118652
2603.34082	4127.706543
2606.336914	4140.788574
2609.333008	4137.382813
2612.327148	4196.684082
2615.320313	4133.861816
2618.313477	4128.794922
2621.304688	4168.331055
2624.293945	4239.297852
2627.283203	4205.327637
2630.271484	4211.026855
2633.257813	4091.807617
2636.243164	4150.433594
2639.227539	4197.511719
2642.210938	4160.973145
2645.193359	4215.544922
2648.174805	4241.975586
2651.155273	4158.149414
2654.133789	4197.847656
2657.112305	4193.597656
2660.088867	4186.022949
2663.064453	4245.70166
2666.039063	4199.09668
2669.012695	4247.189453
2671.984375	4252.088867
2674.956055	4208.757813
2677.925781	4233.61084
2680.895508	4205.219238
2683.863281	4239.245117
2686.830078	4225.82373
2689.795898	4180.731445
2692.760742	4292.294434
2695.723633	4219.677734
2698.686523	4342.178711
2701.647461	4293.72168
2704.608398	4294.474121
2707.567383	4278.526367
2710.525391	4304.331055
2713.482422	4336.838867
2716.438477	4269.058594
2719.392578	4311.610352
2722.34668	4285.596191
2725.299805	4374.209961
2728.250977	4367.452148
2731.201172	4280.291504
2734.150391	4440.209473
2737.098633	4376.475586
2740.045898	4344.552734
2742.992188	4424.991699
2745.9375	4360.339844
2748.881836	4342.641602
2751.824219	4329.126953
2754.765625	4360.118164
2757.707031	4293.663086
2760.646484	4331.386719
2763.584961	4354.001465
2766.522461	4319.431641
2769.458984	4379.082031
2772.393555	4423.623047
2775.328125	4287.143555
2778.261719	4363.693359
2781.193359	4354.340332
2784.124023	4344.136719
2787.054688	4420.788574
2789.983398	4384.446777
2792.911133	4398.714844
2795.837891	4380.909668
2798.762695	4352.956055
2801.6875	4305.54834
2804.611328	4421.228027
2807.533203	4403.401367
2810.455078	4318.741211
2813.375	4404.089355
2816.293945	4400.623047
2819.211914	4369.210938
2822.129883	4393.680176
2825.045898	4475.787598
2827.959961	4353.663574
2830.874023	4365.431641
2833.787109	4473.912598
2836.698242	4480.63916
2839.609375	4539.153809
2842.518555	4569.685547
2845.427734	4672.449219
2848.334961	4780.385742
2851.241211	4850.993164
2854.146484	4925.903809
2857.050781	4983.000977
2859.954102	4983.967285
2862.856445	5072.627441
2865.757813	5244.817871
2868.657227	5298.702637
2871.556641	5446.381348
2874.454102	5553.239746
2877.351563	5535.644043
2880.24707	5617.012695
2883.141602	5566.135254
2886.036133	5501.558105
2888.928711	5672.689453
2891.820313	5734.567383
2894.710938	5785.376953
2897.599609	5770.377441
2900.488281	5762.208984
2903.375977	5809.656738
2906.262695	5778.380371
2909.147461	5938.906738
2912.032227	6128.674805
2914.915039	6185.746582
2917.797852	6302.868652
2920.678711	6431.223633
2923.558594	6444.708984
2926.4375	6586.9375
2929.31543	6675.179199
2932.192383	6682.750977
2935.068359	6676.580078
2937.943359	6709.938965
2940.817383	6563.625
2943.69043	6445.586426
2946.561523	6316.276367
2949.432617	6128.341309
2952.301758	6069.424316
2955.170898	6034.581055
2958.038086	6029.869141
2960.905273	5936.370117
2963.770508	5815.208984
2966.634766	5817.309082
2969.499023	5742.611328
2972.361328	5727.42041
2975.222656	5597.367676
2978.083008	5599.387207
2980.942383	5498.57373
2983.800781	5441.772949
2986.657227	5330.449707
2989.513672	5166.274902
2992.369141	5162.944336
2995.223633	5073.039063
2998.076172	4985.666016
3000.928711	4906.892578
3003.779297	4826.327637
3006.629883	4698.888184
3009.478516	4730.06543
3012.327148	4708.342285
3015.173828	4577.248047
3018.019531	4673.526855
3020.865234	4590.092285
3023.708984	4633.444824
3026.551758	4536.027344
3029.393555	4522.875
3032.234375	4541.024414
3035.074219	4486.969238
3037.913086	4515.561035
3040.750977	4546.78418
3043.587891	4497.895996
3046.423828	4543.945801
3049.258789	4556.033691
3052.091797	4562.897461
3054.924805	4499.112305
3057.756836	4532.13623
3060.586914	4621.046875
3063.416992	4581.660645
3066.246094	4533.509766
3069.073242	4577.074707
3071.900391	4543.746094
3074.725586	4569.85498
3077.550781	4522.501465
3080.374023	4525.867676
3083.196289	4485.46582
3086.018555	4456.417969
3088.838867	4470.273438
3091.658203	4533.210938
3094.477539	4419.112793
3097.294922	4539.954102
3100.111328	4337.171387
3102.926758	4377.331055
3105.741211	4458.77832
3108.554688	4419.091797
3111.367188	4363.562988
3114.178711	4426.634277
3116.990234	4378.978516
3119.799805	4467.602539
3122.607422	4397.051758
3125.415039	4439.979492
3128.22168	4433.634766
3131.027344	4414.074219
3133.832031	4407.713867
3136.635742	4434.838379
3139.438477	4443.466797
3142.240234	4364.787109
3145.041016	4446.623047
3147.839844	4439.375488
3150.638672	4319.994141
3153.436523	4391.299805
3156.233398	4399.041504
3159.02832	4399.717285
3161.823242	4399.508301
3164.617188	4439.983398
3167.410156	4445.97998
3170.201172	4374.092285
3172.992188	4393.348633
3175.782227	4308.104004
3178.570313	4366.333496
3181.358398	4409.536133
3184.144531	4278.097656
3186.930664	4355.88916
3189.71582	4331.697266
3192.499023	4347.429199
3195.282227	4409.342285
3198.063477	4359.382813
3200.844727	4355.82959
