399.333984	1506.358765
403.220703	1541.349731
407.103516	1472.04248
410.986328	1497.501587
414.867188	1483.50708
418.748047	1472.047852
422.625	1496.901611
426.501953	1491.175171
430.375	1480.34082
434.248047	1453.544678
438.119141	1469.494751
441.988281	1500.146606
445.855469	1472.684082
449.722656	1480.352417
453.585938	1475.877197
457.449219	1493.788452
461.310547	1482.914185
465.169922	1472.029907
469.027344	1486.758667
472.882813	1514.316528
476.736328	1471.37439
480.589844	1479.706665
484.441406	1500.87915
488.289063	1477.132813
492.136719	1529.14856
495.984375	1493.185425
499.828125	1524.683105
503.669922	1505.40564
507.511719	1493.187866
511.351563	1525.368652
515.189453	1520.874756
519.025391	1516.376465
522.859375	1504.785034
526.691406	1546.695313
530.523438	1526.07605
534.351563	1518.344116
538.179688	1540.300781
542.005859	1516.421509
545.830078	1546.7948
549.654297	1528.067993
553.474609	1535.191406
557.294922	1471.156494
561.113281	1533.921997
564.927734	1489.255615
568.744141	1500.259521
572.556641	1494.422852
576.367188	1527.481079
580.177734	1513.866821
583.986328	1506.080566
587.792969	1490.497192
591.597656	1526.206421
595.400391	1530.758911
599.201172	1514.514771
603.001953	1500.207031
606.800781	1493.042725
610.597656	1494.332886
614.392578	1521.017334
618.185547	1554.238281
621.976563	1565.330078
625.767578	1528.838135
629.556641	1559.494751
633.34375	1543.848633
637.128906	1513.827271
640.912109	1593.49585
644.693359	1596.136719
648.474609	1586.360352
652.253906	1617.117554
656.03125	1593.602905
659.806641	1592.319702
663.580078	1589.725342
667.353516	1611.36438
671.123047	1608.119751
674.892578	1629.784058
678.660156	1617.361572
682.425781	1593.11731
686.191406	1612.832397
689.953125	1629.93689
693.714844	1613.549438
697.474609	1627.381714
701.232422	1643.197754
704.988281	1656.39563
708.744141	1682.108154
712.498047	1668.997559
716.248047	1697.371094
719.998047	1701.387329
723.748047	1746.27832
727.494141	1729.213745
731.240234	1698.278809
734.982422	1700.980225
738.724609	1726.79541
742.464844	1731.492188
746.205078	1737.51416
749.941406	1725.688843
753.677734	1771.400391
757.412109	1771.489868
761.144531	1774.226929
764.875	1778.952881
768.605469	1755.19104
772.332031	1804.986694
776.058594	1799.782959
779.783203	1817.130737
783.505859	1885.598389
787.228516	1804.725586
790.947266	1845.345459
794.666016	1757.076172
798.382813	1795.714722
802.097656	1803.790283
805.8125	1876.415527
809.523438	1816.631958
813.234375	1816.733521
816.943359	1854.144165
820.650391	1842.92981
824.357422	1883.716064
828.060547	1886.512451
831.763672	1855.942383
835.464844	1835.360718
839.164063	1845.48584
842.861328	1881.679199
846.558594	1859.743774
850.253906	1891.29126
853.947266	1906.138428
857.638672	1881.506592
861.328125	1884.307983
865.017578	1896.489746
868.705078	1869.810547
872.390625	1928.927979
876.074219	1924.373657
879.755859	1894.986938
883.4375	1891.084717
887.117188	1877.104858
890.794922	1898.722046
894.470703	1867.928589
898.146484	1886.869385
901.818359	1920.625488
905.490234	1924.797119
909.160156	1873.088745
912.830078	1870.507202
916.496094	1899.593994
920.162109	1892.301392
923.826172	1860.723022
927.488281	1893.889038
931.148438	1898.733032
934.808594	1898.853638
938.466797	1870.600708
942.123047	1882.197754
945.777344	1889.747314
949.429688	1897.302612
953.082031	1909.600586
956.732422	1904.984131
960.380859	1912.553833
964.027344	1935.035034
967.673828	1908.731689
971.318359	1914.954712
974.960938	1927.966187
978.601563	1998.674683
982.240234	1926.183228
985.878906	1922.233276
989.515625	1935.947021
993.150391	1962.587769
996.783203	1979.729248
1000.416016	2064.240967
1004.044922	2099.13501
1007.673828	1986.975098
1011.302734	1981.672729
1014.927734	1954.557373
1018.552734	1955.372192
1022.175781	1939.817383
1025.796875	1994.53186
1029.416016	1964.643921
1033.035156	2015.315674
1036.650391	1964.230835
1040.265625	1975.300903
1043.880859	2019.884888
1047.492188	1966.684326
1051.103516	1994.876343
1054.712891	1965.582153
1058.320313	1989.686646
1061.925781	2007.643799
1065.53125	2053.034912
1069.134766	2072.403809
1072.736328	2084.92749
1076.335938	2017.15918
1079.935547	2056.447754
1083.533203	2049.745361
1087.128906	2065.027344
1090.722656	2091.320801
1094.316406	2112.821533
1097.90625	2074.478516
1101.496094	2050.558594
1105.085938	2045.899536
1108.671875	2079.814941
1112.257813	2064.825195
1115.841797	2013.969604
1119.423828	2020.321777
1123.003906	2041.1698
1126.583984	2115.880615
1130.162109	2051.147217
1133.738281	2060.286621
1137.314453	2018.976196
1140.886719	2029.491821
1144.458984	2013.728516
1148.029297	2014.560913
1151.599609	2040.317505
1155.166016	2060.553955
1158.732422	2073.877441
1162.296875	2066.415527
1165.861328	2083.912354
1169.421875	2134.030029
1172.982422	2114.782959
1176.541016	2121.210205
1180.097656	2101.941162
1183.654297	2086.129883
1187.208984	2100.198975
1190.761719	2098.282715
1194.3125	2091.493896
1197.863281	2146.648193
1201.412109	2140.568848
1204.958984	2167.22583
1208.503906	2223.871826
1212.048828	2245.703369
1215.591797	2193.61792
1219.132813	2241.969482
1222.671875	2291.05835
1226.210938	2324.823242
1229.748047	2358.615234
1233.283203	2352.595459
1236.816406	2378.734131
1240.349609	2354.529297
1243.880859	2361.094727
1247.410156	2429.271729
1250.939453	2357.431152
1254.464844	2391.32959
1257.990234	2347.450684
1261.513672	2348.413818
1265.037109	2335.34668
1268.558594	2313.144775
1272.078125	2339.368652
1275.595703	2323.470459
1279.111328	2342.691895
1282.626953	2352.790039
1286.140625	2389.619141
1289.652344	2393.411865
1293.164063	2426.063721
1296.673828	2465.782715
1300.181641	2463.974121
1303.6875	2498.807129
1307.193359	2470.220459
1310.697266	2490.272705
1314.199219	2537.856934
1317.699219	2552.305176
1321.199219	2504.625732
1324.697266	2589.005859
1328.193359	2570.275635
1331.689453	2615.865723
1335.181641	2604.910156
1338.673828	2579.793457
1342.166016	2532.00415
1345.654297	2545.075684
1349.142578	2524.152344
1352.628906	2490.454346
1356.115234	2465.945313
1359.597656	2444.25293
1363.080078	2460.859863
1366.5625	2466.831787
1370.041016	2501.2146
1373.519531	2477.367188
1376.996094	2476.243652
1380.470703	2480.095703
1383.945313	2484.661865
1387.417969	2455.784912
1390.888672	2503.057617
1394.357422	2516.183105
1397.826172	2458.782471
1401.292969	2444.813721
1404.757813	2422.276123
1408.222656	2478.188721
1411.683594	2471.345215
1415.144531	2439.508057
1418.605469	2501.20752
1422.0625	2468.640869
1425.519531	2444.624512
1428.976563	2467.069336
1432.429688	2537.462158
1435.882813	2588.588379
1439.333984	2634.743896
1442.783203	2632.230713
1446.232422	2628.998291
1449.679688	2674.50708
1453.125	2665.551025
1456.570313	2675.239502
1460.011719	2610.293945
1463.453125	2589.092773
1466.894531	2586.549316
1470.332031	2564.601563
1473.769531	2534.727539
1477.207031	2531.437988
1480.640625	2625.98999
1484.074219	2565.873779
1487.505859	2521.548828
1490.935547	2410.917725
1494.365234	2505.571533
1497.792969	2422.95874
1501.21875	2446.294189
1504.644531	2412.650391
1508.066406	2461.261719
1511.490234	2447.813477
1514.910156	2430.019775
1518.330078	2382.582275
1521.748047	2459.451904
1525.164063	2436.576904
1528.580078	2452.029541
1531.992188	2476.179688
1535.40625	2464.143555
1538.816406	2462.238525
1542.226563	2503.812744
1545.634766	2501.196045
1549.041016	2528.312744
1552.447266	2569.236328
1555.851563	2575.351074
1559.253906	2625.039307
1562.65625	2602.122314
1566.056641	2607.529053
1569.455078	2596.217529
1572.851563	2677.266357
1576.248047	2665.972656
1579.642578	2690.336426
1583.035156	2661.560791
1586.427734	2642.231689
1589.818359	2642.563721
1593.207031	2647.269531
1596.595703	2576.85376
1599.982422	2580.806152
1603.367188	2609.579346
1606.751953	2647.137939
1610.132813	2662.810059
1613.513672	2595.909912
1616.894531	2630.581787
1620.273438	2561.419678
1623.650391	2565.372314
1627.025391	2594.947754
1630.400391	2568.159424
1633.773438	2652.702393
1637.144531	2617.119629
1640.513672	2705.414551
1643.882813	2698.428467
1647.251953	2700.974854
1650.617188	2685.171387
1653.982422	2729.571289
1657.345703	2724.784912
1660.707031	2783.93335
1664.068359	2721.815674
1667.427734	2727.315674
1670.787109	2772.553467
1674.142578	2750.84082
1677.498047	2712.90918
1680.853516	2691.890625
1684.205078	2707.704102
1687.556641	2654.962158
1690.90625	2620.616943
1694.255859	2579.602783
1697.603516	2557.747559
1700.949219	2527.012939
1704.294922	2473.351563
1707.638672	2537.894775
1710.980469	2533.729736
1714.320313	2496.277344
1717.660156	2499.490479
1720.998047	2487.901123
1724.335938	2497.036621
1727.669922	2447.654053
1731.003906	2421.94751
1734.337891	2409.564941
1737.669922	2405.330566
1741	2368.44458
1744.328125	2423.57251
1747.65625	2415.624023
1750.982422	2431.440918
1754.306641	2451.728516
1757.630859	2405.863037
1760.953125	2412.02417
1764.273438	2414.468994
1767.59375	2418.404053
1770.912109	2445.425781
1774.228516	2434.476074
1777.544922	2418.300537
1780.859375	2431.187256
1784.171875	2444.82959
1787.484375	2434.605957
1790.792969	2460.201904
1794.103516	2456.695557
1797.410156	2467.37915
1800.716797	2439.957764
1804.023438	2447.651611
1807.326172	2426.182861
1810.628906	2473.530273
1813.929688	2491.723389
1817.230469	2447.032471
1820.529297	2480.958984
1823.826172	2465.452881
1827.123047	2452.932617
1830.417969	2456.901123
1833.710938	2484.130371
1837.001953	2427.317627
1840.292969	2472.576172
1843.583984	2449.514893
1846.871094	2424.931641
1850.158203	2437.164307
1853.443359	2420.076172
1856.728516	2465.418213
1860.011719	2461.121338
1863.292969	2463.596924
1866.574219	2525.578857
1869.853516	2462.523926
1873.130859	2471.031738
1876.408203	2423.740723
1879.683594	2489.574463
1882.957031	2427.912842
1886.230469	2488.513672
1889.501953	2487.226318
1892.771484	2487.44873
1896.041016	2528.489258
1899.308594	2521.921143
1902.574219	2426.837158
1905.839844	2374.814941
1909.103516	2468.112793
1912.365234	2457.720947
1915.626953	2431.40918
1918.886719	2499.065918
1922.146484	2416.635742
1925.402344	2494.95874
1928.658203	2443.574951
1931.914063	2506.785156
1935.167969	2462.199707
1938.419922	2509.510498
1941.669922	2519.614746
1944.919922	2500.072021
1948.167969	2479.752686
1951.416016	2432.022461
1954.662109	2476.366211
1957.90625	2463.627441
1961.150391	2497.351318
1964.392578	2518.90625
1967.632813	2475.669678
1970.873047	2497.994629
1974.111328	2481.421143
1977.347656	2525.901611
1980.583984	2516.961426
1983.818359	2449.954102
1987.050781	2510.521729
1990.283203	2471.746094
1993.513672	2540.781494
1996.744141	2462.9646
1999.970703	2437.135498
2003.199219	2508.533691
2006.423828	2516.406494
2009.648438	2507.425537
2012.871094	2539.068115
2016.09375	2484.839111
2019.314453	2507.289795
2022.533203	2512.104492
2025.751953	2499.262207
2028.96875	2488.713623
2032.183594	2483.535156
2035.398438	2522.937988
2038.611328	2523.150879
2041.824219	2525.671143
2045.035156	2530.501709
2048.244141	2448.334961
2051.451172	2448.516602
2054.658203	2513.421143
2057.865234	2554.480469
2061.068359	2496.868164
2064.271484	2515.580811
2067.474609	2531.220215
2070.673828	2386.29248
2073.875	2420.428467
2077.072266	2439.9104
2080.269531	2495.733887
2083.464844	2521.444824
2086.660156	2591.265381
2089.853516	2499.412598
2093.044922	2469.417236
2096.236328	2553.236328
2099.425781	2513.165771
2102.613281	2489.339111
2105.800781	2522.091064
2108.986328	2476.530762
2112.169922	2562.839844
2115.353516	2462.924072
2118.535156	2515.903564
2121.716797	2529.305908
2124.896484	2550.489014
2128.074219	2543.701172
2131.251953	2532.240967
2134.427734	2519.215576
2137.603516	2500.730957
2140.777344	2539.849365
2143.949219	2512.789307
2147.119141	2509.084229
2150.289063	2492.90332
2153.458984	2497.764648
2156.625	2497.948486
2159.791016	2479.401611
2162.957031	2515.490234
2166.121094	2496.934814
2169.283203	2478.364258
2172.445313	2524.653809
2175.603516	2524.844727
2178.763672	2525.035156
2181.921875	2478.273193
2185.078125	2485.490234
2188.232422	2540.483398
2191.386719	2519.524902
2194.539063	2504.819824
2197.691406	2490.886719
2200.841797	2487.138672
2203.990234	2526.54248
2207.138672	2514.95459
2210.285156	2511.209961
2213.429688	2487.037354
2216.574219	2540.644531
2219.71875	2535.331299
2222.859375	2482.826172
2226	2497.940918
2229.140625	2507.557129
2232.279297	2492.772217
2235.416016	2493.728516
2238.550781	2544.32666
2241.685547	2457.805176
2244.820313	2548.643799
2247.951172	2529.110107
2251.082031	2533.23584
2254.212891	2491.574951
2257.341797	2518.591797
2260.46875	2507.705078
2263.595703	2510.24585
2266.720703	2511.997314
2269.84375	2509.003662
2272.966797	2476.729248
2276.087891	2497.466309
2279.208984	2510.299805
2282.328125	2509.675049
2285.445313	2530.446777
2288.5625	2501.287354
2291.677734	2508.587646
2294.792969	2525.413818
2297.90625	2525.584473
2301.017578	2530.518799
2304.128906	2567.22876
2307.238281	2464.113281
2310.345703	2513.543701
2313.453125	2496.212158
2316.558594	2509.096924
2319.664063	2497.320068
2322.767578	2546.836182
2325.871094	2618.689697
2328.972656	2695.377686
2332.072266	2607.135254
2335.169922	2547.529297
2338.267578	2507.818848
2341.365234	2497.602051
2344.460938	2528.88623
2347.554688	2541.028076
2350.648438	2526.816162
2353.740234	2440.667236
2356.830078	2486.365723
2359.919922	2531.29834
2363.007813	2491.456055
2366.095703	2525.218262
2369.181641	2526.978027
2372.265625	2547.161377
2375.349609	2540.916504
2378.431641	2480.157471
2381.513672	2503.552002
2384.59375	2534.985596
2387.673828	2523.106689
2390.75	2573.838135
2393.828125	2582.041992
2396.902344	2471.343994
2399.976563	2486.747559
2403.050781	2555.228516
2406.123047	2557.000732
2409.193359	2570.03833
2412.262695	2511.444824
2415.331055	2555.87915
2418.398438	2564.901611
2421.464844	2557.007324
2424.530273	2535.401611
2427.59375	2540.392578
2430.65625	2567.976563
2433.717773	2581.053223
2436.77832	2561.843506
2439.837891	2573.311279
2442.895508	2625.994873
2445.953125	2560.705322
2449.008789	2549.542725
2452.063477	2525.428467
2455.117188	2571.69751
2458.168945	2571.048584
2461.220703	2568.778564
2464.270508	2530.860596
2467.319336	2531.00415
2470.367188	2608.978516
2473.413086	2586.440918
2476.458984	2564.697021
2479.50293	2588.389404
2482.545898	2517.910645
2485.587891	2535.916016
2488.628906	2533.619873
2491.668945	2570.339844
2494.707031	2546.097656
2497.745117	2562.51123
2500.78125	2571.612549
2503.816406	2576.649658
2506.850586	2572.731201
2509.882813	2532.146973
2512.915039	2556.733643
2515.945313	2595.19873
2518.974609	2619.826416
2522.00293	2612.650146
2525.030273	2543.432861
2528.056641	2567.250488
2531.081055	2540.439697
2534.105469	2544.660889
2537.12793	2572.591309
2540.149414	2592.364258
2543.169922	2597.425781
2546.188477	2582.849365
2549.207031	2598.552979
2552.223633	2554.480469
2555.239258	2544.7854
2558.254883	2553.114258
2561.267578	2552.429443
2564.280273	2620.643066
2567.291992	2584.69873
2570.301758	2619.31958
2573.311523	2537.362061
2576.319336	2615.527344
2579.326172	2567.198242
2582.332031	2630.634521
2585.335938	2590.497803
2588.339844	2623.549561
2591.341797	2626.174561
2594.34375	2554.703857
2597.34375	2576.246826
2600.342773	2617.579346
2603.34082	2630.094238
2606.336914	2661.582275
2609.333008	2605.660156
2612.327148	2652.013916
2615.320313	2660.430664
2618.313477	2608.572754
2621.304688	2673.150879
2624.293945	2668.361084
2627.283203	2630.499756
2630.271484	2672.000732
2633.257813	2621.702148
2636.243164	2711.230469
2639.227539	2679.121826
2642.210938	2640.362793
2645.193359	2596.603271
2648.174805	2648.126709
2651.155273	2694.712891
2654.133789	2636.822266
2657.112305	2659.374756
2660.088867	2671.152344
2663.064453	2711.170898
2666.039063	2680.610352
2669.012695	2659.998535
2671.984375	2646.852539
2674.956055	2706.045898
2677.925781	2689.578369
2680.895508	2696.400146
2683.863281	2662.432373
2686.830078	2675.077881
2689.795898	2705.228271
2692.760742	2685.392822
2695.723633	2658.03833
2698.686523	2689.048096
2701.647461	2683.367432
2704.608398	2703.557129
2707.567383	2693.701416
2710.525391	2782.403809
2713.482422	2714.911133
2716.438477	2737.647949
2719.392578	2732.804932
2722.34668	2812.448486
2725.299805	2757.41748
2728.250977	2755.086182
2731.201172	2764.477051
2734.150391	2765.496338
2737.098633	2737.182861
2740.045898	2780.949951
2742.992188	2776.103516
2745.9375	2729.302734
2748.881836	2768.916504
2751.824219	2742.228271
2754.765625	2766.755859
2757.707031	2713.998291
2760.646484	2700.707275
2763.584961	2728.608398
2766.522461	2753.164551
2769.458984	2818.970947
2772.393555	2780.442871
2775.328125	2826.937988
2778.261719	2760.583496
2781.193359	2786.036377
2784.124023	2782.843994
2787.054688	2718.928467
2789.983398	2731.737305
2792.911133	2798.568359
2795.837891	2732.897461
2798.762695	2734.744141
2801.6875	2744.195557
2804.611328	2755.34375
2807.533203	2739.443359
2810.455078	2737.063477
2813.375	2700.836182
2816.293945	2739.068359
2819.211914	2761.239502
2822.129883	2762.25
2825.045898	2814.102539
2827.959961	2798.178223
2830.874023	2772.065918
2833.787109	2831.611816
2836.698242	2912.415527
2839.609375	2917.724365
2842.518555	3007.109619
2845.427734	3060.029541
2848.334961	3176.72583
2851.241211	3254.399414
2854.146484	3346.586914
2857.050781	3374.181885
2859.954102	3393.285156
2862.856445	3504.352783
2865.757813	3612.09375
2868.657227	3715.652344
2871.556641	3791.158691
2874.454102	3876.950928
2877.351563	3886.89209
2880.24707	3943.769043
2883.141602	3877.772217
2886.036133	3905.653564
2888.928711	3877.177734
2891.820313	3907.640869
2894.710938	4027.025635
2897.599609	4031.054932
2900.488281	4056.471924
2903.375977	4148.654785
2906.262695	4157.865723
2909.147461	4217.608398
2912.032227	4315.087402
2914.915039	4494.050293
2917.797852	4502.539063
2920.678711	4697.992188
2923.558594	4777.766602
2926.4375	4822.410645
2929.31543	4861.075684
2932.192383	4886.884766
2935.068359	4954.811035
2937.943359	4895.58252
2940.817383	4790.741211
2943.69043	4752.050293
2946.561523	4672.030762
2949.432617	4497.272949
2952.301758	4398.158691
2955.170898	4188.719238
2958.038086	4231.593262
2960.905273	4207.263184
2963.770508	4139.800781
2966.634766	4133.532715
2969.499023	4073.759277
2972.361328	4078.682861
2975.222656	3926.447266
2978.083008	3855.301758
2980.942383	3843.730225
2983.800781	3724.091797
2986.657227	3700.356201
2989.513672	3611.721191
2992.369141	3488.405762
2995.223633	3474.945313
2998.076172	3321.179443
3000.928711	3244.405518
3003.779297	3212.640869
3006.629883	3145.307373
3009.478516	3083.128662
3012.327148	3027.844727
3015.173828	3015.047119
3018.019531	2985.743896
3020.865234	2942.522705
3023.708984	2814.124756
3026.551758	2842.947998
3029.393555	2884.832764
3032.234375	2872.821777
3035.074219	2851.230957
3037.913086	2860.087158
3040.750977	2849.793945
3043.587891	2908.30249
3046.423828	2957.267822
3049.258789	2924.33374
3052.091797	2915.790039
3054.924805	2915.962158
3057.756836	2932.712646
3060.586914	2963.44043
3063.416992	2977.599121
3066.246094	2977.790771
3069.073242	2931.669678
3071.900391	2986.914307
3074.725586	2904.035156
3077.550781	2939.188721
3080.374023	2866.73291
3083.196289	2822.236816
3086.018555	2861.775391
3088.838867	2867.177002
3091.658203	2848.921143
3094.477539	2836.788086
3097.294922	2801.845215
3100.111328	2780.035645
3102.926758	2784.537109
3105.741211	2774.116943
3108.554688	2825.162598
3111.367188	2784.000488
3114.178711	2825.417725
3116.990234	2752.576172
3119.799805	2845.897949
3122.607422	2814.359375
3125.415039	2816.240723
3128.22168	2846.294922
3131.027344	2748.668213
3133.832031	2759.336426
3136.635742	2738.283691
3139.438477	2741.901123
3142.240234	2712.006592
3145.041016	2785.315186
3147.839844	2775.712646
3150.638672	2767.868652
3153.436523	2804.178711
3156.233398	2773.366455
3159.02832	2775.233398
3161.823242	2838.991455
3164.617188	2792.236572
3167.410156	2789.686523
3170.201172	2745.534912
3172.992188	2794.318604
3175.782227	2796.193115
3178.570313	2761.741455
3181.358398	2715.742432
3184.144531	2730.88916
3186.930664	2793.055176
3189.71582	2708.863525
3192.499023	2763.076172
3195.282227	2736.5271
3198.063477	2769.469238
3200.844727	2744.599121
