399.333984	1086.866455
403.220703	1060.631714
407.103516	1089.082397
410.986328	1066.007324
414.867188	1060.102661
418.748047	1061.836426
422.625	1047.002686
426.501953	1052.556641
430.375	1016.65802
434.248047	1056.659302
438.119141	1028.390991
441.988281	1019.895386
445.855469	1018.420105
449.722656	1014.386536
453.585938	1018.022705
457.449219	1019.102783
461.310547	1024.02356
465.169922	999.494873
469.027344	1016.581665
472.882813	1038.168823
476.736328	1007.843384
480.589844	1026.237793
484.441406	1011.922363
488.289063	1002.729858
492.136719	1032.062866
495.984375	999.097839
499.828125	1055.450928
503.669922	1057.835205
507.511719	1032.557739
511.351563	1038.795288
515.189453	1048.257446
519.025391	1039.690552
522.859375	1063.338501
526.691406	1029.625854
530.523438	1045.549072
534.351563	1024.05957
538.179688	1072.271362
542.005859	1041.08667
545.830078	1058.97937
549.654297	1030.347046
553.474609	1059.243286
557.294922	1070.049561
561.113281	1016.789612
564.927734	1028.881348
568.744141	1004.707458
572.556641	1019.395996
576.367188	1017.888489
580.177734	1012.487671
583.986328	1009.67749
587.792969	1041.9198
591.597656	1001.451233
595.400391	1040.214355
599.201172	965.259399
603.001953	970.875183
606.800781	971.290955
610.597656	973.008545
614.392578	1003.376587
618.185547	1016.182617
621.976563	1010.752258
625.767578	1002.709167
629.556641	1010.312561
633.34375	1030.972412
637.128906	1027.496338
640.912109	1022.0578
644.693359	1028.374634
648.474609	1064.109863
652.253906	1049.524292
656.03125	1021.18811
659.806641	1030.131958
663.580078	1053.487671
667.353516	1078.173096
671.123047	1058.973755
674.892578	1070.57019
678.660156	1046.103638
682.425781	1072.139038
686.191406	1052.246704
689.953125	1042.84436
693.714844	1058.399048
697.474609	1083.825684
701.232422	1069.163452
704.988281	1057.119873
708.744141	1066.782959
712.498047	1059.994507
716.248047	1084.157104
719.998047	1126.131226
723.748047	1134.520508
727.494141	1122.472046
731.240234	1097.877197
734.982422	1118.80542
738.724609	1107.394287
742.464844	1136.271118
746.205078	1129.483398
749.941406	1184.84082
753.677734	1169.468262
757.412109	1136.876953
761.144531	1142.655151
764.875	1147.775635
768.605469	1158.200806
772.332031	1173.274536
776.058594	1183.718628
779.783203	1237.957642
783.505859	1219.897827
787.228516	1219.750122
790.947266	1200.338135
794.666016	1191.542236
798.382813	1211.326294
802.097656	1181.243164
805.8125	1211.019897
809.523438	1218.854248
813.234375	1210.71167
816.943359	1183.241089
820.650391	1231.730347
824.357422	1242.252319
828.060547	1234.104614
831.763672	1239.964355
835.464844	1160.369873
839.164063	1174.217896
842.861328	1168.031006
846.558594	1181.224731
850.253906	1249.9375
853.947266	1241.766479
857.638672	1190.750732
861.328125	1226.742065
865.017578	1211.85083
868.705078	1202.30835
872.390625	1193.427856
876.074219	1197.954468
879.755859	1223.95752
883.4375	1241.255127
887.117188	1233.046265
890.794922	1204.002075
894.470703	1205.852417
898.146484	1239.308716
901.818359	1198.793213
905.490234	1213.42981
909.160156	1189.027588
912.830078	1185.485229
916.496094	1188.678223
920.162109	1199.963135
923.826172	1201.815308
927.488281	1169.933594
931.148438	1157.599365
934.808594	1179.693237
938.466797	1218.018433
942.123047	1206.36377
945.777344	1218.363037
949.429688	1195.199219
953.082031	1207.879883
956.732422	1213.801147
960.380859	1207.536621
964.027344	1172.810059
967.673828	1201.091187
971.318359	1190.743774
974.960938	1195.31189
978.601563	1212.778198
982.240234	1205.137573
985.878906	1185.943237
989.515625	1219.734985
993.150391	1250.155518
996.783203	1216.673096
1000.416016	1326.040039
1004.044922	1310.938354
1007.673828	1259.053101
1011.302734	1214.617554
1014.927734	1219.213135
1018.552734	1174.723267
1022.175781	1176.577026
1025.796875	1216.643921
1029.416016	1197.354126
1033.035156	1207.413818
1036.650391	1214.748657
1040.265625	1183.813599
1043.880859	1219.862793
1047.492188	1236.787964
1051.103516	1222.246704
1054.712891	1217.277954
1058.320313	1202.715942
1061.925781	1211.438354
1065.53125	1212.627197
1069.134766	1236.447388
1072.736328	1217.751343
1076.335938	1250.515137
1079.935547	1256.527344
1083.533203	1253.61438
1087.128906	1225.959595
1090.722656	1241.592896
1094.316406	1249.67334
1097.90625	1284.594238
1101.496094	1280.308472
1105.085938	1298.743408
1108.671875	1237.279785
1112.257813	1239.860107
1115.841797	1247.957886
1119.423828	1222.263672
1123.003906	1255.89209
1126.583984	1316.471191
1130.162109	1224.472656
1133.738281	1211.161133
1137.314453	1208.206177
1140.886719	1176.897827
1144.458984	1196.062012
1148.029297	1203.476929
1151.599609	1227.513794
1155.166016	1173.303711
1158.732422	1207.740845
1162.296875	1235.274292
1165.861328	1251.040894
1169.421875	1210.625
1172.982422	1247.909424
1176.541016	1260.922363
1180.097656	1213.513306
1183.654297	1224.437378
1187.208984	1230.503784
1190.761719	1260.221436
1194.3125	1215.515503
1197.863281	1270.30896
1201.412109	1263.172363
1204.958984	1355.648193
1208.503906	1278.151245
1212.048828	1293.318726
1215.591797	1320.355713
1219.132813	1327.876709
1222.671875	1402.418091
1226.210938	1421.1521
1229.748047	1426.626831
1233.283203	1376.191406
1236.816406	1434.092773
1240.349609	1438.179443
1243.880859	1422.675049
1247.410156	1413.45813
1250.939453	1475.670654
1254.464844	1424.427979
1257.990234	1422.208862
1261.513672	1434.011963
1265.037109	1399.524414
1268.558594	1419.748779
1272.078125	1369.780273
1275.595703	1407.567871
1279.111328	1400.415405
1282.626953	1398.880249
1286.140625	1426.176514
1289.652344	1450.680664
1293.164063	1467.462402
1296.673828	1483.553467
1300.181641	1505.996826
1303.6875	1507.317627
1307.193359	1540.362915
1310.697266	1552.276978
1314.199219	1556.439453
1317.699219	1558.487305
1321.199219	1516.756714
1324.697266	1527.266235
1328.193359	1564.63855
1331.689453	1587.194214
1335.181641	1589.964111
1338.673828	1536.838013
1342.166016	1547.375122
1345.654297	1563.585693
1349.142578	1497.630615
1352.628906	1449.339478
1356.115234	1422.988037
1359.597656	1424.986694
1363.080078	1450.403076
1366.5625	1456.673096
1370.041016	1434.541016
1373.519531	1418.784668
1376.996094	1407.279663
1380.470703	1444.115479
1383.945313	1446.837158
1387.417969	1463.792969
1390.888672	1433.064575
1394.357422	1425.813232
1397.826172	1427.817993
1401.292969	1371.376587
1404.757813	1417.569946
1408.222656	1374.631348
1411.683594	1425.144775
1415.144531	1442.144043
1418.605469	1440.586914
1422.0625	1410.447754
1425.519531	1486.074463
1428.976563	1447.34729
1432.429688	1433.626831
1435.882813	1533.686768
1439.333984	1560.799316
1442.783203	1587.933472
1446.232422	1613.656006
1449.679688	1614.309937
1453.125	1602.772705
1456.570313	1574.725342
1460.011719	1571.056763
1463.453125	1567.384766
1466.894531	1562.991211
1470.332031	1490.328735
1473.769531	1504.59021
1477.207031	1493.692261
1480.640625	1504.36853
1484.074219	1460.352783
1487.505859	1471.023438
1490.935547	1425.517334
1494.365234	1398.709961
1497.792969	1384.135864
1501.21875	1373.876953
1504.644531	1354.22998
1508.066406	1379.317017
1511.490234	1323.552246
1514.910156	1386.931519
1518.330078	1374.483276
1521.748047	1368.531006
1525.164063	1377.761597
1528.580078	1394.234497
1531.992188	1357.881714
1535.40625	1393.186035
1538.816406	1423.447632
1542.226563	1394.308472
1545.634766	1370.945313
1549.041016	1423.717041
1552.447266	1451.861572
1555.851563	1513.417969
1559.253906	1457.386963
1562.65625	1476.134155
1566.056641	1500.709961
1569.455078	1516.580811
1572.851563	1525.918091
1576.248047	1564.367065
1579.642578	1546.797852
1583.035156	1497.901611
1586.427734	1484.661743
1589.818359	1501.291016
1593.207031	1496.790039
1596.595703	1476.238892
1599.982422	1473.912476
1603.367188	1496.402222
1606.751953	1499.192871
1610.132813	1531.937622
1613.513672	1476.277588
1616.894531	1500.265137
1620.273438	1504.523193
1623.650391	1507.320923
1627.025391	1518.904541
1630.400391	1501.2052
1633.773438	1504.003784
1637.144531	1528.790771
1640.513672	1575.592285
1643.882813	1555.685425
1647.251953	1592.995605
1650.617188	1630.335083
1653.982422	1630.252441
1657.345703	1622.822876
1660.707031	1683.73584
1664.068359	1663.08667
1667.427734	1646.833862
1670.787109	1646.755493
1674.142578	1646.676636
1677.498047	1582.530273
1680.853516	1541.169922
1684.205078	1547.680664
1687.556641	1504.798096
1690.90625	1535.638672
1694.255859	1490.502686
1697.603516	1505.121826
1700.949219	1428.183228
1704.294922	1430.229614
1707.638672	1407.888672
1710.980469	1420.278687
1714.320313	1400.134155
1717.660156	1383.672974
1720.998047	1379.04187
1724.335938	1346.266968
1727.669922	1374.212646
1731.003906	1376.9823
1734.337891	1364.184448
1737.669922	1358.792969
1741	1367.494873
1744.328125	1335.377319
1747.65625	1369.323975
1750.982422	1364.66748
1754.306641	1347.373169
1757.630859	1342.703613
1760.953125	1338.773804
1764.273438	1369.811279
1767.59375	1368.865845
1770.912109	1351.537109
1774.228516	1367.716675
1777.544922	1342.920654
1780.859375	1375.510742
1784.171875	1312.660156
1787.484375	1343.77124
1790.792969	1348.78186
1794.103516	1357.529663
1797.410156	1352.837891
1800.716797	1330.954102
1804.023438	1342.694702
1807.326172	1315.553467
1810.628906	1363.95813
1813.929688	1348.779053
1817.230469	1335.834106
1820.529297	1341.605591
1823.826172	1396.09082
1827.123047	1392.144165
1830.417969	1368.694946
1833.710938	1328.720947
1837.001953	1368.274658
1840.292969	1348.541382
1843.583984	1359.5896
1846.871094	1364.634644
1850.158203	1340.365112
1853.443359	1355.182495
1856.728516	1360.230713
1860.011719	1340.445557
1863.292969	1347.750122
1866.574219	1372.384399
1869.853516	1339.769653
1873.130859	1346.327759
1876.408203	1361.940186
1879.683594	1354.177612
1882.957031	1342.63501
1886.230469	1379.403687
1889.501953	1341.425537
1892.771484	1332.88562
1896.041016	1384.055054
1899.308594	1346.789063
1902.574219	1314.78894
1905.839844	1366.767334
1909.103516	1368.061279
1912.365234	1384.50354
1915.626953	1387.32019
1918.886719	1350.723511
1922.146484	1367.935669
1925.402344	1370.748047
1928.658203	1362.179199
1931.914063	1387.765991
1935.167969	1392.107422
1938.419922	1330.352173
1941.669922	1331.633545
1944.919922	1401.348145
1948.167969	1387.444458
1951.416016	1351.461792
1954.662109	1377.873657
1957.90625	1376.128296
1961.150391	1346.95459
1964.392578	1378.729614
1967.632813	1343.433838
1970.873047	1369.892578
1974.111328	1385.689087
1977.347656	1394.627441
1980.583984	1371.499634
1983.818359	1369.743652
1987.050781	1355.758057
1990.283203	1363.168335
1993.513672	1381.291748
1996.744141	1389.4823
1999.970703	1366.296143
2003.199219	1353.046021
2006.423828	1355.105957
2009.648438	1335.709839
2012.871094	1373.028687
2016.09375	1380.466187
2019.314453	1359.521973
2022.533203	1373.867065
2025.751953	1358.277954
2028.96875	1358.038818
2032.183594	1373.935913
2035.398438	1377.545654
2038.611328	1362.701416
2041.824219	1388.619141
2045.035156	1375.306152
2048.244141	1360.442627
2051.451172	1335.554565
2054.658203	1342.237793
2057.865234	1378.987793
2061.068359	1370.270142
2064.271484	1373.116699
2067.474609	1385.997437
2070.673828	1391.167603
2073.875	1380.123047
2077.072266	1390.702637
2080.269531	1390.46936
2083.464844	1398.740845
2086.660156	1380.718994
2089.853516	1394.40918
2093.044922	1383.338013
2096.236328	1349.025635
2099.425781	1352.647217
2102.613281	1341.546021
2105.800781	1352.920044
2108.986328	1375.936646
2112.169922	1369.486084
2115.353516	1380.883057
2118.535156	1362.781128
2121.716797	1343.111084
2124.896484	1348.293335
2128.074219	1392.349854
2131.251953	1392.110352
2134.427734	1356.859741
2137.603516	1406.417969
2140.777344	1376.595215
2143.949219	1355.317139
2147.119141	1379.217163
2150.289063	1364.15918
2153.458984	1360.786621
2156.625	1357.411011
2159.791016	1347.789185
2162.957031	1363.923584
2166.121094	1401.938599
2169.283203	1348.567627
2172.445313	1390.513672
2175.603516	1357.426514
2178.763672	1397.84314
2181.921875	1382.730957
2185.078125	1368.389648
2188.232422	1376.747681
2191.386719	1404.697876
2194.539063	1355.863037
2197.691406	1346.192139
2200.841797	1404.750977
2203.990234	1391.952271
2207.138672	1368.154175
2210.285156	1324.706421
2213.429688	1386.488037
2216.574219	1394.093262
2219.71875	1422.930054
2222.859375	1384.153931
2226	1359.509277
2229.140625	1413.550781
2232.279297	1412.518433
2235.416016	1387.067627
2238.550781	1369.476563
2241.685547	1356.601196
2244.820313	1344.504272
2247.951172	1393.929321
2251.082031	1388.150146
2254.212891	1391.050415
2257.341797	1397.111572
2260.46875	1387.37561
2263.595703	1383.164429
2266.720703	1414.530396
2269.84375	1377.10437
2272.966797	1355.47522
2276.087891	1352.827271
2279.208984	1363.63916
2282.328125	1380.004395
2285.445313	1392.419312
2288.5625	1409.60022
2291.677734	1368.104248
2294.792969	1375.767456
2297.90625	1352.481445
2301.017578	1428.428955
2304.128906	1372.577759
2307.238281	1373.101563
2310.345703	1354.547241
2313.453125	1400.391724
2316.558594	1374.673218
2319.664063	1392.705566
2322.767578	1416.324341
2325.871094	1448.721558
2328.972656	1526.557373
2332.072266	1500.039185
2335.169922	1382.602783
2338.267578	1366.378418
2341.365234	1354.131226
2344.460938	1387.375122
2347.554688	1365.543091
2350.648438	1390.028442
2353.740234	1376.971069
2356.830078	1367.101318
2359.919922	1394.01355
2363.007813	1375.341309
2366.095703	1419.88501
2369.181641	1381.991089
2372.265625	1443.391479
2375.349609	1407.07959
2378.431641	1402.804077
2381.513672	1414.562988
2384.59375	1390.231079
2387.673828	1382.733154
2390.75	1377.637695
2393.828125	1426.34729
2396.902344	1393.143921
2399.976563	1376.793335
2403.050781	1374.098755
2406.123047	1391.510254
2409.193359	1409.739258
2412.262695	1362.780884
2415.331055	1376.180664
2418.398438	1373.479126
2421.464844	1382.057251
2424.530273	1386.610718
2427.59375	1441.97522
2430.65625	1419.123657
2433.717773	1393.026245
2436.77832	1379.019531
2439.837891	1385.194214
2442.895508	1402.685303
2445.953125	1441.205078
2449.008789	1412.63916
2452.063477	1446.337646
2455.117188	1426.652832
2458.168945	1402.905273
2461.220703	1406.673584
2464.270508	1379.659302
2467.319336	1415.838623
2470.367188	1346.648071
2473.413086	1411.228394
2476.458984	1411.759888
2479.50293	1417.161377
2482.545898	1386.840088
2485.587891	1423.102051
2488.628906	1404.135742
2491.668945	1396.535034
2494.707031	1436.906616
2497.745117	1400.026001
2500.78125	1389.159058
2503.816406	1366.886108
2506.850586	1395.089722
2509.882813	1463.235474
2512.915039	1415.698486
2515.945313	1408.89209
2518.974609	1414.314697
2522.00293	1423.820801
2525.030273	1416.192505
2528.056641	1387.327759
2531.081055	1373.961304
2534.105469	1386.734009
2537.12793	1410.960449
2540.149414	1416.395874
2543.169922	1408.745605
2546.188477	1399.452515
2549.207031	1449.098511
2552.223633	1436.536987
2555.239258	1426.423462
2558.254883	1489.248291
2561.267578	1451.268921
2564.280273	1452.631958
2567.291992	1481.073364
2570.301758	1461.105835
2573.311523	1468.221191
2576.319336	1441.661499
2579.326172	1440.556519
2582.332031	1419.720581
2585.335938	1432.586304
2588.339844	1427.362305
2591.341797	1464.929688
2594.34375	1419.371338
2597.34375	1447.903442
2600.342773	1452.562866
2603.34082	1442.389526
2606.336914	1437.155396
2609.333008	1450.063477
2612.327148	1441.5271
2615.320313	1456.922119
2618.313477	1473.154053
2621.304688	1471.224243
2624.293945	1480.035522
2627.283203	1471.492676
2630.271484	1470.386108
2633.257813	1415.504028
2636.243164	1507.894409
2639.227539	1471.198853
2642.210938	1458.494019
2645.193359	1485.548706
2648.174805	1460.406616
2651.155273	1460.948975
2654.133789	1486.374878
2657.112305	1480.288452
2660.088867	1436.844238
2663.064453	1451.493652
2666.039063	1453.693237
2669.012695	1451.73938
2671.984375	1520.44397
2674.956055	1524.333862
2677.925781	1510.756104
2680.895508	1514.644531
2683.863281	1486.899414
2686.830078	1504.939575
2689.795898	1528.824707
2692.760742	1556.894409
2695.723633	1492.43689
2698.686523	1502.163574
2701.647461	1521.075439
2704.608398	1525.811157
2707.567383	1495.480225
2710.525391	1535.292114
2713.482422	1537.530518
2716.438477	1563.176025
2719.392578	1545.356079
2722.34668	1562.657349
2725.299805	1539.802124
2728.250977	1508.558228
2731.201172	1524.189087
2734.150391	1546.533325
2737.098633	1598.226563
2740.045898	1559.411133
2742.992188	1566.695313
2745.9375	1566.433472
2748.881836	1586.314697
2751.824219	1536.520996
2754.765625	1579.923462
2757.707031	1532.61084
2760.646484	1542.420776
2763.584961	1521.12561
2766.522461	1539.349609
2769.458984	1574.416382
2772.393555	1525.329224
2775.328125	1546.100098
2778.261719	1486.014404
2781.193359	1527.010864
2784.124023	1560.449707
2787.054688	1606.562866
2789.983398	1539.6604
2792.911133	1520.814209
2795.837891	1561.896973
2798.762695	1574.293823
2801.6875	1574.870972
2804.611328	1528.96228
2807.533203	1520.221924
2810.455078	1531.774414
2813.375	1584.795288
2816.293945	1523.585571
2819.211914	1556.319702
2822.129883	1526.395142
2825.045898	1569.321899
2827.959961	1624.147095
2830.874023	1578.101807
2833.787109	1603.279297
2836.698242	1621.685913
2839.609375	1670.666626
2842.518555	1719.682861
2845.427734	1830.75061
2848.334961	1932.550659
2851.241211	1985.115601
2854.146484	2004.550293
2857.050781	2058.880371
2859.954102	2093.674805
2862.856445	2135.30542
2865.757813	2234.881836
2868.657227	2378.835449
2871.556641	2459.821045
2874.454102	2567.296875
2877.351563	2547.760986
2880.24707	2520.531006
2883.141602	2528.276855
2886.036133	2532.612305
2888.928711	2583.930908
2891.820313	2583.161621
2894.710938	2639.663574
2897.599609	2709.032959
2900.488281	2673.233887
2903.375977	2764.914063
2906.262695	2792.455811
2909.147461	2885.101074
2912.032227	2938.405762
2914.915039	3079.161377
2917.797852	3202.015137
2920.678711	3238.338623
2923.558594	3321.873291
2926.4375	3429.498535
2929.31543	3434.175781
2932.192383	3470.633057
2935.068359	3439.241943
2937.943359	3474.866455
2940.817383	3398.743652
2943.69043	3259.777588
2946.561523	3139.63916
2949.432617	3023.716797
2952.301758	2956.788818
2955.170898	2922.542725
2958.038086	2848.63501
2960.905273	2784.155029
2963.770508	2793.783691
2966.634766	2724.922852
2969.499023	2696.568115
2972.361328	2618.125977
2975.222656	2586.256836
2978.083008	2535.359863
2980.942383	2461.093506
2983.800781	2473.21875
2986.657227	2367.743652
2989.513672	2285.549072
2992.369141	2183.390625
2995.223633	2195.431152
2998.076172	2096.629883
3000.928711	2005.553711
3003.779297	1994.142578
3006.629883	1911.632568
3009.478516	1859.416992
3012.327148	1814.104126
3015.173828	1785.248169
3018.019531	1785.889893
3020.865234	1665.808228
3023.708984	1687.258545
3026.551758	1657.444702
3029.393555	1631.086914
3032.234375	1664.723267
3035.074219	1674.891479
3037.913086	1669.399658
3040.750977	1682.188232
3043.587891	1678.436401
3046.423828	1696.464478
3049.258789	1707.531982
3052.091797	1696.808472
3054.924805	1686.949097
3057.756836	1730.309204
3060.586914	1690.776001
3063.416992	1753.37793
3066.246094	1765.360962
3069.073242	1729.29187
3071.900391	1724.665405
3074.725586	1695.550781
3077.550781	1683.0354
3080.374023	1633.75769
3083.196289	1601.952026
3086.018555	1595.518555
3088.838867	1587.328003
3091.658203	1575.626099
3094.477539	1627.909668
3097.294922	1591.658569
3100.111328	1667.670532
3102.926758	1577.875122
3105.741211	1616.186523
3108.554688	1603.589355
3111.367188	1627.001831
3114.178711	1607.368286
3116.990234	1572.775024
3119.799805	1606.753906
3122.607422	1624.920898
3125.415039	1594.696289
3128.22168	1593.502563
3131.027344	1601.995361
3133.832031	1570.848267
3136.635742	1594.320923
3139.438477	1569.319702
3142.240234	1612.210693
3145.041016	1573.081055
3147.839844	1575.404541
3150.638672	1583.026611
3153.436523	1557.092041
3156.233398	1547.041992
3159.02832	1542.287354
3161.823242	1539.297485
3164.617188	1576.990112
3167.410156	1579.318237
3170.201172	1590.498535
3172.992188	1595.488647
3175.782227	1574.796143
3178.570313	1598.390015
3181.358398	1627.318237
3184.144531	1553.414917
3186.930664	1556.625
3189.71582	1600.651733
3192.499023	1560.388062
3195.282227	1562.714966
3198.063477	1590.801636
3200.844727	1581.03125
