399.333984	1559.748657
403.220703	1545.800781
407.103516	1566.828247
410.986328	1526.140625
414.867188	1544.630127
418.748047	1507.718506
422.625	1500.725098
426.501953	1479.699585
430.375	1469.498169
434.248047	1496.296021
438.119141	1477.793335
441.988281	1482.903564
445.855469	1454.794556
449.722656	1486.744263
453.585938	1496.97937
457.449219	1511.061401
461.310547	1477.794067
465.169922	1468.828491
469.027344	1460.495361
472.882813	1459.844727
476.736328	1436.753906
480.589844	1481.630859
484.441406	1442.486694
488.289063	1501.526978
492.136719	1515.661743
495.984375	1483.547852
499.828125	1523.397583
503.669922	1493.1875
507.511719	1482.894531
511.351563	1523.437744
515.189453	1522.162476
519.025391	1504.137207
522.859375	1520.89624
526.691406	1468.038818
530.523438	1513.820923
534.351563	1551.898682
538.179688	1539.009644
542.005859	1564.213379
545.830078	1578.454346
549.654297	1548.752563
553.474609	1522.904785
557.294922	1531.32251
561.113281	1498.324585
564.927734	1519.688232
568.744141	1524.875122
572.556641	1519.697144
576.367188	1485.987549
580.177734	1469.112427
583.986328	1521.005127
587.792969	1493.743042
591.597656	1509.320801
595.400391	1532.05835
599.201172	1486.564453
603.001953	1500.8573
606.800781	1498.897827
610.597656	1490.427856
614.392578	1489.76355
618.185547	1539.907471
621.976563	1522.971069
625.767578	1506.019653
629.556641	1543.188843
633.34375	1521.01062
637.128906	1528.188721
640.912109	1534.066284
644.693359	1560.202393
648.474609	1543.87439
652.253906	1546.495361
656.03125	1557.622559
659.806641	1588.392822
663.580078	1586.45166
667.353516	1591.713623
671.123047	1636.297852
674.892578	1591.760132
678.660156	1585.224121
682.425781	1588.524292
686.191406	1603.642456
689.953125	1593.818237
693.714844	1639.828735
697.474609	1603.062988
701.232422	1612.950806
704.988281	1574.167847
708.744141	1659.074585
712.498047	1642.662354
716.248047	1687.491089
719.998047	1723.791382
723.748047	1747.59668
727.494141	1738.446777
731.240234	1668.588623
734.982422	1679.19812
738.724609	1667.364624
742.464844	1734.134644
746.205078	1693.894531
749.941406	1705.192139
753.677734	1740.973022
757.412109	1755.608032
761.144531	1694.121948
764.875	1755.109863
768.605469	1738.626343
772.332031	1832.827148
776.058594	1903.897095
779.783203	1895.415283
783.505859	1910.819336
787.228516	1904.324097
790.947266	1805.489258
794.666016	1807.582153
798.382813	1801.698242
802.097656	1877.618042
805.8125	1823.183838
809.523438	1857.238281
813.234375	1841.374023
816.943359	1828.827026
820.650391	1843.596313
824.357422	1845.708252
828.060547	1870.502441
831.763672	1848.601318
835.464844	1796.637207
839.164063	1809.417725
842.861328	1803.498657
846.558594	1839.689087
850.253906	1863.871582
853.947266	1855.290161
857.638672	1824.612915
861.328125	1852.16626
865.017578	1821.460815
868.705078	1820.217041
872.390625	1820.312622
876.074219	1849.25
879.755859	1815.134399
883.4375	1844.764282
887.117188	1858.300171
890.794922	1879.237671
894.470703	1863.223511
898.146484	1876.782715
901.818359	1857.389404
905.490234	1852.7854
909.160156	1838.750977
912.830078	1807.86499
916.496094	1855.119629
920.162109	1812.753296
923.826172	1818.909058
927.488281	1823.719971
931.148438	1856.208984
934.808594	1842.131104
938.466797	1856.414063
942.123047	1813.262695
945.777344	1851.208618
949.429688	1893.920654
953.082031	1888.623413
956.732422	1833.90271
960.380859	1855.664795
964.027344	1867.281738
967.673828	1871.451782
971.318359	1898.002197
974.960938	1904.901123
978.601563	1843.938599
982.240234	1852.856567
985.878906	1890.309204
989.515625	1917.599976
993.150391	1915.681519
996.783203	1920.561768
1000.416016	2064.921387
1004.044922	2124.319092
1007.673828	1950.885376
1011.302734	1934.668457
1014.927734	1911.622559
1018.552734	1872.193848
1022.175781	1866.153442
1025.796875	1916.060791
1029.416016	1976.931396
1033.035156	1962.730347
1036.650391	1918.455688
1040.265625	1967.782471
1043.880859	1969.285278
1047.492188	1947.530518
1051.103516	1920.282349
1054.712891	1919.0271
1058.320313	1945.851929
1061.925781	1975.439209
1065.53125	1963.921509
1069.134766	2002.454956
1072.736328	2007.403076
1076.335938	2024.708984
1079.935547	1958.260254
1083.533203	1999.60083
1087.128906	2034.790527
1090.722656	2070.009033
1094.316406	2077.745361
1097.90625	2057.965332
1101.496094	2023.025024
1105.085938	2033.504395
1108.671875	2020.56897
1112.257813	1975.919312
1115.841797	1971.221924
1119.423828	2025.839966
1123.003906	2021.848389
1126.583984	2009.568848
1130.162109	1982.775635
1133.738281	1940.759644
1137.314453	1894.561279
1140.886719	1895.344849
1144.458984	1939.017822
1148.029297	1977.190186
1151.599609	1943.390381
1155.166016	1951.119507
1158.732422	1944.303467
1162.296875	1957.583862
1165.861328	1984.050903
1169.421875	1981.401001
1172.982422	2019.00354
1176.541016	2037.195068
1180.097656	1981.07605
1183.654297	2013.164063
1187.208984	1983.405273
1190.761719	1952.230469
1194.3125	2033.048828
1197.863281	2029.014038
1201.412109	2079.986816
1204.958984	2130.304199
1208.503906	2191.813477
1212.048828	2196.898926
1215.591797	2238.257568
1219.132813	2288.023193
1222.671875	2321.075439
1226.210938	2335.298584
1229.748047	2346.738281
1233.283203	2395.928955
1236.816406	2381.531006
1240.349609	2403.494385
1243.880859	2380.688721
1247.410156	2382.366455
1250.939453	2382.644287
1254.464844	2358.398682
1257.990234	2367.076904
1261.513672	2398.9021
1265.037109	2347.272461
1268.558594	2353.147705
1272.078125	2342.177002
1275.595703	2271.494385
1279.111328	2335.665283
1282.626953	2310.612793
1286.140625	2356.566895
1289.652344	2401.854248
1293.164063	2438.732422
1296.673828	2455.925293
1300.181641	2510.464355
1303.6875	2524.175781
1307.193359	2553.406982
1310.697266	2562.914307
1314.199219	2559.023438
1317.699219	2550.187744
1321.199219	2630.315918
1324.697266	2604.546875
1328.193359	2611.971191
1331.689453	2648.387451
1335.181641	2675.637939
1338.673828	2680.975586
1342.166016	2635.351318
1345.654297	2580.48291
1349.142578	2507.149902
1352.628906	2480.532227
1356.115234	2487.924561
1359.597656	2422.973877
1363.080078	2413.317383
1366.5625	2397.973389
1370.041016	2412.443604
1373.519531	2343.801025
1376.996094	2351.862793
1380.470703	2353.53125
1383.945313	2398.591309
1387.417969	2403.125244
1390.888672	2343.591064
1394.357422	2366.62207
1397.826172	2343.359863
1401.292969	2319.365479
1404.757813	2325.299561
1408.222656	2371.898926
1411.683594	2317.198486
1415.144531	2337.415771
1418.605469	2329.794189
1422.0625	2327.881836
1425.519531	2373.144287
1428.976563	2398.42041
1432.429688	2452.331787
1435.882813	2490.54126
1439.333984	2543.100586
1442.783203	2614.324219
1446.232422	2728.597656
1449.679688	2678.808105
1453.125	2687.064697
1456.570313	2706.805664
1460.011719	2640.4375
1463.453125	2630.736572
1466.894531	2633.956055
1470.332031	2589.032959
1473.769531	2564.920166
1477.207031	2633.55835
1480.640625	2615.917725
1484.074219	2549.31958
1487.505859	2448.825684
1490.935547	2402.994385
1494.365234	2376.581787
1497.792969	2307.614014
1501.21875	2328.018066
1504.644531	2321.743164
1508.066406	2274.321289
1511.490234	2215.307373
1514.910156	2285.547607
1518.330078	2229.380127
1521.748047	2254.13623
1525.164063	2303.501709
1528.580078	2271.871582
1531.992188	2254.69165
1535.40625	2308.459961
1538.816406	2301.421387
1542.226563	2347.279297
1545.634766	2351.124268
1549.041016	2439.829102
1552.447266	2407.434814
1555.851563	2478.811768
1559.253906	2442.049072
1562.65625	2442.304688
1566.056641	2531.948486
1569.455078	2579.496094
1572.851563	2633.626953
1576.248047	2652.875488
1579.642578	2624.824951
1583.035156	2560.341309
1586.427734	2590.509033
1589.818359	2517.941895
1593.207031	2444.586914
1596.595703	2467.44873
1599.982422	2535.567383
1603.367188	2530.014648
1606.751953	2575.573975
1610.132813	2552.498779
1613.513672	2567.407471
1616.894531	2612.303711
1620.273438	2489.009521
1623.650391	2530.250244
1627.025391	2535.655518
1630.400391	2457.582764
1633.773438	2534.022949
1637.144531	2556.290527
1640.513672	2604.236328
1643.882813	2591.342041
1647.251953	2664.286865
1650.617188	2709.395264
1653.982422	2783.913086
1657.345703	2770.332764
1660.707031	2821.415039
1664.068359	2815.189697
1667.427734	2866.329346
1670.787109	2806.401123
1674.142578	2789.854492
1677.498047	2746.047363
1680.853516	2726.515381
1684.205078	2680.435547
1687.556641	2693.301025
1690.90625	2565.298584
1694.255859	2529.42749
1697.603516	2495.741455
1700.949219	2458.335938
1704.294922	2403.908691
1707.638672	2347.959229
1710.980469	2325.974365
1714.320313	2320.243408
1717.660156	2291.56958
1720.998047	2296.922607
1724.335938	2360.780762
1727.669922	2252.078857
1731.003906	2258.90332
1734.337891	2267.215088
1737.669922	2258.474121
1741	2219.303955
1744.328125	2225.381592
1747.65625	2270.820313
1750.982422	2242.006836
1754.306641	2262.962646
1757.630859	2232.63501
1760.953125	2244.67749
1764.273438	2247.055908
1767.59375	2238.270508
1770.912109	2262.986816
1774.228516	2264.628906
1777.544922	2226.77417
1780.859375	2255.241211
1784.171875	2238.980469
1787.484375	2251.80542
1790.792969	2273.596924
1794.103516	2299.885254
1797.410156	2249.251709
1800.716797	2196.335693
1804.023438	2296.635742
1807.326172	2284.829834
1810.628906	2273.01416
1813.929688	2348.013428
1817.230469	2291.284912
1820.529297	2256.983398
1823.826172	2301.339111
1827.123047	2208.538818
1830.417969	2262.658936
1833.710938	2304.06665
1837.001953	2286.962646
1840.292969	2259.33252
1843.583984	2294.025879
1846.871094	2274.641602
1850.158203	2252.986084
1853.443359	2264.403076
1856.728516	2277.333252
1860.011719	2246.619873
1863.292969	2342.374756
1866.574219	2268.727539
1869.853516	2302.022705
1873.130859	2300.667725
1876.408203	2311.376953
1879.683594	2279.092285
1882.957031	2299.611572
1886.230469	2339.776611
1889.501953	2332.388428
1892.771484	2288.724854
1896.041016	2323.640137
1899.308594	2342.702148
1902.574219	2326.979736
1905.839844	2324.109863
1909.103516	2270.512207
1912.365234	2292.610596
1915.626953	2308.664307
1918.886719	2316.392334
1922.146484	2316.542969
1925.402344	2327.313232
1928.658203	2369.205322
1931.914063	2352.67334
1935.167969	2280.686523
1938.419922	2333.244629
1941.669922	2330.358643
1944.919922	2329.750732
1948.167969	2258.400635
1951.416016	2313.312988
1954.662109	2338.578857
1957.90625	2341.778809
1961.150391	2347.266357
1964.392578	2313.125732
1967.632813	2359.014893
1970.873047	2270.696045
1974.111328	2292.949219
1977.347656	2348.806152
1980.583984	2349.723877
1983.818359	2360.573242
1987.050781	2335.51123
1990.283203	2359.359375
1993.513672	2334.276123
1996.744141	2323.710205
1999.970703	2336.864014
2003.199219	2320.929688
2006.423828	2301.1521
2009.648438	2381.747559
2012.871094	2380.376465
2016.09375	2382.838135
2019.314453	2367.655029
2022.533203	2301.802979
2025.751953	2371.035889
2028.96875	2355.828613
2032.183594	2335.998535
2035.398438	2392.255615
2038.611328	2357.042725
2041.824219	2362.575684
2045.035156	2318.856934
2048.244141	2321.298584
2051.451172	2325.281982
2054.658203	2350.072021
2057.865234	2355.610107
2061.068359	2359.609863
2064.271484	2377.497559
2067.474609	2359.899902
2070.673828	2373.168457
2073.875	2440.508545
2077.072266	2355.695801
2080.269531	2379.02417
2083.464844	2346.698975
2086.660156	2329.044678
2089.853516	2381.019531
2093.044922	2394.328369
2096.236328	2360.407715
2099.425781	2386.887695
2102.613281	2390.137451
2105.800781	2381.759521
2108.986328	2409.828125
2112.169922	2377.396729
2115.353516	2383.750488
2118.535156	2357.494873
2121.716797	2359.960449
2124.896484	2371.752686
2128.074219	2360.231201
2131.251953	2352.588867
2134.427734	2373.726563
2137.603516	2346.624268
2140.777344	2345.973633
2143.949219	2352.332031
2147.119141	2389.86377
2150.289063	2386.888672
2153.458984	2450.195557
2156.625	2413.695313
2159.791016	2408.383057
2162.957031	2420.242188
2166.121094	2410.240967
2169.283203	2394.762451
2172.445313	2389.432373
2175.603516	2379.406006
2178.763672	2362.331543
2181.921875	2378.109375
2185.078125	2358.671631
2188.232422	2396.386963
2191.386719	2369.888916
2194.539063	2408.420166
2197.691406	2421.891357
2200.841797	2365.566162
2203.990234	2396.292236
2207.138672	2399.568115
2210.285156	2402.061035
2213.429688	2360.564453
2216.574219	2372.473389
2219.71875	2396.968994
2222.859375	2338.905518
2226	2375.994141
2229.140625	2385.563721
2232.279297	2399.864258
2235.416016	2396.84668
2238.550781	2451.347168
2241.685547	2415.23877
2244.820313	2389.353516
2247.951172	2401.313477
2251.082031	2356.461914
2254.212891	2403.154053
2257.341797	2438.034668
2260.46875	2412.895752
2263.595703	2386.946533
2266.720703	2386.278809
2269.84375	2385.609863
2272.966797	2504.424316
2276.087891	2414.349365
2279.208984	2428.734863
2282.328125	2493.831299
2285.445313	2432.969482
2288.5625	2416.45752
2291.677734	2421.346191
2294.792969	2411.956787
2297.90625	2375.573486
2301.017578	2391.566406
2304.128906	2402.010986
2307.238281	2388.624512
2310.345703	2417.35791
2313.453125	2407.942139
2316.558594	2453.409912
2319.664063	2417.736816
2322.767578	2397.95874
2325.871094	2539.842285
2328.972656	2525.671631
2332.072266	2539.38623
2335.169922	2465.402344
2338.267578	2442.411377
2341.365234	2425.785889
2344.460938	2433.893311
2347.554688	2410.063721
2350.648438	2426.158936
2353.740234	2405.503662
2356.830078	2421.608154
2359.919922	2451.320557
2363.007813	2410.647705
2366.095703	2417.166016
2369.181641	2410.077148
2372.265625	2491.091797
2375.349609	2438.350342
2378.431641	2449.696533
2381.513672	2421.757568
2384.59375	2427.489502
2387.673828	2406.742188
2390.75	2499.176025
2393.828125	2425.432861
2396.902344	2451.258301
2399.976563	2471.476563
2403.050781	2425.778809
2406.123047	2410.610596
2409.193359	2484.746094
2412.262695	2513.859863
2415.331055	2424.622559
2418.398438	2495.623535
2421.464844	2433.710205
2424.530273	2420.925537
2427.59375	2483.939453
2430.65625	2488.912109
2433.717773	2489.852783
2436.77832	2490.793457
2439.837891	2447.311035
2442.895508	2467.627197
2445.953125	2477.450195
2449.008789	2488.088623
2452.063477	2484.98291
2455.117188	2535.282715
2458.168945	2486.04834
2461.220703	2534.765869
2464.270508	2508.987061
2467.319336	2454.822754
2470.367188	2478.448486
2473.413086	2486.681641
2476.458984	2473.825195
2479.50293	2501.541504
2482.545898	2513.85083
2485.587891	2483.118164
2488.628906	2518.993408
2491.668945	2464.664795
2494.707031	2502.998535
2497.745117	2548.681885
2500.78125	2550.453857
2503.816406	2496.867188
2506.850586	2499.434082
2509.882813	2549.256104
2512.915039	2524.132568
2515.945313	2544.648193
2518.974609	2596.172852
2522.00293	2538.39917
2525.030273	2496.906494
2528.056641	2494.576904
2531.081055	2560.861328
2534.105469	2554.466797
2537.12793	2526.812744
2540.149414	2511.404053
2543.169922	2576.973633
2546.188477	2565.663086
2549.207031	2542.062744
2552.223633	2564.308594
2555.239258	2560.352295
2558.254883	2545.737549
2561.267578	2566.368164
2564.280273	2559.125732
2567.291992	2564.185303
2570.301758	2563.501953
2573.311523	2555.42749
2576.319336	2558.84668
2579.326172	2547.47583
2582.332031	2577.199707
2585.335938	2565.826416
2588.339844	2601.336914
2591.341797	2591.608643
2594.34375	2635.387207
2597.34375	2613.309082
2600.342773	2589.566162
2603.34082	2581.465088
2606.336914	2608.812256
2609.333008	2641.953125
2612.327148	2595.904053
2615.320313	2576.234619
2618.313477	2636.648438
2621.304688	2634.325684
2624.293945	2632.000488
2627.283203	2632.15332
2630.271484	2672.000732
2633.257813	2684.57666
2636.243164	2656.608643
2639.227539	2587.223633
2642.210938	2589.841553
2645.193359	2713.425537
2648.174805	2648.955566
2651.155273	2702.175293
2654.133789	2672.48877
2657.112305	2666.842529
2660.088867	2673.642578
2663.064453	2695.393799
2666.039063	2687.255859
2669.012695	2720.660889
2671.984375	2690.911377
2674.956055	2735.1521
2677.925781	2750.308105
2680.895508	2693.903564
2683.863281	2697.398682
2686.830078	2692.567383
2689.795898	2745.219238
2692.760742	2813.744873
2695.723633	2764.76001
2698.686523	2694.886475
2701.647461	2734.264648
2704.608398	2761.150635
2707.567383	2729.606201
2710.525391	2763.19165
2713.482422	2798.472656
2716.438477	2770.248779
2719.392578	2819.773193
2722.34668	2784.842773
2725.299805	2798.423096
2728.250977	2768.480713
2731.201172	2792.113525
2734.150391	2776.387451
2737.098633	2854.514648
2740.045898	2831.253418
2742.992188	2827.264404
2745.9375	2841.730225
2748.881836	2816.757813
2751.824219	2811.077881
2754.765625	2859.989014
2757.707031	2845.916992
2760.646484	2820.906738
2763.584961	2802.604492
2766.522461	2822.982178
2769.458984	2813.080566
2772.393555	2838.526611
2775.328125	2825.253906
2778.261719	2805.231445
2781.193359	2791.092529
2784.124023	2768.512451
2787.054688	2750.131836
2789.983398	2823.695068
2792.911133	2843.298096
2795.837891	2839.275391
2798.762695	2804.844238
2801.6875	2835.443604
2804.611328	2793.377686
2807.533203	2786.791748
2810.455078	2852.094482
2813.375	2743.98877
2816.293945	2822.865479
2819.211914	2780.714844
2822.129883	2858.814453
2825.045898	2925.954834
2827.959961	2882.946045
2830.874023	2865.344482
2833.787109	2938.49707
2836.698242	3025.280273
2839.609375	3014.500732
2842.518555	3059.761719
2845.427734	3265.617188
2848.334961	3390.886963
2851.241211	3477.990479
2854.146484	3656.156738
2857.050781	3675.356934
2859.954102	3787.338623
2862.856445	3925.794678
2865.757813	4017.506836
2868.657227	4287.356445
2871.556641	4363.923828
2874.454102	4549.683105
2877.351563	4575.222656
2880.24707	4639.17627
2883.141602	4630.621582
2886.036133	4678.416504
2888.928711	4739.057617
2891.820313	4684.383789
2894.710938	4846.791504
2897.599609	4769.026855
2900.488281	4834.91748
2903.375977	5014.668945
2906.262695	5019.914551
2909.147461	5238.398438
2912.032227	5341.387695
2914.915039	5556.716309
2917.797852	5653.893066
2920.678711	5857.482422
2923.558594	5963.414551
2926.4375	6069.422852
2929.31543	6208.130859
2932.192383	6264.488281
2935.068359	6337.209473
2937.943359	6389.354004
2940.817383	6262.69873
2943.69043	6039.619629
2946.561523	5779.379883
2949.432617	5641.172852
2952.301758	5386.625
2955.170898	5313.635742
2958.038086	5188.893066
2960.905273	5195.078125
2963.770508	5260.763672
2966.634766	5141.900879
2969.499023	4997.064453
2972.361328	4897.008789
2975.222656	4876.324707
2978.083008	4770.104492
2980.942383	4624.055664
2983.800781	4489.138672
2986.657227	4438.005859
2989.513672	4327.144531
2992.369141	4113.220703
2995.223633	4009.085938
2998.076172	3842.522217
3000.928711	3779.797363
3003.779297	3601.762939
3006.629883	3580.518066
3009.478516	3394.476807
3012.327148	3330.629395
3015.173828	3198.171875
3018.019531	3237.522217
3020.865234	3170.94165
3023.708984	3192.932617
3026.551758	3138.45459
3029.393555	3114.367432
3032.234375	3139.838623
3035.074219	3202.740479
3037.913086	3114.23999
3040.750977	3103.166992
3043.587891	3108.634766
3046.423828	3102.778564
3049.258789	3102.147217
3052.091797	3142.496338
3054.924805	3181.128906
3057.756836	3218.043457
3060.586914	3204.356445
3063.416992	3244.797119
3066.246094	3220.626221
3069.073242	3194.689697
3071.900391	3219.433838
3074.725586	3116.525635
3077.550781	3108.891846
3080.374023	3078.5
3083.196289	3036.705811
3086.018555	3041.292969
3088.838867	3059.898926
3091.658203	3074.135742
3094.477539	3025.264648
3097.294922	3015.820313
3100.111328	3051.986084
3102.926758	3032.012451
3105.741211	2954.961182
3108.554688	2977.09082
3111.367188	2952.674561
3114.178711	2959.877686
3116.990234	3011.921387
3119.799805	3064.880859
3122.607422	3036.05957
3125.415039	2979.93457
3128.22168	2937.855225
3131.027344	3011.117188
3133.832031	3016.592529
3136.635742	2932.175537
3139.438477	2966.719482
3142.240234	3002.169189
3145.041016	3019.115723
3147.839844	2955.759033
3150.638672	2938.26709
3153.436523	2969.338135
3156.233398	2958.905518
3159.02832	2987.353271
3161.823242	2976.918213
3164.617188	2971.781738
3167.410156	2974.604004
3170.201172	2950.874756
3172.992188	3000.616455
3175.782227	2995.478516
3178.570313	2998.310303
3181.358398	2992.280273
3184.144531	2986.245117
3186.930664	2934.969727
3189.71582	2978.596436
3192.499023	2938.81958
3195.282227	2984.25293
3198.063477	3031.494141
3200.844727	3066.134766
