399.333984	965.467957
403.220703	970.973999
407.103516	1001.29425
410.986328	936.177185
414.867188	959.504395
418.748047	919.791077
422.625	924.650574
426.501953	940.35199
430.375	938.208252
434.248047	902.882202
438.119141	910.295166
441.988281	941.982239
445.855469	928.972961
449.722656	885.910339
453.585938	923.382446
457.449219	902.030701
461.310547	915.221069
465.169922	895.7677
469.027344	899.357666
472.882813	889.492737
476.736328	918.086365
480.589844	874.226318
484.441406	896.420776
488.289063	914.782349
492.136719	922.241638
495.984375	884.089172
499.828125	908.253479
503.669922	906.072876
507.511719	915.470215
511.351563	921.013672
515.189453	893.723145
519.025391	940.488403
522.859375	899.004333
526.691406	883.273254
530.523438	899.133545
534.351563	912.426086
538.179688	917.337524
542.005859	910.62793
545.830078	894.866638
549.654297	917.875061
553.474609	933.142944
557.294922	890.198425
561.113281	923.589294
564.927734	894.200867
568.744141	888.754761
572.556641	894.32074
576.367188	900.539551
580.177734	875.629944
583.986328	874.058838
587.792969	868.591125
591.597656	848.830566
595.400391	874.533752
599.201172	880.108582
603.001953	868.130188
606.800781	864.598572
610.597656	841.538513
614.392578	862.083496
618.185547	878.085999
621.976563	913.652283
625.767578	864.494385
629.556641	865.516357
633.34375	899.817139
637.128906	913.257568
640.912109	875.769653
644.693359	867.650269
648.474609	874.557129
652.253906	887.354858
656.03125	892.312988
659.806641	903.165283
663.580078	898.312683
667.353516	953.718079
671.123047	942.984619
674.892578	944.697876
678.660156	928.048096
682.425781	923.194397
686.191406	915.05426
689.953125	920.040955
693.714844	909.921021
697.474609	931.998047
701.232422	945.545593
704.988281	932.133667
708.744141	936.478821
712.498047	979.671936
716.248047	970.867249
719.998047	980.505188
723.748047	980.921875
727.494141	1024.206299
731.240234	977.796875
734.982422	960.390442
738.724609	962.779236
742.464844	994.897827
746.205078	985.406494
749.941406	986.485779
753.677734	1010.05542
757.412109	1027.689087
761.144531	1013.560242
764.875	1004.71759
768.605469	1019.057678
772.332031	1038.712524
776.058594	1065.015259
779.783203	1118.540527
783.505859	1134.279297
787.228516	1116.831665
790.947266	1064.826782
794.666016	1091.859375
798.382813	1070.381592
802.097656	1094.113159
805.8125	1122.522339
809.523438	1098.366699
813.234375	1078.186035
816.943359	1070.646606
820.650391	1075.764404
824.357422	1095.555908
828.060547	1088.013306
831.763672	1064.447388
835.464844	1054.881714
839.164063	1047.311523
842.861328	1051.762451
846.558594	1064.907227
850.253906	1090.100708
853.947266	1084.538574
857.638672	1085.664795
861.328125	1032.55249
865.017578	1059.113525
868.705078	1044.815308
872.390625	1040.561768
876.074219	1049.048584
879.755859	1032.043213
883.4375	1068.728027
887.117188	1035.597778
890.794922	1055.517456
894.470703	1060.666138
898.146484	1043.628418
901.818359	1017.830566
905.490234	1083.539673
909.160156	1042.250732
912.830078	1056.83313
916.496094	1065.362915
920.162109	1045.585815
923.826172	1034.559326
927.488281	1038.366699
931.148438	1031.377197
934.808594	1023.031006
938.466797	1015.353149
942.123047	1021.185181
945.777344	1022.965149
949.429688	1020.687927
953.082031	1013.671753
956.732422	1043.205566
960.380859	1013.165894
964.027344	1047.466431
967.673828	1005.879944
971.318359	1047.664673
974.960938	1045.38916
978.601563	1045.147339
982.240234	1035.399902
985.878906	1053.492554
989.515625	1051.893921
993.150391	1062.530273
996.783203	1068.414429
1000.416016	1130.093628
1004.044922	1159.15271
1007.673828	1094.266235
1011.302734	1026.600464
1014.927734	1018.850525
1018.552734	994.730835
1022.175781	1051.075439
1025.796875	1036.501465
1029.416016	1076.526489
1033.035156	1066.048096
1036.650391	1053.510986
1040.265625	1081.972778
1043.880859	1068.747559
1047.492188	1025.412109
1051.103516	1041.578613
1054.712891	1061.181641
1058.320313	1068.472046
1061.925781	1090.157471
1065.53125	1069.360352
1069.134766	1080.7771
1072.736328	1070.249146
1076.335938	1066.575562
1079.935547	1060.1521
1083.533203	1099.059204
1087.128906	1095.392212
1090.722656	1097.221558
1094.316406	1119.685303
1097.90625	1125.654053
1101.496094	1097.898926
1105.085938	1110.060669
1108.671875	1080.20874
1112.257813	1064.115601
1115.841797	1067.314331
1119.423828	1068.446045
1123.003906	1102.700928
1126.583984	1079.685913
1130.162109	1089.11084
1133.738281	1049.48877
1137.314453	1011.216064
1140.886719	1056.580444
1144.458984	1002.367798
1148.029297	1020.083374
1151.599609	1028.120605
1155.166016	1023.004456
1158.732422	1024.119873
1162.296875	1054.35022
1165.861328	1062.413818
1169.421875	1054.527222
1172.982422	1062.596924
1176.541016	1083.865601
1180.097656	1070.420044
1183.654297	1072.251343
1187.208984	1049.056641
1190.761719	1044.620605
1194.3125	1065.924316
1197.863281	1096.990112
1201.412109	1116.243286
1204.958984	1128.545776
1208.503906	1140.858032
1212.048828	1148.996948
1215.591797	1130.637451
1219.132813	1170.178345
1222.671875	1237.674194
1226.210938	1208.852173
1229.748047	1215.636963
1233.283203	1244.093872
1236.816406	1280.265137
1240.349609	1300.377197
1243.880859	1295.31311
1247.410156	1265.041504
1250.939453	1292.875244
1254.464844	1299.711792
1257.990234	1275.01123
1261.513672	1280.442993
1265.037109	1240.981812
1268.558594	1247.105103
1272.078125	1242.701782
1275.595703	1222.139771
1279.111328	1226.153931
1282.626953	1250.556763
1286.140625	1271.463135
1289.652344	1285.35083
1293.164063	1292.211548
1296.673828	1322.312988
1300.181641	1352.438721
1303.6875	1331.146851
1307.193359	1361.300171
1310.697266	1339.993774
1314.199219	1363.824707
1317.699219	1377.08728
1321.199219	1370.588745
1324.697266	1378.919312
1328.193359	1358.988281
1331.689453	1377.218018
1335.181641	1367.171143
1338.673828	1398.154663
1342.166016	1361.916626
1345.654297	1353.266479
1349.142578	1288.642456
1352.628906	1293.42041
1356.115234	1323.726196
1359.597656	1260.428711
1363.080078	1275.134155
1366.5625	1264.295654
1370.041016	1274.042847
1373.519531	1246.143433
1376.996094	1227.460571
1380.470703	1234.359619
1383.945313	1278.252808
1387.417969	1263.828979
1390.888672	1245.833618
1394.357422	1215.715942
1397.826172	1215.497803
1401.292969	1223.832397
1404.757813	1216.486084
1408.222656	1224.827271
1411.683594	1230.320313
1415.144531	1259.377319
1418.605469	1250.60376
1422.0625	1214.671265
1425.519531	1229.460327
1428.976563	1250.696899
1432.429688	1296.98877
1435.882813	1343.317871
1439.333984	1325.247437
1442.783203	1385.949951
1446.232422	1413.023804
1449.679688	1418.614258
1453.125	1402.695068
1456.570313	1409.002563
1460.011719	1404.549072
1463.453125	1397.219727
1466.894531	1346.786987
1470.332031	1344.457642
1473.769531	1369.442993
1477.207031	1352.017944
1480.640625	1370.550903
1484.074219	1322.16272
1487.505859	1310.456543
1490.935547	1274.969971
1494.365234	1213.512329
1497.792969	1227.699707
1501.21875	1200.790039
1504.644531	1160.871582
1508.066406	1153.400635
1511.490234	1164.697021
1514.910156	1164.44458
1518.330078	1165.636963
1521.748047	1166.107056
1525.164063	1159.344849
1528.580078	1148.959229
1531.992188	1150.146118
1535.40625	1154.22998
1538.816406	1155.419312
1542.226563	1181.973511
1545.634766	1187.524292
1549.041016	1213.386963
1552.447266	1210.247437
1555.851563	1239.768799
1559.253906	1251.15979
1562.65625	1242.219238
1566.056641	1272.514771
1569.455078	1322.464233
1572.851563	1367.362305
1576.248047	1327.892944
1579.642578	1311.68457
1583.035156	1280.170654
1586.427734	1291.612061
1589.818359	1301.604736
1593.207031	1291.920044
1596.595703	1245.029541
1599.982422	1230.935791
1603.367188	1275.956543
1606.751953	1296.184814
1610.132813	1254.333252
1613.513672	1295.762451
1616.894531	1297.012817
1620.273438	1286.561157
1623.650391	1261.466675
1627.025391	1275.147827
1630.400391	1259.547729
1633.773438	1292.285767
1637.144531	1313.323608
1640.513672	1312.382568
1643.882813	1295.304321
1647.251953	1342.049194
1650.617188	1409.384766
1653.982422	1412.885376
1657.345703	1445.774292
1660.707031	1448.556641
1664.068359	1443.988647
1667.427734	1411.466797
1670.787109	1469.42395
1674.142578	1408.91333
1677.498047	1383.701538
1680.853516	1368.782837
1684.205078	1347.956177
1687.556641	1319.739624
1690.90625	1316.577881
1694.255859	1288.325684
1697.603516	1253.406982
1700.949219	1233.229492
1704.294922	1209.341797
1707.638672	1213.518677
1710.980469	1154.11499
1714.320313	1173.805054
1717.660156	1171.3125
1720.998047	1134.026978
1724.335938	1162.617798
1727.669922	1167.525146
1731.003906	1121.299438
1734.337891	1153.625488
1737.669922	1119.224121
1741	1125.604858
1744.328125	1131.247925
1747.65625	1163.628296
1750.982422	1157.404419
1754.306641	1110.300903
1757.630859	1117.432739
1760.953125	1120.851196
1764.273438	1133.944824
1767.59375	1148.537231
1770.912109	1142.290894
1774.228516	1118.905518
1777.544922	1079.851318
1780.859375	1141.412964
1784.171875	1094.87793
1787.484375	1103.518921
1790.792969	1155.458984
1794.103516	1146.209106
1797.410156	1154.132813
1800.716797	1169.535645
1804.023438	1155.793945
1807.326172	1126.335205
1810.628906	1134.262451
1813.929688	1126.477539
1817.230469	1110.449463
1820.529297	1122.124512
1823.826172	1146.547974
1827.123047	1126.01001
1830.417969	1129.45459
1833.710938	1136.652832
1837.001953	1159.618408
1840.292969	1120.280518
1843.583984	1150.768677
1846.871094	1120.413086
1850.158203	1155.435425
1853.443359	1129.569458
1856.728516	1144.309082
1860.011719	1123.686279
1863.292969	1104.552734
1866.574219	1134.36377
1869.853516	1169.472778
1873.130859	1123.950073
1876.408203	1125.146606
1879.683594	1123.326172
1882.957031	1116.975708
1886.230469	1161.960693
1889.501953	1156.375244
1892.771484	1113.004883
1896.041016	1124.025024
1899.308594	1115.392456
1902.574219	1143.064453
1905.839844	1113.998657
1909.103516	1098.537231
1912.365234	1117.90332
1915.626953	1166.076294
1918.886719	1141.520508
1922.146484	1101.021362
1925.402344	1083.247437
1928.658203	1132.999146
1931.914063	1117.500854
1935.167969	1127.052612
1938.419922	1116.857544
1941.669922	1133.256592
1944.919922	1142.824951
1948.167969	1131.862671
1951.416016	1123.174316
1954.662109	1151.780518
1957.90625	1139.284912
1961.150391	1129.82666
1964.392578	1124.933716
1967.632813	1125.373657
1970.873047	1122
1974.111328	1105.651733
1977.347656	1108.373901
1980.583984	1098.879639
1983.818359	1151.256836
1987.050781	1160.877441
1990.283203	1146.804565
1993.513672	1138.839111
1996.744141	1143.874512
1999.970703	1135.901123
2003.199219	1134.047119
2006.423828	1145.213867
2009.648438	1093.550171
2012.871094	1118.508545
2016.09375	1110.508423
2019.314453	1123.984009
2022.533203	1134.39978
2025.751953	1132.538086
2028.96875	1113.776123
2032.183594	1153.399292
2035.398438	1111.568604
2038.611328	1116.615356
2041.824219	1119.357788
2045.035156	1107.47937
2048.244141	1144.096069
2051.451172	1169.95813
2054.658203	1121.870361
2057.865234	1110.744141
2061.068359	1141.249268
2064.271484	1133.207031
2067.474609	1165.287354
2070.673828	1184.268188
2073.875	1098.228882
2077.072266	1100.9729
2080.269531	1140.818604
2083.464844	1158.271851
2086.660156	1113.083862
2089.853516	1109.646362
2093.044922	1152.65271
2096.236328	1098.890625
2099.425781	1139.60144
2102.613281	1144.692993
2105.800781	1170.721558
2108.986328	1118.433228
2112.169922	1118.866211
2115.353516	1112.313354
2118.535156	1104.978638
2121.716797	1134.148193
2124.896484	1158.677368
2128.074219	1135.025513
2131.251953	1132.353516
2134.427734	1121.898926
2137.603516	1110.657715
2140.777344	1161.696899
2143.949219	1143.451538
2147.119141	1159.477417
2150.289063	1122.508057
2153.458984	1151.794678
2156.625	1145.998169
2159.791016	1152.683716
2162.957031	1144.540283
2166.121094	1144.200562
2169.283203	1141.516357
2172.445313	1116.16272
2175.603516	1117.374756
2178.763672	1135.796509
2181.921875	1141.71167
2185.078125	1116.317871
2188.232422	1132.410278
2191.386719	1103.075562
2194.539063	1108.986206
2197.691406	1130.581909
2200.841797	1144.350464
2203.990234	1139.297974
2207.138672	1160.144531
2210.285156	1140.174072
2213.429688	1155.537598
2216.574219	1144.193848
2219.71875	1115.545776
2222.859375	1108.109619
2226	1133.71106
2229.140625	1130.210938
2232.279297	1115.684937
2235.416016	1097.996704
2238.550781	1103.14563
2241.685547	1149.287964
2244.820313	1137.11145
2247.951172	1115.458984
2251.082031	1158.501587
2254.212891	1136.84021
2257.341797	1130.167725
2260.46875	1162.993652
2263.595703	1157.115845
2266.720703	1157.558716
2269.84375	1128.735229
2272.966797	1096.724243
2276.087891	1110.600708
2279.208984	1126.863281
2282.328125	1150.2677
2285.445313	1124.554932
2288.5625	1124.984619
2291.677734	1161.897217
2294.792969	1102.042114
2297.90625	1127.067871
2301.017578	1150.524536
2304.128906	1127.134155
2307.238281	1130.742798
2310.345703	1148.662354
2313.453125	1137.172119
2316.558594	1117.717529
2319.664063	1164.30188
2322.767578	1156.784302
2325.871094	1221.736572
2328.972656	1249.29126
2332.072266	1221.073364
2335.169922	1159.345093
2338.267578	1136.654541
2341.365234	1176.187012
2344.460938	1147.897217
2347.554688	1134.758301
2350.648438	1135.189941
2353.740234	1166.789185
2356.830078	1133.654785
2359.919922	1130.886597
2363.007813	1171.320313
2366.095703	1106.133667
2369.181641	1104.151611
2372.265625	1110.177856
2375.349609	1146.657715
2378.431641	1143.084839
2381.513672	1128.282349
2384.59375	1127.908203
2387.673828	1160.436523
2390.75	1149.636963
2393.828125	1154.891602
2396.902344	1158.542969
2399.976563	1146.925903
2403.050781	1145.752319
2406.123047	1141.360107
2409.193359	1147.424805
2412.262695	1166.372925
2415.331055	1112.862305
2418.398438	1155.978027
2421.464844	1154.803589
2424.530273	1167.332764
2427.59375	1160.515869
2430.65625	1162.568115
2433.717773	1146.058594
2436.77832	1136.802979
2439.837891	1149.347778
2442.895508	1154.629761
2445.953125	1161.532104
2449.008789	1198.35791
2452.063477	1124.390015
2455.117188	1171.748901
2458.168945	1182.714722
2461.220703	1163.724731
2464.270508	1164.163452
2467.319336	1162.981323
2470.367188	1173.959229
2473.413086	1184.94519
2476.458984	1163.484863
2479.50293	1151.748047
2482.545898	1135.130249
2485.587891	1159.925659
2488.628906	1180.676636
2491.668945	1166.48877
2494.707031	1150.663696
2497.745117	1134.012939
2500.78125	1162.108521
2503.816406	1163.359375
2506.850586	1160.538818
2509.882813	1128.385986
2512.915039	1142.665161
2515.945313	1187.12207
2518.974609	1181.858154
2522.00293	1179.853882
2525.030273	1168.052734
2528.056641	1157.87561
2531.081055	1168.112183
2534.105469	1162.012817
2537.12793	1169.805542
2540.149414	1166.972778
2543.169922	1133.868408
2546.188477	1173.57605
2549.207031	1194.48291
2552.223633	1163.807861
2555.239258	1115.903931
2558.254883	1192.546143
2561.267578	1187.252808
2564.280273	1159.808838
2567.291992	1154.498779
2570.301758	1162.317871
2573.311523	1187.386841
2576.319336	1157.436523
2579.326172	1204.709595
2582.332031	1159.945435
2585.335938	1160.37854
2588.339844	1126.258789
2591.341797	1176.058716
2594.34375	1166.617798
2597.34375	1176.936279
2600.342773	1160.072998
2603.34082	1167.099243
2606.336914	1186.498413
2609.333008	1172.918213
2612.327148	1216.262695
2615.320313	1168.014038
2618.313477	1189.092896
2621.304688	1191.187744
2624.293945	1185.02002
2627.283203	1156.5271
2630.271484	1154.476318
2633.257813	1150.769165
2636.243164	1208.301758
2639.227539	1189.708862
2642.210938	1217.4823
2645.193359	1168.2229
2648.174805	1146.27832
2651.155273	1169.919922
2654.133789	1181.137207
2657.112305	1197.340942
2660.088867	1200.275391
2663.064453	1190.756226
2666.039063	1210.303467
2669.012695	1188.315552
2671.984375	1212.032349
2674.956055	1192.523071
2677.925781	1176.326538
2680.895508	1166.775635
2683.863281	1201.341431
2686.830078	1161.809937
2689.795898	1176.403564
2692.760742	1170.171143
2695.723633	1183.110596
2698.686523	1201.063599
2701.647461	1192.32959
2704.608398	1203.621338
2707.567383	1175.67627
2710.525391	1212.028809
2713.482422	1192.421753
2716.438477	1218.775757
2719.392578	1207.518433
2722.34668	1270.704712
2725.299805	1259.457764
2728.250977	1259.085205
2731.201172	1211.814087
2734.150391	1227.34082
2737.098633	1221.088623
2740.045898	1229.084229
2742.992188	1210.246948
2745.9375	1222.438965
2748.881836	1245.550781
2751.824219	1274.556763
2754.765625	1164.994019
2757.707031	1213.316895
2760.646484	1211.241577
2763.584961	1226.822632
2766.522461	1249.985474
2769.458984	1230.24939
2772.393555	1213.865723
2775.328125	1214.311768
2778.261719	1210.545776
2781.193359	1219.417603
2784.124023	1170.126465
2787.054688	1223.686401
2789.983398	1219.073608
2792.911133	1191.670166
2795.837891	1208.992676
2798.762695	1227.172119
2801.6875	1195.516235
2804.611328	1203.561279
2807.533203	1222.603394
2810.455078	1243.35083
2813.375	1228.575928
2816.293945	1256.95813
2819.211914	1269.272705
2822.129883	1262.113647
2825.045898	1252.406982
2827.959961	1281.686035
2830.874023	1265.194946
2833.787109	1299.589355
2836.698242	1367.952759
2839.609375	1387.977661
2842.518555	1444.533569
2845.427734	1569.942993
2848.334961	1624.056396
2851.241211	1716.466064
2854.146484	1772.372803
2857.050781	1757.705444
2859.954102	1838.348633
2862.856445	1858.601074
2865.757813	1935.932373
2868.657227	2059.328613
2871.556641	2196.451416
2874.454102	2275.694336
2877.351563	2303.817383
2880.24707	2323.427734
2883.141602	2267.937744
2886.036133	2285.840576
2888.928711	2360.986816
2891.820313	2360.990967
2894.710938	2360.139648
2897.599609	2400.333252
2900.488281	2418.314209
2903.375977	2487.652344
2906.262695	2491.980225
2909.147461	2605.925537
2912.032227	2597.447998
2914.915039	2738.079834
2917.797852	2870.23999
2920.678711	2891.006104
2923.558594	2957.256592
2926.4375	3064.749512
2929.31543	3092.475098
2932.192383	3109.914063
2935.068359	3138.533936
2937.943359	3168.033203
2940.817383	3050.529297
2943.69043	2951.861816
2946.561523	2850.54126
2949.432617	2737.957031
2952.301758	2604.625977
2955.170898	2537.521484
2958.038086	2501.387695
2960.905273	2491.085938
2963.770508	2455.770264
2966.634766	2451.481689
2969.499023	2404.907227
2972.361328	2279.746338
2975.222656	2231.348145
2978.083008	2183.77832
2980.942383	2180.245361
2983.800781	2060.871582
2986.657227	1994.162476
2989.513672	1904.912598
2992.369141	1874.444702
2995.223633	1779.892212
2998.076172	1679.209106
3000.928711	1650.358398
3003.779297	1592.020752
3006.629883	1491.160034
3009.478516	1463.94397
3012.327148	1509.584473
3015.173828	1418.998901
3018.019531	1432.531982
3020.865234	1357.486084
3023.708984	1363.186768
3026.551758	1298.490967
3029.393555	1308.52124
3032.234375	1280.288818
3035.074219	1275.52771
3037.913086	1255.966553
3040.750977	1319.107178
3043.587891	1306.515015
3046.423828	1301.755493
3049.258789	1339.702271
3052.091797	1331.462769
3054.924805	1335.428711
3057.756836	1381.28064
3060.586914	1381.775024
3063.416992	1391.874756
3066.246094	1412.463379
3069.073242	1348.305908
3071.900391	1399.487793
3074.725586	1328.283447
3077.550781	1299.016357
3080.374023	1264.477661
3083.196289	1275.43396
3086.018555	1262.754028
3088.838867	1284.229004
3091.658203	1285.563599
3094.477539	1274.626099
3097.294922	1297.881348
3100.111328	1237.813232
3102.926758	1270.724731
3105.741211	1269.421875
3108.554688	1292.707275
3111.367188	1255.391846
3114.178711	1232.989502
3116.990234	1277.385254
3119.799805	1262.009766
3122.607422	1240.464722
3125.415039	1242.666138
3128.22168	1263.357056
3131.027344	1213.606201
3133.832031	1249.278076
3136.635742	1250.603271
3139.438477	1209.610474
3142.240234	1236.498535
3145.041016	1210.469604
3147.839844	1244.437256
3150.638672	1205.14856
3153.436523	1227.65625
3156.233398	1193.634277
3159.02832	1198.476685
3161.823242	1231.614746
3164.617188	1225.859985
3167.410156	1252.83728
3170.201172	1185.129395
3172.992188	1172.267944
3175.782227	1222.282715
3178.570313	1188.160156
3181.358398	1215.170654
3184.144531	1209.393799
3186.930664	1219.578003
3189.71582	1222.670776
3192.499023	1237.304321
3195.282227	1208.44043
3198.063477	1229.296143
3200.844727	1249.72522
