399.333984	927.332275
403.220703	912.473938
407.103516	901.41925
410.986328	888.445496
414.867188	923.849304
418.748047	890.490234
422.625	894.062561
426.501953	875.961792
430.375	876.979126
434.248047	855.026245
438.119141	875.185608
441.988281	845.548828
445.855469	846.553711
449.722656	846.280884
453.585938	861.994141
457.449219	868.764343
461.310547	833.299194
465.169922	840.062317
469.027344	869.891541
472.882813	835.020935
476.736328	824.482605
480.589844	846.004822
484.441406	836.744934
488.289063	883.326721
492.136719	841.962952
495.984375	853.24884
499.828125	852.97406
503.669922	868.77533
507.511719	860.143127
511.351563	850.859619
515.189453	858.952942
519.025391	892.175659
522.859375	874.51532
526.691406	849.102844
530.523438	864.303406
534.351563	882.743164
538.179688	874.730713
542.005859	853.14856
545.830078	869.022156
549.654297	839.015381
553.474609	827.089233
557.294922	857.204163
561.113281	870.516907
564.927734	839.810669
568.744141	833.045654
572.556641	838.587708
576.367188	837.002563
580.177734	801.039246
583.986328	833.827454
587.792969	786.795532
591.597656	829.996521
595.400391	825.804199
599.201172	806.007813
603.001953	805.052551
606.800781	826.865906
610.597656	825.918274
614.392578	811.296082
618.185547	835.745056
621.976563	837.406006
625.767578	836.460266
629.556641	853.12384
633.34375	833.913147
637.128906	847.978271
640.912109	844.42218
644.693359	827.142456
648.474609	849.065552
652.253906	830.464722
656.03125	862.874512
659.806641	842.954285
663.580078	859.027893
667.353516	854.154114
671.123047	849.931274
674.892578	862.094177
678.660156	888.040344
682.425781	849.706299
686.191406	838.909119
689.953125	884.578979
693.714844	882.984741
697.474609	876.788025
701.232422	867.298096
704.988281	880.823547
708.744141	862.771423
712.498047	876.964417
716.248047	937.934204
719.998047	909.998413
723.748047	940.709351
727.494141	936.492554
731.240234	923.034973
734.982422	923.426941
738.724609	952.213745
742.464844	912.319946
746.205078	931.873352
749.941406	946.814758
753.677734	970.367615
757.412109	952.250244
761.144531	929.483093
764.875	961.005432
768.605469	963.400391
772.332031	959.83136
776.058594	1003.342468
779.783203	1028.977661
783.505859	1060.607544
787.228516	1008.601257
790.947266	1008.36377
794.666016	1022.745911
798.382813	1000.574158
802.097656	1020.950623
805.8125	1026.705322
809.523438	1028.470581
813.234375	1070.19458
816.943359	1045.32959
820.650391	997.781494
824.357422	972.19751
828.060547	997.289978
831.763672	1009.05603
835.464844	992.790588
839.164063	1002.560364
842.861328	1008.328796
846.558594	1017.444275
850.253906	1021.217041
853.947266	1026.330688
857.638672	1042.827271
861.328125	1020.49939
865.017578	1035.66687
868.705078	995.891968
872.390625	1022.459229
876.074219	983.986145
879.755859	1025.332886
883.4375	976.758362
887.117188	1003.361206
890.794922	991.017334
894.470703	1009.582153
898.146484	980.418945
901.818359	990.921631
905.490234	993.356812
909.160156	970.208801
912.830078	1012.377502
916.496094	940.699951
920.162109	972.104919
923.826172	964.419678
927.488281	959.426514
931.148438	971.303528
934.808594	991.968689
938.466797	989.68219
942.123047	976.580139
945.777344	971.580261
949.429688	978.75116
953.082031	965.627258
956.732422	978.893799
960.380859	956.954163
964.027344	953.966858
967.673828	933.353577
971.318359	965.614563
974.960938	954.485718
978.601563	986.782043
982.240234	952.567871
985.878906	948.890442
989.515625	960.158997
993.150391	977.554993
996.783203	986.804199
1000.416016	1023.275635
1004.044922	1063.180542
1007.673828	980.549744
1011.302734	994.583069
1014.927734	967.056091
1018.552734	962.004944
1022.175781	974.683167
1025.796875	986.689392
1029.416016	988.465698
1033.035156	987.511536
1036.650391	988.605896
1040.265625	1012.939819
1043.880859	979.172363
1047.492188	1015.151123
1051.103516	1000.517761
1054.712891	981.764099
1058.320313	973.268372
1061.925781	1022.322388
1065.53125	1034.400513
1069.134766	1036.201904
1072.736328	1000.957336
1076.335938	1056.966675
1079.935547	1059.465454
1083.533203	1044.106323
1087.128906	1072.027466
1090.722656	1032.598267
1094.316406	1055.035156
1097.90625	1039.647461
1101.496094	1060.040405
1105.085938	1029.491699
1108.671875	1001.673096
1112.257813	995.885376
1115.841797	1001.124268
1119.423828	1002.918396
1123.003906	1033.005737
1126.583984	1042.407715
1130.162109	1001.401794
1133.738281	970.034363
1137.314453	953.846985
1140.886719	950.09259
1144.458984	980.231323
1148.029297	979.944397
1151.599609	955.425232
1155.166016	1007.766724
1158.732422	974.230469
1162.296875	998.894592
1165.861328	1009.015747
1169.421875	974.05011
1172.982422	1005.684509
1176.541016	1041.510742
1180.097656	1039.161865
1183.654297	1003.454956
1187.208984	998.307068
1190.761719	1008.455322
1194.3125	1015.828674
1197.863281	1017.639282
1201.412109	1066.802734
1204.958984	1042.859863
1208.503906	1089.286011
1212.048828	1098.797974
1215.591797	1104.8302
1219.132813	1086.44458
1222.671875	1154.604126
1226.210938	1164.157471
1229.748047	1207.253296
1233.283203	1203.555908
1236.816406	1197.05835
1240.349609	1203.14624
1243.880859	1213.4375
1247.410156	1200.634277
1250.939453	1217.235718
1254.464844	1200.919678
1257.990234	1207.720947
1261.513672	1194.893066
1265.037109	1182.054443
1268.558594	1196.575317
1272.078125	1174.598877
1275.595703	1181.401855
1279.111328	1161.508545
1282.626953	1177.449463
1286.140625	1197.622559
1289.652344	1236.807251
1293.164063	1248.574707
1296.673828	1311.047241
1300.181641	1275.659546
1303.6875	1297.322021
1307.193359	1293.622803
1310.697266	1301.90979
1314.199219	1299.619873
1317.699219	1323.443726
1321.199219	1304.213013
1324.697266	1315.342163
1328.193359	1271.357178
1331.689453	1304.397949
1335.181641	1369.292969
1338.673828	1303.340454
1342.166016	1312.366699
1345.654297	1276.786743
1349.142578	1221.341187
1352.628906	1236.013794
1356.115234	1237.226685
1359.597656	1232.056641
1363.080078	1233.268311
1366.5625	1216.023804
1370.041016	1239.954712
1373.519531	1204.22644
1376.996094	1174.154541
1380.470703	1209.473267
1383.945313	1204.986328
1387.417969	1214.727539
1390.888672	1163.252686
1394.357422	1166.574463
1397.826172	1199.82312
1401.292969	1162.533813
1404.757813	1155.875732
1408.222656	1191.299683
1411.683594	1183.933472
1415.144531	1222.966675
1418.605469	1183.466797
1422.0625	1192.521362
1425.519531	1208.016235
1428.976563	1199.925293
1432.429688	1240.473511
1435.882813	1332.582764
1439.333984	1359.61377
1442.783203	1391.680054
1446.232422	1394.393677
1449.679688	1389.223999
1453.125	1375.444336
1456.570313	1373.849243
1460.011719	1347.13269
1463.453125	1352.704102
1466.894531	1318.773804
1470.332031	1300.62439
1473.769531	1296.837402
1477.207031	1305.991821
1480.640625	1296.447632
1484.074219	1257.386108
1487.505859	1238.453491
1490.935547	1189.972046
1494.365234	1204.144409
1497.792969	1176.515503
1501.21875	1122.17981
1504.644531	1100.266724
1508.066406	1109.372192
1511.490234	1108.375732
1514.910156	1119.658325
1518.330078	1106.379517
1521.748047	1081.522705
1525.164063	1103.655762
1528.580078	1101.206543
1531.992188	1138.564941
1535.40625	1081.094971
1538.816406	1125.718872
1542.226563	1101.532715
1545.634766	1130.975586
1549.041016	1145.21106
1552.447266	1194.285034
1555.851563	1198.394775
1559.253906	1220.661377
1562.65625	1211.708496
1566.056641	1221.643311
1569.455078	1238.856079
1572.851563	1271.355957
1576.248047	1295.878052
1579.642578	1297.126465
1583.035156	1240.119873
1586.427734	1271.214355
1589.818359	1208.320557
1593.207031	1183.287964
1596.595703	1199.808838
1599.982422	1233.124756
1603.367188	1245.298584
1606.751953	1195.411011
1610.132813	1179.818359
1613.513672	1206.601196
1616.894531	1238.522949
1620.273438	1179.774414
1623.650391	1216.832397
1627.025391	1201.215576
1630.400391	1247.831055
1633.773438	1246.13269
1637.144531	1203.391357
1640.513672	1263.259888
1643.882813	1301.905518
1647.251953	1272.341919
1650.617188	1333.043091
1653.982422	1370.293213
1657.345703	1370.84082
1660.707031	1331.702026
1664.068359	1358.702148
1667.427734	1334.972534
1670.787109	1376.711182
1674.142578	1349.288452
1677.498047	1321.107178
1680.853516	1301.74353
1684.205078	1287.522949
1687.556641	1258.544922
1690.90625	1205.94104
1694.255859	1234.460938
1697.603516	1208.378906
1700.949219	1161.598877
1704.294922	1156.890259
1707.638672	1124.832764
1710.980469	1117.887207
1714.320313	1096.143066
1717.660156	1112.11792
1720.998047	1111.82019
1724.335938	1084.863159
1727.669922	1090.480347
1731.003906	1094.619385
1734.337891	1106.175659
1737.669922	1069.530273
1741	1068.471313
1744.328125	1074.833984
1747.65625	1031.448486
1750.982422	1084.602417
1754.306641	1055.30603
1757.630859	1059.442261
1760.953125	1064.325195
1764.273438	1055.074585
1767.59375	1083.03418
1770.912109	1077.50647
1774.228516	1044.411133
1777.544922	1050.786987
1780.859375	1050.457764
1784.171875	1016.565796
1787.484375	1042.33667
1790.792969	1053.199341
1794.103516	1068.550659
1797.410156	1072.708618
1800.716797	1100.036133
1804.023438	1063.091187
1807.326172	1062.015869
1810.628906	1078.896118
1813.929688	1067.346802
1817.230469	1041.561157
1820.529297	1059.950806
1823.826172	1031.893188
1827.123047	1051.042603
1830.417969	1090.456055
1833.710938	1015.109802
1837.001953	1044.03186
1840.292969	1040.689575
1843.583984	1041.851318
1846.871094	1042.262207
1850.158203	1084.771118
1853.443359	1037.820068
1856.728516	1081.864868
1860.011719	1046.917358
1863.292969	1096.270508
1866.574219	1084.650635
1869.853516	1059.457886
1873.130859	1057.613647
1876.408203	1085.178223
1879.683594	1053.9198
1882.957031	1046.032715
1886.230469	1059.279297
1889.501953	1053.653442
1892.771484	1085.047485
1896.041016	1062.041138
1899.308594	1063.970947
1902.574219	1028.83374
1905.839844	1036.805786
1909.103516	1077.338745
1912.365234	1067.158325
1915.626953	1061.515869
1918.886719	1058.900513
1922.146484	1102.537964
1925.402344	1032.422852
1928.658203	1088.225586
1931.914063	1076.505615
1935.167969	1064.016602
1938.419922	1062.154297
1941.669922	1044.328979
1944.919922	1044.738159
1948.167969	1063.403198
1951.416016	1044.034668
1954.662109	1087.835083
1957.90625	1092.068604
1961.150391	1036.118896
1964.392578	1069.296753
1967.632813	1044.554199
1970.873047	1080.04895
1974.111328	1048.42334
1977.347656	1047.306396
1980.583984	1096.588745
1983.818359	1060.348145
1987.050781	1093.624512
1990.283203	1057.353882
1993.513672	1084.535889
1996.744141	1059.709839
1999.970703	1057.061646
2003.199219	1075.851563
2006.423828	1071.675049
2009.648438	1059.06543
2012.871094	1044.145752
2016.09375	1085.966797
2019.314453	1071.812744
2022.533203	1094.488525
2025.751953	1059.594971
2028.96875	1050.790161
2032.183594	1080.399292
2035.398438	1088.50708
2038.611328	1072.012329
2041.824219	1075.506592
2045.035156	1064.380737
2048.244141	1088.662109
2051.451172	1115.272705
2054.658203	1064.852295
2057.865234	1069.890991
2061.068359	1072.619995
2064.271484	1096.950562
2067.474609	1088.887695
2070.673828	1073.870239
2073.875	1076.604126
2077.072266	1090.928955
2080.269531	1046.523315
2083.464844	1050.795288
2086.660156	1063.579102
2089.853516	1094.94397
2093.044922	1076.015625
2096.236328	1064.042114
2099.425781	1062.130249
2102.613281	1060.991699
2105.800781	1090.86438
2108.986328	1109.125977
2112.169922	1058.345093
2115.353516	1096.789063
2118.535156	1113.520264
2121.716797	1089.093018
2124.896484	1097.2854
2128.074219	1084.493652
2131.251953	1081.024292
2134.427734	1055.767578
2137.603516	1088.086548
2140.777344	1067.484131
2143.949219	1095.158569
2147.119141	1087.010132
2150.289063	1077.296021
2153.458984	1097.987061
2156.625	1083.588501
2159.791016	1131.612305
2162.957031	1082.863159
2166.121094	1091.090942
2169.283203	1068.853149
2172.445313	1072.391602
2175.603516	1103.300049
2178.763672	1065.395874
2181.921875	1097.107422
2185.078125	1075.610596
2188.232422	1072.109009
2191.386719	1081.139404
2194.539063	1085.474121
2197.691406	1071.779053
2200.841797	1090.231079
2203.990234	1085.942505
2207.138672	1077.725586
2210.285156	1085.207031
2213.429688	1032.992432
2216.574219	1093.899536
2219.71875	1084.099731
2222.859375	1090.02124
2226	1094.373413
2229.140625	1120.766357
2232.279297	1066.868774
2235.416016	1121.626465
2238.550781	1096.053955
2241.685547	1137.463989
2244.820313	1097.683228
2247.951172	1098.892822
2251.082031	1096.946411
2254.212891	1071.314087
2257.341797	1077.252808
2260.46875	1126.650024
2263.595703	1084.400879
2266.720703	1096.676147
2269.84375	1123.989258
2272.966797	1112.550049
2276.087891	1110.600708
2279.208984	1084.101074
2282.328125	1145.514526
2285.445313	1126.932495
2288.5625	1137.669434
2291.677734	1120.655762
2294.792969	1075.066284
2297.90625	1069.127075
2301.017578	1105.265747
2304.128906	1112.836548
2307.238281	1099.752563
2310.345703	1065.990479
2313.453125	1101.386963
2316.558594	1088.282959
2319.664063	1123.714478
2322.767578	1180.668335
2325.871094	1210.586426
2328.972656	1225.388916
2332.072266	1236.217285
2335.169922	1130.640625
2338.267578	1127.082764
2341.365234	1106.764893
2344.460938	1096.808594
2347.554688	1099.621582
2350.648438	1107.229492
2353.740234	1104.453857
2356.830078	1090.483154
2359.919922	1110.092285
2363.007813	1124.915527
2366.095703	1099.730591
2369.181641	1100.148193
2372.265625	1086.948975
2375.349609	1082.553833
2378.431641	1082.163086
2381.513672	1095.404175
2384.59375	1107.852905
2387.673828	1133.953491
2390.75	1129.566528
2393.828125	1130.797852
2396.902344	1141.670898
2399.976563	1117.991577
2403.050781	1129.671509
2406.123047	1148.599243
2409.193359	1113.629639
2412.262695	1151.078979
2415.331055	1147.488281
2418.398438	1132.616821
2421.464844	1087.916748
2424.530273	1137.504517
2427.59375	1095.997925
2430.65625	1117.388428
2433.717773	1103.283203
2436.77832	1104.507446
2439.837891	1121.886108
2442.895508	1110.997803
2445.953125	1133.241455
2449.008789	1142.563843
2452.063477	1146.230713
2455.117188	1132.906372
2458.168945	1103.381348
2461.220703	1102.177734
2464.270508	1130.947998
2467.319336	1174.327515
2470.367188	1117.207153
2473.413086	1115.194824
2476.458984	1128.596558
2479.50293	1118.469849
2482.545898	1102.651611
2485.587891	1109.564819
2488.628906	1122.170898
2491.668945	1108.774048
2494.707031	1140.905396
2497.745117	1122.624023
2500.78125	1126.30127
2503.816406	1129.16687
2506.850586	1176.827026
2509.882813	1132.459595
2512.915039	1160.595703
2515.945313	1112.111572
2518.974609	1214.483643
2522.00293	1160.27124
2525.030273	1130.505249
2528.056641	1110.515381
2531.081055	1161.577271
2534.105469	1112.165527
2537.12793	1144.463867
2540.149414	1128.537109
2543.169922	1143.685425
2546.188477	1174.394409
2549.207031	1160.91626
2552.223633	1161.35083
2555.239258	1152.773071
2558.254883	1116.321533
2561.267578	1160.19519
2564.280273	1146.685181
2567.291992	1138.908447
2570.301758	1171.34729
2573.311523	1183.281128
2576.319336	1180.437378
2579.326172	1183.343628
2582.332031	1178.031006
2585.335938	1157.911377
2588.339844	1178.088013
2591.341797	1205.686523
2594.34375	1181.437256
2597.34375	1214.822266
2600.342773	1165.016479
2603.34082	1176.989868
2606.336914	1178.253052
2609.333008	1189.415039
2612.327148	1173.355225
2615.320313	1207.635742
2618.313477	1211.388428
2621.304688	1162.275391
2624.293945	1190.804688
2627.283203	1187.11438
2630.271484	1190.036865
2633.257813	1159.042114
2636.243164	1184.30127
2639.227539	1167.355347
2642.210938	1171.101929
2645.193359	1167.394409
2648.174805	1227.50415
2651.155273	1247.859375
2654.133789	1201.873413
2657.112305	1165.810181
2660.088867	1191.144653
2663.064453	1199.890259
2666.039063	1181.229614
2669.012695	1199.949341
2671.984375	1193.743774
2674.956055	1194.186279
2677.925781	1209.603149
2680.895508	1174.265625
2683.863281	1208.001709
2686.830078	1256.75354
2689.795898	1192.233276
2692.760742	1208.510132
2695.723633	1232.302612
2698.686523	1186.884399
2701.647461	1200.67334
2704.608398	1208.629395
2707.567383	1255.000977
2710.525391	1214.534668
2713.482422	1264.284546
2716.438477	1259.735962
2719.392578	1244.312622
2722.34668	1306.675903
2725.299805	1296.279175
2728.250977	1285.874268
2731.201172	1298.910645
2734.150391	1277.607422
2737.098633	1262.99292
2740.045898	1276.872681
2742.992188	1272.310913
2745.9375	1221.599976
2748.881836	1263.176514
2751.824219	1242.650879
2754.765625	1275.026001
2757.707031	1249.44751
2760.646484	1254.109985
2763.584961	1214.209717
2766.522461	1240.732666
2769.458984	1237.822754
2772.393555	1263.531494
2775.328125	1258.101074
2778.261719	1242.557495
2781.193359	1244.699219
2784.124023	1239.255005
2787.054688	1274.286865
2789.983398	1227.510132
2792.911133	1278.598022
2795.837891	1228.410889
2798.762695	1221.260132
2801.6875	1258.037964
2804.611328	1250.047119
2807.533203	1236.977051
2810.455078	1218.822144
2813.375	1268.343872
2816.293945	1267.961792
2819.211914	1226.088623
2822.129883	1286.678223
2825.045898	1314.264771
2827.959961	1337.63269
2830.874023	1360.169434
2833.787109	1398.839966
2836.698242	1426.506592
2839.609375	1554.365234
2842.518555	1646.649414
2845.427734	1845.192627
2848.334961	2004.787598
2851.241211	2044.626587
2854.146484	2121.914551
2857.050781	2079.299072
2859.954102	2077.50415
2862.856445	2166.807129
2865.757813	2183.779297
2868.657227	2279.14917
2871.556641	2383.111328
2874.454102	2497.380371
2877.351563	2562.26123
2880.24707	2605.003662
2883.141602	2624.730225
2886.036133	2672.648926
2888.928711	2672.766846
2891.820313	2636.140869
2894.710938	2625.986572
2897.599609	2698.771484
2900.488281	2750.2229
2903.375977	2777.750244
2906.262695	2832.690674
2909.147461	2882.531982
2912.032227	2920.415527
2914.915039	3002.032471
2917.797852	3093.995361
2920.678711	3113.985107
2923.558594	3208.627686
2926.4375	3243.261963
2929.31543	3344.028564
2932.192383	3339.228271
2935.068359	3361.916992
2937.943359	3388.059326
2940.817383	3295.569092
2943.69043	3163.446533
2946.561523	2969.277832
2949.432617	2863.622559
2952.301758	2694.173584
2955.170898	2685.672852
2958.038086	2604.786377
2960.905273	2540.218262
2963.770508	2498.021973
2966.634766	2447.168701
2969.499023	2410.084717
2972.361328	2388.51123
2975.222656	2360.013428
2978.083008	2309.898438
2980.942383	2230.365967
2983.800781	2126.570557
2986.657227	2034.806641
2989.513672	1997.47644
2992.369141	1893.483398
2995.223633	1857.805786
2998.076172	1821.236084
3000.928711	1734.392456
3003.779297	1684.751465
3006.629883	1609.932739
3009.478516	1590.564819
3012.327148	1578.990723
3015.173828	1492.769531
3018.019531	1453.368774
3020.865234	1440.863403
3023.708984	1411.840942
3026.551758	1366.283691
3029.393555	1357.210327
3032.234375	1362.916138
3035.074219	1381.676758
3037.913086	1360.412842
3040.750977	1350.452393
3043.587891	1321.322266
3046.423828	1360.134033
3049.258789	1379.797485
3052.091797	1349.773682
3054.924805	1392.125488
3057.756836	1417.05603
3060.586914	1437.639648
3063.416992	1423.309814
3066.246094	1446.530273
3069.073242	1411.220947
3071.900391	1406.480835
3074.725586	1344.897949
3077.550781	1330.50769
3080.374023	1309.981445
3083.196289	1307.82312
3086.018555	1294.279053
3088.838867	1306.12915
3091.658203	1267.160889
3094.477539	1292.158813
3097.294922	1281.21936
3100.111328	1284.307983
3102.926758	1304.07251
3105.741211	1274.689209
3108.554688	1273.386963
3111.367188	1279.111572
3114.178711	1268.142456
3116.990234	1275.626953
3119.799805	1245.300293
3122.607422	1305.567139
3125.415039	1285.789795
3128.22168	1297.692139
3131.027344	1247.953491
3133.832031	1274.827515
3136.635742	1275.280396
3139.438477	1256.337402
3142.240234	1262.075195
3145.041016	1280.168579
3147.839844	1264.736572
3150.638672	1254.590576
3153.436523	1234.721802
3156.233398	1243.111328
3159.02832	1250.622681
3161.823242	1252.834229
3164.617188	1278.92749
3167.410156	1263.45459
3170.201172	1258.591553
3172.992188	1218.308716
3175.782227	1224.939819
3178.570313	1282.964966
3181.358398	1268.350952
3184.144531	1264.366211
3186.930664	1278.117676
3189.71582	1281.231201
3192.499023	1279.908691
3195.282227	1258.163086
3198.063477	1287.030396
3200.844727	1252.389893
