399.333984	1016.315491
403.220703	1005.310974
407.103516	991.115906
410.986328	954.633423
414.867188	969.054871
418.748047	970.112061
422.625	959.062134
426.501953	945.452209
430.375	961.806946
434.248047	957.118958
438.119141	940.936218
441.988281	899.193909
445.855469	936.000916
449.722656	949.828857
453.585938	912.511597
457.449219	940.414978
461.310547	936.341553
465.169922	952.113342
469.027344	925.620972
472.882813	956.781494
476.736328	964.888245
480.589844	947.987183
484.441406	933.637939
488.289063	974.483948
492.136719	938.297424
495.984375	936.132202
499.828125	948.74884
503.669922	978.73877
507.511719	965.007263
511.351563	943.540222
515.189453	935.576172
519.025391	936.623352
522.859375	973.115784
526.691406	962.574463
530.523438	965.568787
534.351563	959.531494
538.179688	963.172119
542.005859	966.815613
545.830078	942.032898
549.654297	941.791504
553.474609	927.969543
557.294922	968.479004
561.113281	931.356018
564.927734	940.173523
568.744141	927.621582
572.556641	918.298889
576.367188	914.802979
580.177734	908.70929
583.986328	904.556824
587.792969	877.030334
591.597656	899.48761
595.400391	877.78241
599.201172	902.858765
603.001953	911.69928
606.800781	916.643677
610.597656	926.147949
614.392578	908.964111
618.185547	915.867126
621.976563	914.303955
625.767578	934.253723
629.556641	932.696594
633.34375	922.65509
637.128906	949.814026
640.912109	951.526001
644.693359	945.399048
648.474609	947.110046
652.253906	950.784058
656.03125	925.676575
659.806641	952.904846
663.580078	960.513611
667.353516	955.683167
671.123047	956.090759
674.892578	976.821533
678.660156	982.484802
682.425781	994.714111
686.191406	981.353027
689.953125	975.203979
693.714844	956.566772
697.474609	956.316772
701.232422	952.778564
704.988281	994.62677
708.744141	981.229797
712.498047	1029.708984
716.248047	1034.098755
719.998047	998.955566
723.748047	1039.592651
727.494141	1028.16333
731.240234	1016.723999
734.982422	982.832581
738.724609	1026.832397
742.464844	1041.141357
746.205078	1016.468933
749.941406	1041.364014
753.677734	1039.15979
757.412109	1019.748169
761.144531	1058.578003
764.875	1033.196777
768.605469	1052.187012
772.332031	1106.324951
776.058594	1112.761841
779.783203	1099.964478
783.505859	1158.836548
787.228516	1137.415405
790.947266	1101.361694
794.666016	1111.131348
798.382813	1125.562744
802.097656	1110.741089
805.8125	1121.191528
809.523438	1142.967041
813.234375	1134.79248
816.943359	1113.286011
820.650391	1116.422241
824.357422	1107.55835
828.060547	1099.35376
831.763672	1072.455688
835.464844	1140.340454
839.164063	1086.051392
842.861328	1101.209961
846.558594	1103.01123
850.253906	1118.85791
853.947266	1122.005615
857.638672	1126.494385
861.328125	1103.532104
865.017578	1103.326904
868.705078	1066.931396
872.390625	1100.233154
876.074219	1087.951904
879.755859	1113.908691
883.4375	1074.769897
887.117188	1088.653687
890.794922	1078.361328
894.470703	1083.519531
898.146484	1065.146484
901.818359	1058.19397
905.490234	1063.349487
909.160156	1057.062988
912.830078	1081.081787
916.496094	1059.972168
920.162109	1067.832397
923.826172	1086.489624
927.488281	1048.487183
931.148438	1075.926147
934.808594	1049.366455
938.466797	1031.566406
942.123047	1051.597778
945.777344	1016.203979
949.429688	1011.218323
953.082031	1019.085205
956.732422	1065.545532
960.380859	1051.091919
964.027344	1060.3396
967.673828	1090.607056
971.318359	1050.377075
974.960938	1048.102661
978.601563	1034.967407
982.240234	1048.978882
985.878906	1034.473999
989.515625	1038.983154
993.150391	1072.047485
996.783203	1093.577637
1000.416016	1157.308472
1004.044922	1125.119995
1007.673828	1105.842163
1011.302734	1063.386475
1014.927734	1037.932617
1018.552734	1091.544922
1022.175781	1070.855591
1025.796875	1055.607544
1029.416016	1044.442383
1033.035156	1091.999268
1036.650391	1089.037842
1040.265625	1084.706787
1043.880859	1090.628418
1047.492188	1063.035645
1051.103516	1055.949951
1054.712891	1097.467163
1058.320313	1121.210693
1061.925781	1151.140503
1065.53125	1081.013672
1069.134766	1107.522217
1072.736328	1100.435547
1076.335938	1107.069702
1079.935547	1126.068237
1083.533203	1140.960815
1087.128906	1120.818481
1090.722656	1118.533569
1094.316406	1116.24646
1097.90625	1156.616455
1101.496094	1104.093994
1105.085938	1091.467773
1108.671875	1099.498169
1112.257813	1095.818481
1115.841797	1106.614624
1119.423828	1122.9375
1123.003906	1098.560547
1126.583984	1112.822021
1130.162109	1138.835571
1133.738281	1063.997803
1137.314453	1052.687622
1140.886719	1056.580444
1144.458984	1071.544312
1148.029297	1065.758789
1151.599609	1064.122192
1155.166016	1091.574097
1158.732422	1063.615723
1162.296875	1061.975342
1165.861328	1106.796631
1169.421875	1146.104492
1172.982422	1127.838013
1176.541016	1115.805176
1180.097656	1108.624634
1183.654297	1152.166382
1187.208984	1134.566284
1190.761719	1121.819702
1194.3125	1129.935425
1197.863281	1120.656128
1201.412109	1158.024048
1204.958984	1148.051514
1208.503906	1170.825562
1212.048828	1208.956665
1215.591797	1174.57959
1219.132813	1191.111694
1222.671875	1208.355347
1226.210938	1264.022217
1229.748047	1264.541992
1233.283203	1258.771362
1236.816406	1268.378418
1240.349609	1295.480713
1243.880859	1251.926025
1247.410156	1272.042358
1250.939453	1262.059082
1254.464844	1249.264771
1257.990234	1234.356689
1261.513672	1246.082764
1265.037109	1240.280273
1268.558594	1232.367188
1272.078125	1225.851563
1275.595703	1254.449219
1279.111328	1250.747314
1282.626953	1261.804077
1286.140625	1263.727417
1289.652344	1267.059082
1293.164063	1263.35498
1296.673828	1315.271851
1300.181641	1317.92334
1303.6875	1333.260864
1307.193359	1314.067017
1310.697266	1376.667236
1314.199219	1375.819092
1317.699219	1357.323853
1321.199219	1339.519287
1324.697266	1324.525513
1328.193359	1340.614014
1331.689453	1344.696411
1335.181641	1343.830933
1338.673828	1369.144287
1342.166016	1397.309448
1345.654297	1338.395386
1349.142578	1339.64978
1352.628906	1322.478027
1356.115234	1315.927124
1359.597656	1294.47522
1363.080078	1336.86853
1366.5625	1343.092285
1370.041016	1300.319092
1373.519531	1261.773438
1376.996094	1288.584839
1380.470703	1304.752197
1383.945313	1278.252808
1387.417969	1268.810303
1390.888672	1248.681274
1394.357422	1326.106079
1397.826172	1269.646484
1401.292969	1270.875488
1404.757813	1282.800903
1408.222656	1283.322144
1411.683594	1276.707031
1415.144531	1295.787842
1418.605469	1299.885132
1422.0625	1282.550049
1425.519531	1313.807007
1428.976563	1311.479736
1432.429688	1349.927002
1435.882813	1387.689575
1439.333984	1396.127808
1442.783203	1428.925171
1446.232422	1427.354736
1449.679688	1428.649902
1453.125	1439.268433
1456.570313	1417.61145
1460.011719	1439.716675
1463.453125	1410.143677
1466.894531	1413.587646
1470.332031	1424.219727
1473.769531	1405.386475
1477.207031	1409.550659
1480.640625	1426.667969
1484.074219	1394.856445
1487.505859	1357.258545
1490.935547	1332.595703
1494.365234	1356.914307
1497.792969	1276.000244
1501.21875	1314.0177
1504.644531	1308.776245
1508.066406	1280.433472
1511.490234	1275.89563
1514.910156	1290.857666
1518.330078	1279.815918
1521.748047	1296.959717
1525.164063	1289.526978
1528.580078	1281.364502
1531.992188	1298.528687
1535.40625	1283.845581
1538.816406	1287.984619
1542.226563	1288.503418
1545.634766	1308.59668
1549.041016	1317.10144
1552.447266	1345.928711
1555.851563	1351.55127
1559.253906	1317.239624
1562.65625	1406.395508
1566.056641	1385.158936
1569.455078	1382.080566
1572.851563	1424.820557
1576.248047	1423.937866
1579.642578	1396.121582
1583.035156	1374.836304
1586.427734	1375.388306
1589.818359	1376.669312
1593.207031	1356.807739
1596.595703	1371.939453
1599.982422	1358.626221
1603.367188	1391.289063
1606.751953	1399.879639
1610.132813	1395.327026
1613.513672	1421.465332
1616.894531	1411.799194
1620.273438	1391.153687
1623.650391	1360.247314
1627.025391	1389.340088
1630.400391	1363.533691
1633.773438	1338.438843
1637.144531	1409.331055
1640.513672	1434.0896
1643.882813	1430.262451
1647.251953	1384.607422
1650.617188	1491.598877
1653.982422	1467.961548
1657.345703	1451.651367
1660.707031	1453.701172
1664.068359	1493.984131
1667.427734	1454.862549
1670.787109	1462.801514
1674.142578	1485.46875
1677.498047	1469.860596
1680.853516	1451.292969
1684.205078	1433.447021
1687.556641	1425.171265
1690.90625	1420.576416
1694.255859	1416.715454
1697.603516	1394.396851
1700.949219	1380.183228
1704.294922	1350.444092
1707.638672	1379.065674
1710.980469	1330.818115
1714.320313	1338.744263
1717.660156	1326.69812
1720.998047	1333.888062
1724.335938	1340.342896
1727.669922	1305.316772
1731.003906	1321.399048
1734.337891	1299.682251
1737.669922	1335.058594
1741	1337.815063
1744.328125	1322.016113
1747.65625	1320.313477
1750.982422	1324.552124
1754.306641	1305.755371
1757.630859	1293.634644
1760.953125	1323.154785
1764.273438	1295.405396
1767.59375	1296.663574
1770.912109	1302.390259
1774.228516	1284.282959
1777.544922	1272.122925
1780.859375	1302.448364
1784.171875	1320.864258
1787.484375	1346.009644
1790.792969	1323.403564
1794.103516	1310.486572
1797.410156	1314.740356
1800.716797	1321.239014
1804.023438	1338.956665
1807.326172	1317.049316
1810.628906	1338.519531
1813.929688	1294.139282
1817.230469	1314.119263
1820.529297	1348.34729
1823.826172	1306.165405
1827.123047	1339.666992
1830.417969	1312.447144
1833.710938	1333.222534
1837.001953	1335.249878
1840.292969	1338.029419
1843.583984	1332.548096
1846.871094	1378.160767
1850.158203	1317.812744
1853.443359	1340.141602
1856.728516	1318.099609
1860.011719	1311.845337
1863.292969	1330.432617
1866.574219	1267.685425
1869.853516	1336.755615
1873.130859	1344.82019
1876.408203	1338.5625
1879.683594	1322.492065
1882.957031	1326.786011
1886.230469	1340.143066
1889.501953	1308.192017
1892.771484	1336.663696
1896.041016	1324.338867
1899.308594	1343.008057
1902.574219	1333.701294
1905.839844	1335.738892
1909.103516	1284.024292
1912.365234	1350.421143
1915.626953	1328.220703
1918.886719	1319.64624
1922.146484	1311.822998
1925.402344	1355.576538
1928.658203	1353.072754
1931.914063	1342.215698
1935.167969	1345.020264
1938.419922	1325.033813
1941.669922	1346.834839
1944.919922	1326.072266
1948.167969	1341.804932
1951.416016	1349.939941
1954.662109	1345.139648
1957.90625	1382.9823
1961.150391	1355.334961
1964.392578	1345.195068
1967.632813	1345.721191
1970.873047	1393.53772
1974.111328	1354.404297
1977.347656	1303.789673
1980.583984	1347.06311
1983.818359	1334.602417
1987.050781	1350.408447
1990.283203	1350.171265
1993.513672	1336.166504
1996.744141	1325.976196
1999.970703	1319.604736
2003.199219	1353.046021
2006.423828	1318.336548
2009.648438	1390.885498
2012.871094	1331.630859
2016.09375	1371.263184
2019.314453	1338.806885
2022.533203	1376.937134
2025.751953	1359.813599
2028.96875	1344.980713
2032.183594	1316.304443
2035.398438	1372.93335
2038.611328	1318.86731
2041.824219	1317.07251
2045.035156	1332.977173
2048.244141	1376.610962
2051.451172	1362.512085
2054.658203	1345.319824
2057.865234	1325.030762
2061.068359	1353.305664
2064.271484	1371.573853
2067.474609	1324.260376
2070.673828	1361.059204
2073.875	1336.873535
2077.072266	1346.663696
2080.269531	1337.138306
2083.464844	1384.049805
2086.660156	1362.154785
2089.853516	1347.206665
2093.044922	1401.142578
2096.236328	1364.513916
2099.425781	1386.734497
2102.613281	1374.871582
2105.800781	1369.201538
2108.986328	1383.692749
2112.169922	1339.225464
2115.353516	1377.778198
2118.535156	1379.087891
2121.716797	1349.325684
2124.896484	1351.401733
2128.074219	1377.578979
2131.251953	1344.6698
2134.427734	1388.758423
2137.603516	1358.940674
2140.777344	1344.671875
2143.949219	1313.255615
2147.119141	1335.580811
2150.289063	1366.497681
2153.458984	1351.428711
2156.625	1336.347778
2159.791016	1357.154297
2162.957031	1370.169312
2166.121094	1406.624756
2169.283203	1354.036865
2172.445313	1379.570801
2175.603516	1360.554321
2178.763672	1361.078369
2181.921875	1361.602661
2185.078125	1319.071167
2188.232422	1375.181519
2191.386719	1324.00415
2194.539063	1391.914795
2197.691406	1395.586548
2200.841797	1393.770264
2203.990234	1354.289551
2207.138672	1379.928345
2210.285156	1363.968628
2213.429688	1368.42041
2216.574219	1372.875366
2219.71875	1374.188843
2222.859375	1403.815186
2226	1347.707886
2229.140625	1364.753418
2232.279297	1390.472534
2235.416016	1333.506836
2238.550781	1363.960815
2241.685547	1378.672607
2244.820313	1319.270142
2247.951172	1340.286377
2251.082031	1350.27002
2254.212891	1338.94519
2257.341797	1379.736572
2260.46875	1393.696167
2263.595703	1370.518311
2266.720703	1337.834229
2269.84375	1384.223267
2272.966797	1354.68396
2276.087891	1367.867554
2279.208984	1389.771606
2282.328125	1336.433716
2285.445313	1392.419312
2288.5625	1384.230591
2291.677734	1390.311157
2294.792969	1367.833374
2297.90625	1419.946777
2301.017578	1387.934326
2304.128906	1371.783447
2307.238281	1391.377808
2310.345703	1369.650757
2313.453125	1400.391724
2316.558594	1401.721191
2319.664063	1399.072266
2322.767578	1379.702026
2325.871094	1484.561279
2328.972656	1506.638794
2332.072266	1454.607666
2335.169922	1415.294067
2338.267578	1416.630493
2341.365234	1366.100464
2344.460938	1325.11084
2347.554688	1343.981812
2350.648438	1385.235229
2353.740234	1374.573608
2356.830078	1391.085571
2359.919922	1392.414063
2363.007813	1383.342163
2366.095703	1390.270752
2369.181641	1370.781494
2372.265625	1409.749634
2375.349609	1397.463989
2378.431641	1366.731934
2381.513672	1375.269531
2384.59375	1386.219971
2387.673828	1377.115479
2390.75	1360.778442
2393.828125	1370.931763
2396.902344	1401.178101
2399.976563	1365.541138
2403.050781	1394.199585
2406.123047	1437.357666
2409.193359	1429.855469
2412.262695	1398.19873
2415.331055	1395.506836
2418.398438	1425.840454
2421.464844	1396.562866
2424.530273	1355.976318
2427.59375	1421.006836
2430.65625	1416.703369
2433.717773	1414.010376
2436.77832	1393.55249
2439.837891	1410.232666
2442.895508	1411.573242
2445.953125	1447.671509
2449.008789	1412.63916
2452.063477	1450.382202
2455.117188	1423.416016
2458.168945	1381.857666
2461.220703	1422.060303
2464.270508	1412.874756
2467.319336	1385.852417
2470.367188	1380.699341
2473.413086	1390.952148
2476.458984	1410.137207
2479.50293	1404.174805
2482.545898	1417.694946
2485.587891	1372.741211
2488.628906	1404.948242
2491.668945	1403.038086
2494.707031	1393.807495
2497.745117	1404.906982
2500.78125	1430.662964
2503.816406	1437.713501
2506.850586	1389.388916
2509.882813	1471.38269
2512.915039	1407.548218
2515.945313	1415.414673
2518.974609	1417.577271
2522.00293	1361.809204
2525.030273	1390.888794
2528.056641	1457.551514
2531.081055	1433.592285
2534.105469	1390.819824
2537.12793	1469.818604
2540.149414	1430.298096
2543.169922	1406.291382
2546.188477	1432.188232
2549.207031	1439.27417
2552.223633	1390.672607
2555.239258	1425.604248
2558.254883	1447.447754
2561.267578	1458.648193
2564.280273	1460.014038
2567.291992	1436.764282
2570.301758	1429.913696
2573.311523	1410.740479
2576.319336	1452.340576
2579.326172	1434.804199
2582.332031	1409.855713
2585.335938	1429.296875
2588.339844	1453.688232
2591.341797	1474.805542
2594.34375	1424.311157
2597.34375	1407.546631
2600.342773	1429.493286
2603.34082	1439.092651
2606.336914	1470.136597
2609.333008	1445.939331
2612.327148	1446.478027
2615.320313	1454.445801
2618.313477	1445.903931
2621.304688	1432.399048
2624.293945	1477.556396
2627.283203	1431.812012
2630.271484	1465.424194
2633.257813	1446.114014
2636.243164	1412.719849
2639.227539	1418.212524
2642.210938	1448.55542
2645.193359	1425.894775
2648.174805	1447.974121
2651.155273	1441.878662
2654.133789	1466.468018
2657.112305	1466.182617
2660.088867	1465.896484
2663.064453	1435.716553
2666.039063	1453.693237
2669.012695	1442.598389
2671.984375	1433.988892
2674.956055	1466.121338
2677.925781	1472.488037
2680.895508	1441.408936
2683.863281	1468.58374
2686.830078	1467.461792
2689.795898	1450.508911
2692.760742	1467.714722
2695.723633	1458.252563
2698.686523	1473.805176
2701.647461	1493.540894
2704.608398	1496.597046
2707.567383	1457.070313
2710.525391	1498.538696
2713.482422	1534.18811
2716.438477	1471.224487
2719.392578	1550.373413
2722.34668	1523.339844
2725.299805	1541.47583
2728.250977	1483.443481
2731.201172	1511.627075
2734.150391	1532.291138
2737.098633	1502.684937
2740.045898	1488.986084
2742.992188	1518.889282
2745.9375	1490.083496
2748.881836	1499.025391
2751.824219	1480.265869
2754.765625	1490.890015
2757.707031	1491.438721
2760.646484	1483.581787
2763.584961	1500.944824
2766.522461	1515.796753
2769.458984	1491.109497
2772.393555	1481.55603
2775.328125	1517.468628
2778.261719	1494.438599
2781.193359	1458.750366
2784.124023	1481.204834
2787.054688	1511.265381
2789.983398	1508.445435
2792.911133	1478.616333
2795.837891	1499.421021
2798.762695	1519.39624
2801.6875	1511.504272
2804.611328	1487.547607
2807.533203	1502.466309
2810.455078	1523.316284
2813.375	1554.334717
2816.293945	1521.8927
2819.211914	1491.120239
2822.129883	1487.430542
2825.045898	1532.885132
2827.959961	1547.856323
2830.874023	1589.12561
2833.787109	1575.285522
2836.698242	1603.016602
2839.609375	1629.918701
2842.518555	1746.858032
2845.427734	1839.245972
2848.334961	1884.109375
2851.241211	1952.809692
2854.146484	1962.026855
2857.050781	1969.548828
2859.954102	1972.820435
2862.856445	2033.137695
2865.757813	2003.217285
2868.657227	2061.884521
2871.556641	2153.834961
2874.454102	2264.609863
2877.351563	2218.522461
2880.24707	2296.976807
2883.141602	2358.41626
2886.036133	2306.33374
2888.928711	2280.692627
2891.820313	2331.937744
2894.710938	2276.36792
2897.599609	2310.545166
2900.488281	2351.590332
2903.375977	2398.654785
2906.262695	2344.738525
2909.147461	2444.928467
2912.032227	2468.0896
2914.915039	2538.401367
2917.797852	2637.911865
2920.678711	2650.875244
2923.558594	2694.732422
2926.4375	2729.18042
2929.31543	2755.926025
2932.192383	2782.690186
2935.068359	2770.810791
2937.943359	2757.203125
2940.817383	2776.256836
2943.69043	2649.106934
2946.561523	2557.141113
2949.432617	2506.422852
2952.301758	2416.920898
2955.170898	2373.004639
2958.038086	2374.724121
2960.905273	2372.996338
2963.770508	2334.188965
2966.634766	2333.306885
2969.499023	2292.72998
2972.361328	2258.166016
2975.222656	2210.623535
2978.083008	2161.318604
2980.942383	2132.717285
2983.800781	2060.00708
2986.657227	2052.102051
2989.513672	1993.151001
2992.369141	1942.810913
2995.223633	1881.17981
2998.076172	1855.876831
3000.928711	1797.634521
3003.779297	1725.483643
3006.629883	1755.580933
3009.478516	1673.822266
3012.327148	1667.483643
3015.173828	1668.08313
3018.019531	1643.504883
3020.865234	1642.358398
3023.708984	1577.786499
3026.551758	1580.960571
3029.393555	1637.172974
3032.234375	1607.319092
3035.074219	1611.376099
3037.913086	1518.822998
3040.750977	1612.532349
3043.587891	1546.913818
3046.423828	1584.935181
3049.258789	1599.449341
3052.091797	1588.687134
3054.924805	1594.489624
3057.756836	1680.572632
3060.586914	1563.334961
3063.416992	1578.73877
3066.246094	1580.177124
3069.073242	1613.073608
3071.900391	1576.062744
3074.725586	1551.267212
3077.550781	1574.565308
3080.374023	1543.625366
3083.196289	1525.793701
3086.018555	1536.846924
3088.838867	1541.775635
3091.658203	1516.036255
3094.477539	1571.805054
3097.294922	1551.31897
3100.111328	1552.749512
3102.926758	1524.34314
3105.741211	1566.146973
3108.554688	1572.852417
3111.367188	1570.777222
3114.178711	1531.789429
3116.990234	1563.983765
3119.799805	1518.80896
3122.607422	1541.343506
3125.415039	1533.971069
3128.22168	1508.104858
3131.027344	1535.062134
3133.832031	1541.77478
3136.635742	1508.832153
3139.438477	1529.645874
3142.240234	1501.084595
3145.041016	1533.379028
3147.839844	1522.449707
3150.638672	1537.999146
3153.436523	1502.333252
3156.233398	1494.030762
3159.02832	1502.514893
3161.823242	1496.858398
3164.617188	1516.846924
3167.410156	1477.569458
3170.201172	1548.899536
3172.992188	1514.03186
3175.782227	1487.996338
3178.570313	1539.912354
3181.358398	1518.298584
3184.144531	1532.135254
3186.930664	1506.067871
3189.71582	1584.680786
3192.499023	1507.132446
3195.282227	1510.328491
3198.063477	1480.662354
3200.844727	1536.620239
