399.333984	919.705139
403.220703	915.653259
407.103516	889.968628
410.986328	893.536865
414.867188	873.55011
418.748047	886.031433
422.625	881.317566
426.501953	833.88501
430.375	870.601135
434.248047	868.425964
438.119141	875.823975
441.988281	825.11261
445.855469	835.692322
449.722656	829.662109
453.585938	817.231812
457.449219	823.982666
461.310547	808.338623
465.169922	827.256531
469.027344	841.065979
472.882813	802.33783
476.736328	826.405945
480.589844	856.908569
484.441406	823.269775
488.289063	851.229065
492.136719	857.376465
495.984375	826.906067
499.828125	849.117371
503.669922	850.126587
507.511719	835.052917
511.351563	841.848999
515.189453	822.894958
519.025391	857.390442
522.859375	860.981934
526.691406	862.64209
530.523438	863.013428
534.351563	831.120789
538.179688	850.199524
542.005859	844.752686
545.830078	851.577087
549.654297	840.308105
553.474609	843.902649
557.294922	883.082031
561.113281	813.561157
564.927734	846.285645
568.744141	854.422424
572.556641	831.459045
576.367188	838.299255
580.177734	812.714294
583.986328	833.178589
587.792969	819.254089
591.597656	839.738281
595.400391	810.860413
599.201172	787.807678
603.001953	810.90509
606.800781	795.638916
610.597656	761.484924
614.392578	801.529297
618.185547	838.350647
621.976563	854.349609
625.767578	849.49939
629.556641	844.644775
633.34375	847.615967
637.128906	857.117371
640.912109	855.524414
644.693359	858.503357
648.474609	851.026428
652.253906	847.46637
656.03125	849.136536
659.806641	869.132996
663.580078	893.729431
667.353516	906.556213
671.123047	901.045105
674.892578	851.604797
678.660156	886.072754
682.425781	866.109924
686.191406	849.411926
689.953125	876.698547
693.714844	875.757935
697.474609	873.501709
701.232422	902.147827
704.988281	908.452087
708.744141	916.735779
712.498047	911.858643
716.248047	952.424744
719.998047	972.5979
723.748047	980.921875
727.494141	987.274231
731.240234	960.642517
734.982422	906.26532
738.724609	939.667236
742.464844	954.599854
746.205078	945.752319
749.941406	936.235779
753.677734	971.690491
757.412109	985.999207
761.144531	973.838745
764.875	972.264587
768.605469	979.965088
772.332031	1016.175049
776.058594	1071.646729
779.783203	1106.598755
783.505859	1139.588989
787.228516	1078.984253
790.947266	1066.155396
794.666016	1048.663452
798.382813	1069.716797
802.097656	1059.527222
805.8125	1067.959961
809.523438	1115.674316
813.234375	1108.82019
816.943359	1097.296265
820.650391	1108.42395
824.357422	1078.218994
828.060547	1059.328735
831.763672	1042.424316
835.464844	1048.205322
839.164063	1035.956787
842.861328	1003.651306
846.558594	1007.416931
850.253906	1019.210693
853.947266	1047.071411
857.638672	1036.133789
861.328125	1053.310669
865.017578	1041.696045
868.705078	1007.285034
872.390625	1025.141113
876.074219	1016.182007
879.755859	1013.254333
883.4375	1016.365723
887.117188	993.958923
890.794922	981.611084
894.470703	976.646362
898.146484	991.177979
901.818359	1031.957764
905.490234	1020.950073
909.160156	1009.259521
912.830078	1013.051025
916.496094	970.349548
920.162109	985.587708
923.826172	973.861572
927.488281	968.197632
931.148438	1007.752686
934.808594	962.256897
938.466797	1004.544312
942.123047	977.931824
945.777344	975.636963
949.429688	985.515137
953.082031	1000.138062
956.732422	964.67749
960.380859	985.398682
964.027344	992.586243
967.673828	948.265503
971.318359	996.807129
974.960938	995.188721
978.601563	986.782043
982.240234	963.431091
985.878906	1031.077759
989.515625	1000.25061
993.150391	997.949036
996.783203	1031.009766
1000.416016	1101.518188
1004.044922	1146.900879
1007.673828	1024.129761
1011.302734	1050.443237
1014.927734	999.768372
1018.552734	1003.594055
1022.175781	1020.382141
1025.796875	1007.160156
1029.416016	1051.951416
1033.035156	1006.633484
1036.650391	1001.586914
1040.265625	1014.990295
1043.880859	1033.874756
1047.492188	1024.043945
1051.103516	1021.048218
1054.712891	1016.68042
1058.320313	1015.733337
1061.925781	1043.563599
1065.53125	1028.916626
1069.134766	1008.770935
1072.736328	1023.597229
1076.335938	1057.653076
1079.935547	1083.497437
1083.533203	1045.480103
1087.128906	1120.131226
1090.722656	1079.347046
1094.316406	1138.942749
1097.90625	1100.884155
1101.496094	1104.093994
1105.085938	1092.845093
1108.671875	1082.275391
1112.257813	1008.290894
1115.841797	1014.913818
1119.423828	972.568726
1123.003906	1033.695801
1126.583984	1000.98761
1130.162109	1014.523621
1133.738281	995.597961
1137.314453	987.715454
1140.886719	975.677307
1144.458984	942.184204
1148.029297	952.954407
1151.599609	990.734436
1155.166016	992.529053
1158.732422	992.246094
1162.296875	1023.156433
1165.861328	1012.483154
1169.421875	1069.790039
1172.982422	1045.245605
1176.541016	1028.318359
1180.097656	1028.047852
1183.654297	1042.370117
1187.208984	1024.029419
1190.761719	1018.192139
1194.3125	1056.879272
1197.863281	1048.265991
1201.412109	1057.053833
1204.958984	1147.354858
1208.503906	1119.950439
1212.048828	1121.805908
1215.591797	1115.990112
1219.132813	1172.271606
1222.671875	1212.543701
1226.210938	1250.75354
1229.748047	1257.555542
1233.283203	1274.84668
1236.816406	1262.085571
1240.349609	1274.495605
1243.880859	1284.816162
1247.410156	1283.24353
1250.939453	1259.958008
1254.464844	1263.978394
1257.990234	1272.20752
1261.513672	1234.863159
1265.037109	1241.68335
1268.558594	1249.912354
1272.078125	1223.043213
1275.595703	1201.068359
1279.111328	1180.480591
1282.626953	1220.329712
1286.140625	1241.223633
1289.652344	1282.536743
1293.164063	1286.580933
1296.673828	1316.680054
1300.181641	1343.985962
1303.6875	1322.690674
1307.193359	1336.626099
1310.697266	1351.277954
1314.199219	1377.935669
1317.699219	1410.261597
1321.199219	1347.286621
1324.697266	1347.130737
1328.193359	1400.683716
1331.689453	1336.212524
1335.181641	1389.804077
1338.673828	1396.739502
1342.166016	1371.118774
1345.654297	1340.519775
1349.142578	1271.640015
1352.628906	1284.915649
1356.115234	1270.550293
1359.597656	1261.138062
1363.080078	1271.586182
1366.5625	1236.610352
1370.041016	1263.390381
1373.519531	1247.564331
1376.996094	1230.303589
1380.470703	1199.518799
1383.945313	1219.924072
1387.417969	1196.937134
1390.888672	1205.966919
1394.357422	1202.184204
1397.826172	1216.922729
1401.292969	1196.03418
1404.757813	1167.284668
1408.222656	1149.211792
1411.683594	1143.255859
1415.144531	1195.83728
1418.605469	1212.035767
1422.0625	1206.811646
1425.519531	1189.431396
1428.976563	1192.774414
1432.429688	1244.765869
1435.882813	1307.53418
1439.333984	1357.46582
1442.783203	1363.746216
1446.232422	1363.582397
1449.679688	1385.639893
1453.125	1412.0177
1456.570313	1415.459229
1460.011719	1404.549072
1463.453125	1357.011963
1466.894531	1356.843018
1470.332031	1342.30188
1473.769531	1315.527954
1477.207031	1372.873535
1480.640625	1389.256592
1484.074219	1384.780029
1487.505859	1302.536255
1490.935547	1236.072632
1494.365234	1229.365845
1497.792969	1141.912109
1501.21875	1111.361816
1504.644531	1157.26416
1508.066406	1111.537476
1511.490234	1114.874268
1514.910156	1065.481323
1518.330078	1100.598267
1521.748047	1080.799683
1525.164063	1073.279907
1528.580078	1130.871094
1531.992188	1111.059937
1535.40625	1126.713867
1538.816406	1097.467285
1542.226563	1100.807983
1545.634766	1098.351318
1549.041016	1135.782471
1552.447266	1184.127075
1555.851563	1202.024048
1559.253906	1210.495239
1562.65625	1261.83313
1566.056641	1282.689087
1569.455078	1328.280518
1572.851563	1388.45459
1576.248047	1368.639282
1579.642578	1309.500854
1583.035156	1264.150391
1586.427734	1221.677002
1589.818359	1182.813232
1593.207031	1178.184448
1596.595703	1220.960449
1599.982422	1234.584106
1603.367188	1235.809204
1606.751953	1227.541748
1610.132813	1195.159668
1613.513672	1210.986206
1616.894531	1243.640869
1620.273438	1240.481934
1623.650391	1232.929932
1627.025391	1203.411621
1630.400391	1228.791382
1633.773438	1266.645142
1637.144531	1295.734375
1640.513672	1315.315308
1643.882813	1271.099854
1647.251953	1340.581665
1650.617188	1363.873291
1653.982422	1376.902344
1657.345703	1423.734985
1660.707031	1416.954468
1664.068359	1416.785156
1667.427734	1416.615479
1670.787109	1371.560425
1674.142578	1404.496704
1677.498047	1405.793579
1680.853516	1362.889282
1684.205078	1340.586182
1687.556641	1296.883789
1690.90625	1264.209839
1694.255859	1283.898438
1697.603516	1220.189575
1700.949219	1194.82959
1704.294922	1163.539063
1707.638672	1158.829102
1710.980469	1084.616821
1714.320313	1128.687134
1717.660156	1120.99707
1720.998047	1130.325806
1724.335938	1119.667603
1727.669922	1081.590454
1731.003906	1109.44165
1734.337891	1086.157715
1737.669922	1059.146484
1741	1097.409058
1744.328125	1066.668823
1747.65625	1076.00354
1750.982422	1040.029663
1754.306641	1047.131104
1757.630859	1049.7771
1760.953125	1040.52478
1764.273438	1011.91925
1767.59375	1029.440674
1770.912109	1027.61499
1774.228516	1062.289795
1777.544922	1039.608398
1780.859375	1054.93103
1784.171875	1041.924072
1787.484375	1055.020874
1790.792969	1062.156372
1794.103516	1075.270996
1797.410156	1057.021362
1800.716797	1044.735352
1804.023438	1022.720642
1807.326172	1032.099976
1810.628906	1018.292419
1813.929688	1046.38916
1817.230469	1046.053955
1820.529297	1062.947144
1823.826172	1052.875732
1827.123047	1076.531494
1830.417969	1049.207764
1833.710938	1050.372314
1837.001953	1055.290283
1840.292969	1033.931763
1843.583984	1048.611694
1846.871094	1051.279663
1850.158203	1041.921509
1853.443359	1060.381348
1856.728516	1056.2854
1860.011719	1043.906738
1863.292969	1065.400269
1866.574219	1063.560181
1869.853516	1054.183228
1873.130859	1044.0448
1876.408203	1061.800537
1879.683594	1049.393311
1882.957031	1070.183472
1886.230469	1091.744751
1889.501953	1068.759644
1892.771484	1054.067749
1896.041016	1069.600098
1899.308594	1060.946167
1902.574219	1071.953979
1905.839844	1048.157715
1909.103516	1071.282104
1912.365234	1077.761841
1915.626953	1060.758179
1918.886719	1068.754272
1922.146484	1072.965088
1925.402344	1102.970459
1928.658203	1091.261108
1931.914063	1087.893188
1935.167969	1076.927612
1938.419922	1078.109497
1941.669922	1121.855591
1944.919922	1091.120239
1948.167969	1092.308228
1951.416016	1107.9552
1954.662109	1077.938721
1957.90625	1066.175781
1961.150391	1064.307373
1964.392578	1073.869629
1967.632813	1068.952515
1970.873047	1092.25293
1974.111328	1095.732056
1977.347656	1087.000244
1980.583984	1089.715942
1983.818359	1074.098999
1987.050781	1101.266846
1990.283203	1090.993408
1993.513672	1112.834717
1996.744141	1127.806641
1999.970703	1099.1604
2003.199219	1077.383057
2006.423828	1100.78418
2009.648438	1087.419556
2012.871094	1099.342896
2016.09375	1096.703735
2019.314453	1097.131104
2022.533203	1098.326172
2025.751953	1097.986084
2028.96875	1097.64563
2032.183594	1128.809814
2035.398438	1100.806641
2038.611328	1080.471436
2041.824219	1076.276001
2045.035156	1102.092041
2048.244141	1105.600342
2051.451172	1133.757935
2054.658203	1084.115112
2057.865234	1087.619751
2061.068359	1098.837891
2064.271484	1061.465576
2067.474609	1118.212891
2070.673828	1108.61084
2073.875	1102.862671
2077.072266	1107.153809
2080.269531	1133.862427
2083.464844	1128.116577
2086.660156	1103.801758
2089.853516	1120.479736
2093.044922	1139.492798
2096.236328	1089.597656
2099.425781	1103.964722
2102.613281	1106.717407
2105.800781	1134.281982
2108.986328	1119.984497
2112.169922	1135.936279
2115.353516	1137.928345
2118.535156	1094.883911
2121.716797	1115.504639
2124.896484	1113.604736
2128.074219	1120.254639
2131.251953	1130.798096
2134.427734	1097.780396
2137.603516	1092.756348
2140.777344	1121.20874
2143.949219	1130.209961
2147.119141	1089.347778
2150.289063	1133.421387
2153.458984	1102.666016
2156.625	1096.850586
2159.791016	1098.834473
2162.957031	1167.181274
2166.121094	1102.025269
2169.283203	1122.764648
2172.445313	1103.656738
2175.603516	1100.954224
2178.763672	1100.596191
2181.921875	1115.105591
2185.078125	1129.625977
2188.232422	1117.530762
2191.386719	1097.591553
2194.539063	1116.823608
2197.691406	1078.835449
2200.841797	1105.133545
2203.990234	1110.266357
2207.138672	1098.134033
2210.285156	1073.428345
2213.429688	1104.477173
2216.574219	1110.402344
2219.71875	1105.325806
2222.859375	1071.146362
2226	1097.520508
2229.140625	1082.987671
2232.279297	1084.977905
2235.416016	1079.092896
2238.550781	1118.116943
2241.685547	1121.69873
2244.820313	1122.917358
2247.951172	1080.748901
2251.082031	1126.934814
2254.212891	1113.945557
2257.341797	1129.37793
2260.46875	1117.169189
2263.595703	1140.517822
2266.720703	1103.001587
2269.84375	1081.276123
2272.966797	1136.288574
2276.087891	1111.392334
2279.208984	1061.928101
2282.328125	1112.24231
2285.445313	1106.327515
2288.5625	1115.471069
2291.677734	1092.104126
2294.792969	1115.530029
2297.90625	1119.924561
2301.017578	1135.438232
2304.128906	1109.65918
2307.238281	1110.877319
2310.345703	1126.404541
2313.453125	1118.881958
2316.558594	1123.286255
2319.664063	1118.939453
2322.767578	1123.346558
2325.871094	1197.046997
2328.972656	1224.592163
2332.072266	1211.508789
2335.169922	1139.411377
2338.267578	1136.654541
2341.365234	1105.966919
2344.460938	1094.413818
2347.554688	1121.182739
2350.648438	1101.637451
2353.740234	1106.851318
2356.830078	1101.675781
2359.919922	1099.69519
2363.007813	1092.112183
2366.095703	1103.732422
2369.181641	1094.543335
2372.265625	1129.401733
2375.349609	1125.823975
2378.431641	1100.599976
2381.513672	1134.697632
2384.59375	1131.116943
2387.673828	1125.928345
2390.75	1122.341187
2393.828125	1130.797852
2396.902344	1130.422974
2399.976563	1144.514771
2403.050781	1147.360352
2406.123047	1110.795166
2409.193359	1146.620117
2412.262695	1128.540283
2415.331055	1099.172974
2418.398438	1089.922119
2421.464844	1118.539673
2424.530273	1107.67627
2427.59375	1160.515869
2430.65625	1110.934204
2433.717773	1112.161133
2436.77832	1131.958618
2439.837891	1105.7323
2442.895508	1135.237793
2445.953125	1110.609009
2449.008789	1155.501587
2452.063477	1141.377197
2455.117188	1138.570923
2458.168945	1115.52417
2461.220703	1163.724731
2464.270508	1143.099976
2467.319336	1120.838501
2470.367188	1163.419556
2473.413086	1138.715332
2476.458984	1123.728394
2479.50293	1129.021484
2482.545898	1118.078979
2485.587891	1108.752441
2488.628906	1145.735718
2491.668945	1090.890625
2494.707031	1134.399902
2497.745117	1108.794556
2500.78125	1099.445801
2503.816406	1119.397583
2506.850586	1129.591064
2509.882813	1139.791992
2512.915039	1130.439697
2515.945313	1128.418213
2518.974609	1165.54541
2522.00293	1151.295776
2525.030273	1108.466553
2528.056641	1128.479614
2531.081055	1121.551025
2534.105469	1146.486572
2537.12793	1137.924072
2540.149414	1130.990479
2543.169922	1154.320557
2546.188477	1108.922974
2549.207031	1121.618652
2552.223633	1137.599609
2555.239258	1186.364868
2558.254883	1127.796143
2561.267578	1163.474854
2564.280273	1161.449341
2567.291992	1125.779907
2570.301758	1149.184448
2573.311523	1101.987061
2576.319336	1128.685425
2579.326172	1148.00769
2582.332031	1166.521973
2585.335938	1166.135132
2588.339844	1158.343506
2591.341797	1165.359741
2594.34375	1132.039185
2597.34375	1171.171021
2600.342773	1148.538086
2603.34082	1122.591187
2606.336914	1154.341675
2609.333008	1159.720825
2612.327148	1198.109497
2615.320313	1192.777588
2618.313477	1182.486816
2621.304688	1189.535645
2624.293945	1169.31897
2627.283203	1174.714111
2630.271484	1172.670166
2633.257813	1183.861084
2636.243164	1180.163208
2639.227539	1182.25769
2642.210938	1189.322754
2645.193359	1190.59314
2648.174805	1157.881958
2651.155273	1175.723999
2654.133789	1211.826782
2657.112305	1196.51123
2660.088867	1175.373413
2663.064453	1185.773926
2666.039063	1185.383057
2669.012695	1184.991577
2671.984375	1159.660645
2674.956055	1208.323486
2677.925781	1180.486084
2680.895508	1217.541138
2683.863281	1226.317383
2686.830078	1209.281738
2689.795898	1194.732788
2692.760742	1178.505737
2695.723633	1213.126099
2698.686523	1206.9021
2701.647461	1218.195313
2704.608398	1210.298828
2707.567383	1213.251099
2710.525391	1237.088013
2713.482422	1204.955933
2716.438477	1210.416504
2719.392578	1243.47644
2722.34668	1289.108643
2725.299805	1265.315674
2728.250977	1284.199951
2731.201172	1269.599243
2734.150391	1246.609741
2737.098633	1292.325806
2740.045898	1242.498535
2742.992188	1254.698242
2745.9375	1286.203735
2748.881836	1299.267334
2751.824219	1285.471924
2754.765625	1235.548828
2757.707031	1238.524292
2760.646484	1238.139404
2763.584961	1238.594849
2766.522461	1259.238403
2769.458984	1258.018433
2772.393555	1255.955444
2775.328125	1277.469482
2778.261719	1226.551636
2781.193359	1266.609985
2784.124023	1237.56897
2787.054688	1213.566406
2789.983398	1204.731567
2792.911133	1233.868164
2795.837891	1263.025879
2798.762695	1245.752808
2801.6875	1228.466919
2804.611328	1266.95105
2807.533203	1259.805664
2810.455078	1221.359619
2813.375	1266.651611
2816.293945	1287.42981
2819.211914	1255.724731
2822.129883	1249.407837
2825.045898	1274.438477
2827.959961	1318.983765
2830.874023	1302.506348
2833.787109	1372.542725
2836.698242	1406.988647
2839.609375	1453.344238
2842.518555	1575.314453
2845.427734	1654.046997
2848.334961	1801.674316
2851.241211	1867.793945
2854.146484	1902.494263
2857.050781	1969.548828
2859.954102	2001.757446
2862.856445	2082.518799
2865.757813	2152.266113
2868.657227	2293.633545
2871.556641	2371.178711
2874.454102	2476.917236
2877.351563	2505.113525
2880.24707	2552.101563
2883.141602	2658.019531
2886.036133	2595.799561
2888.928711	2603.577393
2891.820313	2594.270264
2894.710938	2639.663574
2897.599609	2632.927002
2900.488281	2667.24585
2903.375977	2762.34668
2906.262695	2830.978516
2909.147461	2881.675781
2912.032227	2964.106201
2914.915039	3145.149658
2917.797852	3172.009766
2920.678711	3204.891846
2923.558594	3362.195801
2926.4375	3512.74707
2929.31543	3493.415283
2932.192383	3524.740967
2935.068359	3625.680908
2937.943359	3523.856689
2940.817383	3525.132568
2943.69043	3426.636963
2946.561523	3316.023438
2949.432617	3157.128662
2952.301758	3023.949463
2955.170898	2939.769531
2958.038086	2921.875732
2960.905273	2849.664551
2963.770508	2858.45459
2966.634766	2816.357422
2969.499023	2731.947021
2972.361328	2636.253418
2975.222656	2537.035889
2978.083008	2531.040527
2980.942383	2446.402832
2983.800781	2332.312012
2986.657227	2310.668701
2989.513672	2241.429688
2992.369141	2101.177979
2995.223633	2015.36438
2998.076172	1898.311646
3000.928711	1815.827393
3003.779297	1819.94751
3006.629883	1727.838379
3009.478516	1675.556763
3012.327148	1593.739502
3015.173828	1568.275879
3018.019531	1535.8479
3020.865234	1474.735352
3023.708984	1448.331543
3026.551758	1452.328369
3029.393555	1458.066528
3032.234375	1415.971558
3035.074219	1407.778931
3037.913086	1432.654785
3040.750977	1434.039307
3043.587891	1417.133301
3046.423828	1437.681763
3049.258789	1476.548828
3052.091797	1457.89502
3054.924805	1432.249512
3057.756836	1486.861694
3060.586914	1546.750122
3063.416992	1524.600586
3066.246094	1553.971802
3069.073242	1468.019409
3071.900391	1451.935791
3074.725586	1411.355835
3077.550781	1402.237915
3080.374023	1404.489014
3083.196289	1417.246094
3086.018555	1434.390381
3088.838867	1371.829834
3091.658203	1400.361816
3094.477539	1342.126953
3097.294922	1379.437378
3100.111328	1400.983521
3102.926758	1397.095215
3105.741211	1383.546875
3108.554688	1388.430908
3111.367188	1377.504761
3114.178711	1374.480103
3116.990234	1396.947754
3119.799805	1356.11084
3122.607422	1397.942261
3125.415039	1404.599976
3128.22168	1402.458374
3131.027344	1356.279785
3133.832031	1373.501099
3136.635742	1329.922729
3139.438477	1349.79126
3142.240234	1388.19458
3145.041016	1386.922852
3147.839844	1362.702881
3150.638672	1330.519287
3153.436523	1368.969116
3156.233398	1346.483154
3159.02832	1302.768799
3161.823242	1358.931763
3164.617188	1322.265991
3167.410156	1367.857666
3170.201172	1364.801758
3172.992188	1353.77478
3175.782227	1359.568115
3178.570313	1410.552612
3181.358398	1376.484375
3184.144531	1354.80481
3186.930664	1393.423218
3189.71582	1363.748169
3192.499023	1363.342407
3195.282227	1401.116089
3198.063477	1397.169678
3200.844727	1337.658936
