399.333984	883.476257
403.220703	878.136902
407.103516	868.339661
410.986328	875.717041
414.867188	877.3703
418.748047	854.819702
422.625	845.631531
426.501953	847.273071
430.375	824.679321
434.248047	817.379578
438.119141	818.371948
441.988281	837.885254
445.855469	826.747559
449.722656	814.321655
453.585938	819.789673
457.449219	811.187927
461.310547	841.619385
465.169922	794.601624
469.027344	834.019714
472.882813	805.542053
476.736328	800.761047
480.589844	804.313904
484.441406	804.661133
488.289063	815.921692
492.136719	816.916016
495.984375	803.133301
499.828125	825.334351
503.669922	841.766785
507.511719	837.626282
511.351563	824.471375
515.189453	825.47052
519.025391	809.077698
522.859375	813.937256
526.691406	834.918884
530.523438	812.703186
534.351563	819.505737
538.179688	826.313904
542.005859	818.273438
545.830078	829.609253
549.654297	837.722595
553.474609	807.042542
557.294922	821.622131
561.113281	804.5
564.927734	835.925659
568.744141	797.417725
572.556641	812.665344
576.367188	782.542297
580.177734	802.336487
583.986328	804.627319
587.792969	812.11322
591.597656	791.679016
595.400391	799.165344
599.201172	793.00769
603.001953	797.249146
606.800781	776.122009
610.597656	774.50177
614.392578	810.644958
618.185547	812.294678
621.976563	810.035522
625.767578	792.779175
629.556641	828.99115
633.34375	838.480774
637.128906	836.227966
640.912109	823.523865
644.693359	816.035522
648.474609	810.501404
652.253906	797.769287
656.03125	811.847778
659.806641	840.990845
663.580078	838.075989
667.353516	826.643005
671.123047	867.624512
674.892578	841.771057
678.660156	814.583557
682.425781	852.330872
686.191406	843.504089
689.953125	839.923157
693.714844	838.966858
697.474609	842.610352
701.232422	854.804749
704.988281	836.749512
708.744141	868.036255
712.498047	868.405457
716.248047	921.467651
719.998047	896.81958
723.748047	907.748291
727.494141	916.70752
731.240234	888.066528
734.982422	883.823242
738.724609	890.141602
742.464844	895.804382
746.205078	888.914612
749.941406	899.209534
753.677734	877.762634
757.412109	918.501282
761.144531	897.705872
764.875	913.319397
768.605469	943.522827
772.332031	963.145691
776.058594	989.416382
779.783203	1001.777039
783.505859	998.882629
787.228516	976.729736
790.947266	963.193298
794.666016	969.581726
798.382813	935.420471
802.097656	953.108948
805.8125	984.120056
809.523438	975.216492
813.234375	972.298767
816.943359	973.375671
820.650391	966.455017
824.357422	969.530273
828.060547	949.927063
831.763672	977.68988
835.464844	961.411194
839.164063	957.809143
842.861328	964.226929
846.558594	965.970459
850.253906	966.377625
853.947266	975.482544
857.638672	936.402588
861.328125	944.162842
865.017578	941.210876
868.705078	938.926392
872.390625	958.094604
876.074219	915.569946
879.755859	919.981262
883.4375	924.396057
887.117188	932.172302
890.794922	942.642273
894.470703	954.465149
898.146484	968.987427
901.818359	935.758301
905.490234	941.535339
909.160156	923.078613
912.830078	893.155396
916.496094	922.50592
920.162109	912.106812
923.826172	909.791687
927.488281	903.426208
931.148438	897.055176
934.808594	913.637573
938.466797	886.322876
942.123047	916.430908
945.777344	898.559631
949.429688	911.787537
953.082031	922.996155
956.732422	924.73645
960.380859	925.800659
964.027344	899.764221
967.673828	884.55072
971.318359	894.414063
974.960938	900.893433
978.601563	908.056641
982.240234	909.794006
985.878906	885.721619
989.515625	893.566284
993.150391	911.614258
996.783203	921.515991
1000.416016	951.836853
1004.044922	995.795837
1007.673828	951.950317
1011.302734	927.823425
1014.927734	875.734375
1018.552734	884.280945
1022.175781	890.106079
1025.796875	873.417969
1029.416016	908.596619
1033.035156	929.462769
1036.650391	925.067322
1040.265625	892.644653
1043.880859	927.205139
1047.492188	910.489319
1051.103516	932.767212
1054.712891	913.300781
1058.320313	893.132996
1061.925781	912.004761
1065.53125	954.883972
1069.134766	964.881531
1072.736328	952.93335
1076.335938	942.347595
1079.935547	948.231873
1083.533203	961.676819
1087.128906	941.460022
1090.722656	933.60083
1094.316406	954.621155
1097.90625	943.320129
1101.496094	930.632813
1105.085938	934.461731
1108.671875	929.337708
1112.257813	899.398193
1115.841797	913.560364
1119.423828	918.077271
1123.003906	935.708679
1126.583984	938.8573
1130.162109	942.008362
1133.738281	871.234619
1137.314453	894.404358
1140.886719	915.518616
1144.458984	920.047729
1148.029297	894.822144
1151.599609	920.116089
1155.166016	944.738037
1158.732422	902.860779
1162.296875	915.711182
1165.861328	910.541382
1169.421875	924.792603
1172.982422	945.301819
1176.541016	962.355957
1180.097656	952.333496
1183.654297	933.963562
1187.208984	925.311035
1190.761719	920.824036
1194.3125	930.944336
1197.863281	935.504272
1201.412109	965.136169
1204.958984	976.679749
1208.503906	995.898682
1212.048828	992.125366
1215.591797	1016.945923
1219.132813	1029.924438
1222.671875	1026.159668
1226.210938	1056.61084
1229.748047	1064.031738
1233.283203	1079.845459
1236.816406	1105.46106
1240.349609	1085.629639
1243.880859	1100.071411
1247.410156	1107.523926
1250.939453	1081.364746
1254.464844	1068.496216
1257.990234	1074.542236
1261.513672	1055.348633
1265.037109	1059.990601
1268.558594	1052.003662
1272.078125	1066.476807
1275.595703	1049.354492
1279.111328	1059.621826
1282.626953	1100.827393
1286.140625	1061.193481
1289.652344	1114.392822
1293.164063	1102.18042
1296.673828	1123.754761
1300.181641	1115.761841
1303.6875	1123.969971
1307.193359	1138.529053
1310.697266	1170.731445
1314.199219	1176.148926
1317.699219	1155.45459
1321.199219	1162.28186
1324.697266	1162.756836
1328.193359	1144.857544
1331.689453	1202.591309
1335.181641	1215.813354
1338.673828	1178.808472
1342.166016	1136.818115
1345.654297	1148.612305
1349.142578	1141.288086
1352.628906	1097.104004
1356.115234	1092.588135
1359.597656	1115.021851
1363.080078	1095.607788
1366.5625	1079.726929
1370.041016	1101.471802
1373.519531	1094.815796
1376.996094	1110.187256
1380.470703	1097.840576
1383.945313	1076.947632
1387.417969	1085.925171
1390.888672	1104.164551
1394.357422	1084.672119
1397.826172	1061.601196
1401.292969	1111.92688
1404.757813	1063.890503
1408.222656	1102.130493
1411.683594	1086.878052
1415.144531	1108.02356
1418.605469	1072.048096
1422.0625	1082.48645
1425.519531	1106.514282
1428.976563	1091.946289
1432.429688	1155.343018
1435.882813	1153.664551
1439.333984	1167.735596
1442.783203	1175.371582
1446.232422	1198.777344
1449.679688	1170.589722
1453.125	1180.386597
1456.570313	1208.843872
1460.011719	1225.122803
1463.453125	1178.231079
1466.894531	1172.96167
1470.332031	1161.939087
1473.769531	1158.095947
1477.207031	1187.330688
1480.640625	1210.83313
1484.074219	1197.647583
1487.505859	1145.569458
1490.935547	1104.973999
1494.365234	1068.669189
1497.792969	1061.891724
1501.21875	1038.521118
1504.644531	1067.799805
1508.066406	1058.847778
1511.490234	1012.340576
1514.910156	1053.201172
1518.330078	1058.68457
1521.748047	1069.232666
1525.164063	1062.431396
1528.580078	1040.430298
1531.992188	1045.916382
1535.40625	1099.197754
1538.816406	1044.585938
1542.226563	1085.589478
1545.634766	1070.80188
1549.041016	1130.705566
1552.447266	1094.156616
1555.851563	1139.600098
1559.253906	1166.200073
1562.65625	1112.185669
1566.056641	1185.306519
1569.455078	1154.520752
1572.851563	1189.896118
1576.248047	1219.47876
1579.642578	1156.640869
1583.035156	1152.007935
1586.427734	1145.914185
1589.818359	1119.40918
1593.207031	1146.834229
1596.595703	1104.261719
1599.982422	1133.161377
1603.367188	1127.046387
1606.751953	1154.517334
1610.132813	1100.920288
1613.513672	1114.516479
1616.894531	1125.929932
1620.273438	1113.215454
1623.650391	1131.222412
1627.025391	1141.92334
1630.400391	1072.8125
1633.773438	1139.174805
1637.144531	1116.911377
1640.513672	1144.485596
1643.882813	1176.482544
1647.251953	1187.959351
1650.617188	1193.572632
1653.982422	1205.064941
1657.345703	1234.932129
1660.707031	1228.076172
1664.068359	1265.328125
1667.427734	1230.52832
1670.787109	1237.641968
1674.142578	1240.34436
1677.498047	1225.374756
1680.853516	1177.978394
1684.205078	1172.552368
1687.556641	1173.019897
1690.90625	1135.871094
1694.255859	1163.625122
1697.603516	1130.133179
1700.949219	1124.675781
1704.294922	1105.177368
1707.638672	1090.836548
1710.980469	1098.664307
1714.320313	1075.433228
1717.660156	1044.784058
1720.998047	1065.185913
1724.335938	1035.98877
1727.669922	1040.845703
1731.003906	1036.071777
1734.337891	1041.673462
1737.669922	993.876953
1741	1051.405396
1744.328125	1085.968384
1747.65625	1012.883911
1750.982422	1081.630859
1754.306641	1038.956177
1757.630859	1050.52063
1760.953125	1044.24353
1764.273438	1038.705322
1767.59375	1041.350342
1770.912109	1054.422363
1774.228516	1064.524536
1777.544922	1013.525024
1780.859375	1038.529297
1784.171875	1047.890625
1787.484375	1057.259155
1790.792969	1040.510132
1794.103516	1037.935303
1797.410156	1034.610962
1800.716797	1047.724609
1804.023438	1061.595947
1807.326172	1056.032715
1810.628906	1071.414185
1813.929688	1050.131592
1817.230469	1035.570923
1820.529297	1026.242065
1823.826172	1037.888184
1827.123047	1056.290283
1830.417969	1061.207275
1833.710938	1053.373291
1837.001953	1027.519409
1840.292969	1059.46106
1843.583984	1072.648682
1846.871094	1030.990479
1850.158203	1063.722168
1853.443359	1052.860962
1856.728516	1082.617188
1860.011719	1064.980591
1863.292969	1055.612061
1866.574219	1074.858643
1869.853516	1092.613037
1873.130859	1053.090698
1876.408203	1052.751099
1879.683594	1045.621216
1882.957031	1049.051514
1886.230469	1052.484253
1889.501953	1080.089233
1892.771484	1060.868164
1896.041016	1062.041138
1899.308594	1062.458496
1902.574219	1059.849976
1905.839844	1057.239258
1909.103516	1071.282104
1912.365234	1018.685608
1915.626953	1081.215576
1918.886719	1082.397949
1922.146484	1053.249756
1925.402344	1068.834595
1928.658203	1072.289185
1931.914063	1078.023926
1935.167969	1093.635986
1938.419922	1049.998047
1941.669922	1074.731567
1944.919922	1080.47522
1948.167969	1058.078613
1951.416016	1062.297729
1954.662109	1079.461182
1957.90625	1103.491943
1961.150391	1069.640381
1964.392578	1059.388794
1967.632813	1062.852905
1970.873047	1068.607788
1974.111328	1065.973389
1977.347656	1051.886475
1980.583984	1047.715698
1983.818359	1071.807129
1987.050781	1095.917236
1990.283203	1092.522461
1993.513672	1076.122681
1996.744141	1037.520874
1999.970703	1067.77771
2003.199219	1073.554321
2006.423828	1081.633423
2009.648438	1072.859253
2012.871094	1112.37561
2016.09375	1051.455078
2019.314453	1048.796021
2022.533203	1109.071411
2025.751953	1075.719238
2028.96875	1062.312012
2032.183594	1073.483521
2035.398438	1091.581909
2038.611328	1108.156128
2041.824219	1080.122559
2045.035156	1079.00354
2048.244141	1060.945068
2051.451172	1097.557739
2054.658203	1091.820313
2057.865234	1067.578613
2061.068359	1088.813477
2064.271484	1102.350464
2067.474609	1102.778564
2070.673828	1070.010254
2073.875	1082.782593
2077.072266	1070.068359
2080.269531	1100.627197
2083.464844	1085.589844
2086.660156	1075.181763
2089.853516	1078.693848
2093.044922	1101.561279
2096.236328	1092.695313
2099.425781	1093.118652
2102.613281	1107.492432
2105.800781	1100.168213
2108.986328	1095.164917
2112.169922	1079.294678
2115.353516	1096.012939
2118.535156	1142.251221
2121.716797	1129.487305
2124.896484	1083.297363
2128.074219	1092.2677
2131.251953	1085.690552
2134.427734	1104.004517
2137.603516	1073.298462
2140.777344	1083.835205
2143.949219	1104.505615
2147.119141	1101.036011
2150.289063	1099.122559
2153.458984	1068.353882
2156.625	1110.8927
2159.791016	1115.223389
2162.957031	1085.205322
2166.121094	1116.864746
2169.283203	1154.017578
2172.445313	1085.679321
2175.603516	1070.459106
2178.763672	1100.596191
2181.921875	1100.237549
2185.078125	1114.752197
2188.232422	1139.458496
2191.386719	1129.712402
2194.539063	1101.932617
2197.691406	1079.619385
2200.841797	1093.368408
2203.990234	1085.942505
2207.138672	1087.92981
2210.285156	1094.629883
2213.429688	1114.689209
2216.574219	1162.268311
2219.71875	1093.533569
2222.859375	1105.750244
2226	1085.719116
2229.140625	1078.265381
2232.279297	1097.575684
2235.416016	1094.058472
2238.550781	1118.904907
2241.685547	1096.474243
2244.820313	1099.260376
2247.951172	1119.40332
2251.082031	1147.453247
2254.212891	1105.261353
2257.341797	1141.224487
2260.46875	1102.157715
2263.595703	1128.662109
2266.720703	1128.303467
2269.84375	1122.407349
2272.966797	1141.827637
2276.087891	1116.933472
2279.208984	1100.730835
2282.328125	1103.528198
2285.445313	1091.27002
2288.5625	1105.957397
2291.677734	1139.690308
2294.792969	1107.595947
2297.90625	1106.431396
2301.017578	1094.149658
2304.128906	1088.212646
2307.238281	1142.661987
2310.345703	1108.121338
2313.453125	1110.134399
2316.558594	1112.944336
2319.664063	1107.797852
2322.767578	1108.219971
2325.871094	1196.250488
2328.972656	1262.835815
2332.072266	1250.564087
2335.169922	1168.115967
2338.267578	1115.11792
2341.365234	1121.128052
2344.460938	1118.361572
2347.554688	1144.341064
2350.648438	1102.436401
2353.740234	1115.642212
2356.830078	1103.27478
2359.919922	1132.486084
2363.007813	1119.314941
2366.095703	1139.749878
2369.181641	1129.773804
2372.265625	1124.595703
2375.349609	1131.432983
2378.431641	1080.559937
2381.513672	1111.442383
2384.59375	1123.897095
2387.673828	1126.730835
2390.75	1114.312988
2393.828125	1125.176025
2396.902344	1089.44812
2399.976563	1128.440063
2403.050781	1122.435181
2406.123047	1119.642944
2409.193359	1131.331909
2412.262695	1159.128418
2415.331055	1137.019897
2418.398438	1144.700195
2421.464844	1127.404175
2424.530273	1106.063965
2427.59375	1096.804443
2430.65625	1125.456299
2433.717773	1114.582397
2436.77832	1114.196045
2439.837891	1103.309204
2442.895508	1126.349854
2445.953125	1138.899658
2449.008789	1124.774536
2452.063477	1159.17334
2455.117188	1181.459595
2458.168945	1136.571777
2461.220703	1150.767456
2464.270508	1141.479736
2467.319336	1175.948364
2470.367188	1146.393921
2473.413086	1129.793701
2476.458984	1110.746704
2479.50293	1131.456421
2482.545898	1088.036133
2485.587891	1128.24707
2488.628906	1136.797363
2491.668945	1130.721924
2494.707031	1134.399902
2497.745117	1128.318481
2500.78125	1137.694458
2503.816406	1112.884644
2506.850586	1161.353149
2509.882813	1133.274292
2512.915039	1199.716919
2515.945313	1178.96875
2518.974609	1163.098511
2522.00293	1151.295776
2525.030273	1163.971558
2528.056641	1139.094849
2531.081055	1124.818481
2534.105469	1128.508911
2537.12793	1126.479492
2540.149414	1155.523926
2543.169922	1151.866333
2546.188477	1126.109131
2549.207031	1191.20813
2552.223633	1171.997925
2555.239258	1124.097168
2558.254883	1147.467041
2561.267578	1151.176025
2564.280273	1147.505371
2567.291992	1165.986328
2570.301758	1160.67627
2573.311523	1139.76001
2576.319336	1151.686279
2579.326172	1171.01709
2582.332031	1209.269775
2585.335938	1157.911377
2588.339844	1174.797363
2591.341797	1134.08606
2594.34375	1151.798462
2597.34375	1175.289063
2600.342773	1164.192505
2603.34082	1155.560059
2606.336914	1127.956787
2609.333008	1197.66333
2612.327148	1131.272827
2615.320313	1166.363159
2618.313477	1174.229248
2621.304688	1160.623291
2624.293945	1135.437622
2627.283203	1192.074463
2630.271484	1198.306763
2633.257813	1158.214844
2636.243164	1152.852295
2639.227539	1184.741455
2642.210938	1176.899536
2645.193359	1167.394409
2648.174805	1173.629883
2651.155273	1166.603394
2654.133789	1166.207031
2657.112305	1191.532593
2660.088867	1208.57605
2663.064453	1163.353882
2666.039063	1197.012573
2669.012695	1192.470459
2671.984375	1215.357544
2674.956055	1182.543701
2677.925781	1163.015991
2680.895508	1158.453369
2683.863281	1164.710083
2686.830078	1148.484619
2689.795898	1140.578247
2692.760742	1176.838867
2695.723633	1181.442993
2698.686523	1176.041504
2701.647461	1180.648193
2704.608398	1179.415283
2707.567383	1174.006226
2710.525391	1214.534668
2713.482422	1221.668213
2716.438477	1227.970947
2719.392578	1235.950317
2722.34668	1238.916138
2725.299805	1231.004883
2728.250977	1264.945313
2731.201172	1235.263184
2734.150391	1218.125366
2737.098633	1241.202637
2740.045898	1231.599487
2742.992188	1216.956543
2745.9375	1162.030151
2748.881836	1229.60376
2751.824219	1247.688599
2754.765625	1213.710449
2757.707031	1177.186279
2760.646484	1212.082153
2763.584961	1234.390503
2766.522461	1231.479736
2769.458984	1253.811035
2772.393555	1234.910522
2775.328125	1260.627441
2778.261719	1214.757813
2781.193359	1227.002075
2784.124023	1218.179199
2787.054688	1216.096313
2789.983398	1214.855347
2792.911133	1250.747314
2795.837891	1210.681152
2798.762695	1185.787842
2801.6875	1198.050903
2804.611328	1158.765747
2807.533203	1211.611816
2810.455078	1223.897095
2813.375	1232.806519
2816.293945	1229.025757
2819.211914	1242.176758
2822.129883	1240.09021
2825.045898	1229.528076
2827.959961	1273.209229
2830.874023	1307.594238
2833.787109	1283.47168
2836.698242	1322.128052
2839.609375	1405.804932
2842.518555	1455.573486
2845.427734	1536.811035
2848.334961	1591.762207
2851.241211	1641.652344
2854.146484	1677.970947
2857.050781	1653.059814
2859.954102	1702.174683
2862.856445	1740.256836
2865.757813	1770.700928
2868.657227	1836.099731
2871.556641	1928.82019
2874.454102	1930.375366
2877.351563	2052.197266
2880.24707	2025.639893
2883.141602	2090.39502
2886.036133	2074.931885
2888.928711	2025.289307
2891.820313	2068.750977
2894.710938	2070.35791
2897.599609	2065.979736
2900.488281	2071.863037
2903.375977	2053.789307
2906.262695	2115.31543
2909.147461	2131.498047
2912.032227	2265.056885
2914.915039	2297.587402
2917.797852	2340.428711
2920.678711	2382.442871
2923.558594	2465.66748
2926.4375	2469.135986
2929.31543	2562.753662
2932.192383	2607.483887
2935.068359	2558.59668
2937.943359	2573.274902
2940.817383	2508.862549
2943.69043	2396.237549
2946.561523	2347.200928
2949.432617	2268.863525
2952.301758	2181.858643
2955.170898	2174.03418
2958.038086	2150.693604
2960.905273	2125.611816
2963.770508	2056.535156
2966.634766	2057.277832
2969.499023	1999.343506
2972.361328	2001.791626
2975.222656	1937.749756
2978.083008	1911.669922
2980.942383	1837.178589
2983.800781	1827.467529
2986.657227	1756.350342
2989.513672	1751.792847
2992.369141	1698.769653
2995.223633	1625.796509
2998.076172	1616.855835
3000.928711	1529.072266
3003.779297	1526.156006
3006.629883	1450.41333
3009.478516	1418.846191
3012.327148	1401.137329
3015.173828	1371.265015
3018.019531	1368.285034
3020.865234	1352.275024
3023.708984	1339.728394
3026.551758	1318.481201
3029.393555	1298.957275
3032.234375	1300.293335
3035.074219	1317.29126
3037.913086	1304.70813
3040.750977	1267.736084
3043.587891	1291.707886
3046.423828	1323.538574
3049.258789	1310.938354
3052.091797	1351.517578
3054.924805	1381.658447
3057.756836	1347.250366
3060.586914	1358.207153
3063.416992	1384.88916
3066.246094	1360.052856
3069.073242	1316.848267
3071.900391	1315.570923
3074.725586	1325.660156
3077.550781	1306.014526
3080.374023	1285.47937
3083.196289	1263.178589
3086.018555	1262.754028
3088.838867	1275.468872
3091.658203	1261.902954
3094.477539	1256.216797
3097.294922	1234.741211
3100.111328	1259.744751
3102.926758	1275.990234
3105.741211	1308.926636
3108.554688	1266.361328
3111.367188	1279.990112
3114.178711	1299.780029
3116.990234	1273.868652
3119.799805	1291.911011
3122.607422	1280.933838
3125.415039	1251.466919
3128.22168	1270.400146
3131.027344	1265.567505
3133.832031	1252.802124
3136.635742	1269.111206
3139.438477	1268.680298
3142.240234	1263.839111
3145.041016	1204.293701
3147.839844	1257.675903
3150.638672	1212.21167
3153.436523	1245.320313
3156.233398	1247.528931
3159.02832	1269.183228
3161.823242	1229.846436
3164.617188	1263.007202
3167.410156	1267.878418
3170.201172	1222.302979
3172.992188	1225.391846
3175.782227	1236.454102
3178.570313	1238.663696
3181.358398	1191.239502
3184.144531	1271.459473
3186.930664	1263.92627
3189.71582	1236.86731
3192.499023	1249.730591
3195.282227	1219.983154
3198.063477	1224.855103
3200.844727	1207.090698
