399.333984	894.281372
403.220703	891.490173
407.103516	905.236145
410.986328	855.351563
414.867188	876.733582
418.748047	847.175964
422.625	837.984497
426.501953	828.78479
430.375	827.868286
434.248047	830.141174
438.119141	808.158264
441.988281	821.280823
445.855469	797.996704
449.722656	805.373047
453.585938	830.021057
457.449219	816.305786
461.310547	830.099121
465.169922	805.486572
469.027344	806.475281
472.882813	794.006836
476.736328	807.172302
480.589844	797.899902
484.441406	821.344727
488.289063	815.921692
492.136719	806.64032
495.984375	825.621033
499.828125	826.619934
503.669922	851.41272
507.511719	845.989685
511.351563	816.747986
515.189453	846.075073
519.025391	822.605286
522.859375	824.248413
526.691406	807.840454
530.523438	830.118286
534.351563	840.799988
538.179688	839.225037
542.005859	813.752625
545.830078	831.547546
549.654297	813.806091
553.474609	820.622559
557.294922	819.034363
561.113281	826.505615
564.927734	790.600464
568.744141	796.769958
572.556641	762.764832
576.367188	805.882385
580.177734	787.418335
583.986328	817.605164
587.792969	791.988892
591.597656	778.040588
595.400391	771.227051
599.201172	809.257874
603.001953	801.150818
606.800781	778.073669
610.597656	756.929077
614.392578	765.066528
618.185547	809.037659
621.976563	790.485168
625.767578	775.828308
629.556641	795.727173
633.34375	820.210388
637.128906	782.698975
640.912109	792.829529
644.693359	825.835754
648.474609	820.959473
652.253906	805.616211
656.03125	813.810364
659.806641	805.649597
663.580078	821.052551
667.353516	843.673706
671.123047	817.165955
674.892578	823.414673
678.660156	838.194641
682.425781	799.183228
686.191406	803.46228
689.953125	807.744751
693.714844	803.489807
697.474609	861.013733
701.232422	846.256714
704.988281	836.091675
708.744141	841.712158
712.498047	861.163269
716.248047	865.481384
719.998047	920.541504
723.748047	910.385193
727.494141	915.388489
731.240234	906.540405
734.982422	858.740845
738.724609	868.350281
742.464844	883.913208
746.205078	888.253723
749.941406	882.018738
753.677734	905.544128
757.412109	923.795227
761.144531	920.87677
764.875	881.528748
768.605469	910.393494
772.332031	929.339478
776.058594	977.479736
779.783203	992.489075
783.505859	1011.493103
787.228516	1007.273254
790.947266	981.128601
794.666016	951.638855
798.382813	956.695129
802.097656	937.14624
805.8125	968.815979
809.523438	961.902954
813.234375	975.62854
816.943359	975.37439
820.650391	965.122009
824.357422	942.858215
828.060547	937.919556
831.763672	923.633301
835.464844	918.681824
839.164063	969.16394
842.861328	933.489319
846.558594	951.932129
850.253906	940.964233
853.947266	958.087097
857.638672	962.506775
861.328125	936.796997
865.017578	925.13324
868.705078	921.501648
872.390625	937.310181
876.074219	953.131775
879.755859	928.03363
883.4375	959.30426
887.117188	905.308533
890.794922	922.486023
894.470703	924.890137
898.146484	900.398438
901.818359	873.867737
905.490234	901.154968
909.160156	921.731995
912.830078	925.486816
916.496094	914.419678
920.162109	886.489624
923.826172	857.86145
927.488281	874.414063
931.148438	879.505554
934.808594	884.601074
938.466797	884.296204
942.123047	894.128418
945.777344	895.179016
949.429688	900.965088
953.082031	902.018982
956.732422	865.163391
960.380859	896.001648
964.027344	904.506897
967.673828	873.705688
971.318359	858.474731
974.960938	906.320496
978.601563	882.945923
982.240234	869.735901
985.878906	891.155518
989.515625	879.296387
993.150391	903.456604
996.783203	915.395203
1000.416016	964.083496
1004.044922	971.972961
1007.673828	913.136902
1011.302734	898.530884
1014.927734	902.994568
1018.552734	869.963318
1022.175781	886.013611
1025.796875	893.888733
1029.416016	894.261108
1033.035156	928.779846
1036.650391	928.483398
1040.265625	897.429138
1043.880859	913.529541
1047.492188	905.016785
1051.103516	914.289795
1054.712891	908.508362
1058.320313	936.967773
1061.925781	914.060364
1065.53125	918.553162
1069.134766	912.762878
1072.736328	935.781921
1076.335938	943.033936
1079.935547	917.333679
1083.533203	967.172119
1087.128906	933.900818
1090.722656	956.97522
1094.316406	959.435486
1097.90625	936.439636
1101.496094	918.242737
1105.085938	942.03656
1108.671875	908.670471
1112.257813	908.357727
1115.841797	892.186462
1119.423828	923.595398
1123.003906	940.539001
1126.583984	933.334656
1130.162109	917.145935
1133.738281	911.998169
1137.314453	891.639587
1140.886719	864.349121
1144.458984	882.692383
1148.029297	903.12677
1151.599609	909.731018
1155.166016	896.947021
1158.732422	932.655884
1162.296875	904.620056
1165.861328	894.591309
1169.421875	924.792603
1172.982422	914.763428
1176.541016	929.721985
1180.097656	926.632324
1183.654297	932.573792
1187.208984	902.369446
1190.761719	910.391785
1194.3125	925.378174
1197.863281	948.72937
1201.412109	930.318848
1204.958984	949.511047
1208.503906	971.50647
1212.048828	971.209167
1215.591797	1021.13092
1219.132813	1015.96875
1222.671875	1012.198242
1226.210938	1058.705933
1229.748047	1079.401855
1233.283203	1075.651978
1236.816406	1073.996338
1240.349609	1101.718262
1243.880859	1087.475098
1247.410156	1086.521606
1250.939453	1084.166138
1254.464844	1076.904053
1257.990234	1074.542236
1261.513672	1079.19043
1265.037109	1064.901245
1268.558594	1021.826172
1272.078125	1053.137085
1275.595703	1050.056885
1279.111328	1049.081909
1282.626953	1048.105835
1286.140625	1064.709717
1289.652344	1103.136353
1293.164063	1116.960571
1296.673828	1109.672607
1300.181641	1139.006958
1303.6875	1111.285645
1307.193359	1144.168823
1310.697266	1136.878906
1314.199219	1149.338135
1317.699219	1175.923828
1321.199219	1167.930908
1324.697266	1166.995239
1328.193359	1142.737427
1331.689453	1182.795532
1335.181641	1171.254761
1338.673828	1158.289063
1342.166016	1184.952393
1345.654297	1119.578369
1349.142578	1083.904907
1352.628906	1092.851563
1356.115234	1120.239624
1359.597656	1078.138184
1363.080078	1099.155762
1366.5625	1095.34436
1370.041016	1104.3125
1373.519531	1110.445923
1376.996094	1063.98877
1380.470703	1102.106812
1383.945313	1073.390991
1387.417969	1043.228271
1390.888672	1095.621704
1394.357422	1080.398926
1397.826172	1023.839539
1401.292969	1086.979858
1404.757813	1068.881958
1408.222656	1040.782104
1411.683594	1057.618774
1415.144531	1053.764648
1418.605469	1064.905884
1422.0625	1053.191406
1425.519531	1071.489014
1428.976563	1071.923706
1432.429688	1103.119995
1435.882813	1165.830933
1439.333984	1156.996216
1442.783203	1214.765503
1446.232422	1180.147217
1449.679688	1207.865112
1453.125	1230.585205
1456.570313	1190.908447
1460.011719	1194.979248
1463.453125	1194.026978
1466.894531	1172.243408
1470.332031	1158.346191
1473.769531	1190.444946
1477.207031	1182.296631
1480.640625	1182.055176
1484.074219	1196.927856
1487.505859	1119.648315
1490.935547	1109.295898
1494.365234	1085.963867
1497.792969	1074.868042
1501.21875	1042.848267
1504.644531	1015.852844
1508.066406	1019.149963
1511.490234	1037.612915
1514.910156	1016.360779
1518.330078	1037.727661
1521.748047	1001.998962
1525.164063	1016.144409
1528.580078	1051.283203
1531.992188	1016.963623
1535.40625	1044.889526
1538.816406	1018.507568
1542.226563	1037.759766
1545.634766	1038.902588
1549.041016	1069.057007
1552.447266	1105.765625
1555.851563	1100.403687
1559.253906	1118.273926
1562.65625	1123.808838
1566.056641	1146.789429
1569.455078	1213.410034
1572.851563	1183.35022
1576.248047	1188.918945
1579.642578	1196.675659
1583.035156	1188.417847
1586.427734	1133.529785
1589.818359	1110.663818
1593.207031	1101.631592
1596.595703	1118.849121
1599.982422	1112.730957
1603.367188	1143.105225
1606.751953	1149.40564
1610.132813	1129.411255
1613.513672	1129.133179
1616.894531	1169.066284
1620.273438	1162.220459
1623.650391	1134.14917
1627.025391	1117.767334
1630.400391	1102.104248
1633.773438	1120.860107
1637.144531	1155.021118
1640.513672	1141.552979
1643.882813	1158.145752
1647.251953	1177.686768
1650.617188	1224.402954
1653.982422	1229.298462
1657.345703	1237.870728
1660.707031	1232.48584
1664.068359	1251.358765
1667.427734	1209.933716
1670.787109	1209.68103
1674.142578	1232.983154
1677.498047	1199.600708
1680.853516	1204.499512
1684.205078	1199.821045
1687.556641	1160.486084
1690.90625	1179.388184
1694.255859	1154.032837
1697.603516	1172.20874
1700.949219	1114.33728
1704.294922	1129.556274
1707.638672	1133.701416
1710.980469	1088.313477
1714.320313	1068.776489
1717.660156	1084.000488
1720.998047	1073.328369
1724.335938	1067.090698
1727.669922	1046.772217
1731.003906	1045.706177
1734.337891	1072.071045
1737.669922	1082.880859
1741	1035.081543
1744.328125	1058.503662
1747.65625	1065.6073
1750.982422	1018.486206
1754.306641	1080.573975
1757.630859	1043.085938
1760.953125	1059.118774
1764.273438	1065.491455
1767.59375	1071.124512
1770.912109	1077.50647
1774.228516	1044.411133
1777.544922	1057.494141
1780.859375	1069.841675
1784.171875	1049.382324
1787.484375	1059.497559
1790.792969	1065.14209
1794.103516	1099.91272
1797.410156	1054.780273
1800.716797	1086.584595
1804.023438	1078.790894
1807.326172	1056.032715
1810.628906	1048.220215
1813.929688	1049.383057
1817.230469	1076.75415
1820.529297	1033.73291
1823.826172	1074.607666
1827.123047	1064.536743
1830.417969	1070.956909
1833.710938	1094.637939
1837.001953	1086.063354
1840.292969	1072.97644
1843.583984	1083.915894
1846.871094	1084.343506
1850.158203	1101.30957
1853.443359	1096.479492
1856.728516	1095.406982
1860.011719	1091.322876
1863.292969	1092.505859
1866.574219	1123.818604
1869.853516	1129.535889
1873.130859	1112.6427
1876.408203	1073.112305
1879.683594	1133.887939
1882.957031	1115.466309
1886.230469	1096.27478
1889.501953	1086.131714
1892.771484	1110.738037
1896.041016	1081.69458
1899.308594	1135.053589
1902.574219	1116.587158
1905.839844	1134.432007
1909.103516	1095.508911
1912.365234	1161.831787
1915.626953	1119.099854
1918.886719	1146.068481
1922.146484	1155.617554
1925.402344	1135.589233
1928.658203	1159.559814
1931.914063	1115.982544
1935.167969	1114.141602
1938.419922	1146.488525
1941.669922	1130.97644
1944.919922	1126.8573
1948.167969	1137.187256
1951.416016	1107.9552
1954.662109	1100.776367
1957.90625	1146.138916
1961.150391	1156.491455
1964.392578	1162.279053
1967.632813	1166.545898
1970.873047	1173.104004
1974.111328	1191.112671
1977.347656	1140.434326
1980.583984	1134.770874
1983.818359	1165.771729
1987.050781	1207.495972
1990.283203	1208.732056
1993.513672	1167.138062
1996.744141	1199.729248
1999.970703	1178.765259
2003.199219	1187.648193
2006.423828	1211.858398
2009.648438	1226.124878
2012.871094	1204.37085
2016.09375	1193.336426
2019.314453	1209.913086
2022.533203	1191.963989
2025.751953	1197.035278
2028.96875	1222.081299
2032.183594	1238.69397
2035.398438	1233.795044
2038.611328	1183.52002
2041.824219	1241.679321
2045.035156	1234.466187
2048.244141	1211.848755
2051.451172	1217.711426
2054.658203	1228.201538
2057.865234	1207.096069
2061.068359	1243.036377
2064.271484	1225.776733
2067.474609	1230.883057
2070.673828	1230.588989
2073.875	1238.017456
2077.072266	1183.642456
2080.269531	1222.747314
2083.464844	1248.737671
2086.660156	1247.674927
2089.853516	1231.134888
2093.044922	1209.162842
2096.236328	1230.540649
2099.425781	1236.44043
2102.613281	1253.969727
2105.800781	1227.319458
2108.986328	1247.184937
2112.169922	1222.062622
2115.353516	1221.759399
2118.535156	1260.281372
2121.716797	1269.313843
2124.896484	1255.81665
2128.074219	1246.973267
2131.251953	1266.120483
2134.427734	1279.836182
2137.603516	1274.882446
2140.777344	1284.718384
2143.949219	1263.404907
2147.119141	1270.905762
2150.289063	1272.955322
2153.458984	1271.107178
2156.625	1216.989258
2159.791016	1254.918945
2162.957031	1267.113892
2166.121094	1251.200928
2169.283203	1232.150146
2172.445313	1279.522705
2175.603516	1273.760254
2178.763672	1273.46875
2181.921875	1275.524292
2185.078125	1252.530518
2188.232422	1253.795898
2191.386719	1292.666748
2194.539063	1264.949707
2197.691406	1256.81189
2200.841797	1297.296509
2203.990234	1268.763672
2207.138672	1276.315918
2210.285156	1268.954102
2213.429688	1266.299561
2216.574219	1286.432129
2219.71875	1261.769531
2222.859375	1226.86377
2226	1259.591553
2229.140625	1252.204468
2232.279297	1270.794189
2235.416016	1258.679199
2238.550781	1294.620239
2241.685547	1251.762207
2244.820313	1292.458862
2247.951172	1305.576172
2251.082031	1285.557983
2254.212891	1319.997803
2257.341797	1300.759033
2260.46875	1309.157959
2263.595703	1301.755249
2266.720703	1300.672119
2269.84375	1311.452637
2272.966797	1293.754761
2276.087891	1283.167358
2279.208984	1302.663452
2282.328125	1277.811157
2285.445313	1285.432129
2288.5625	1311.292847
2291.677734	1296.724854
2294.792969	1287.699219
2297.90625	1280.253906
2301.017578	1294.240845
2304.128906	1279.642822
2307.238281	1285.693481
2310.345703	1304.467163
2313.453125	1298.602905
2316.558594	1298.30249
2319.664063	1261.393311
2322.767578	1286.554321
2325.871094	1353.148926
2328.972656	1377.56665
2332.072266	1379.685425
2335.169922	1278.150146
2338.267578	1257.100098
2341.365234	1278.325317
2344.460938	1268.434448
2347.554688	1281.69397
2350.648438	1261.410889
2353.740234	1277.873901
2356.830078	1251.17749
2359.919922	1245.254883
2363.007813	1264.929932
2366.095703	1292.623657
2369.181641	1268.293091
2372.265625	1278.386597
2375.349609	1250.025146
2378.431641	1296.190918
2381.513672	1289.465576
2384.59375	1276.317139
2387.673828	1295.259033
2390.75	1245.172485
2393.828125	1245.644531
2396.902344	1258.971436
2399.976563	1299.63501
2403.050781	1252.689209
2406.123047	1278.902466
2409.193359	1257.661255
2412.262695	1272.626465
2415.331055	1268.276489
2418.398438	1271.978638
2421.464844	1262.789307
2424.530273	1264.879272
2427.59375	1278.260986
2430.65625	1269.062866
2433.717773	1308.282471
2436.77832	1221.578735
2439.837891	1276.963257
2442.895508	1293.605469
2445.953125	1270.653076
2449.008789	1267.0896
2452.063477	1291.026245
2455.117188	1251.861572
2458.168945	1266.905151
2461.220703	1286.009033
2464.270508	1271.911377
2467.319336	1282.926514
2470.367188	1270.437988
2473.413086	1274.971802
2476.458984	1266.5271
2479.50293	1238.595825
2482.545898	1265.045044
2485.587891	1272.019287
2488.628906	1249.745728
2491.668945	1274.602417
2494.707031	1271.015869
2497.745117	1261.731812
2500.78125	1303.709961
2503.816406	1286.289551
2506.850586	1281.071899
2509.882813	1284.812012
2512.915039	1260.028687
2515.945313	1261.317139
2518.974609	1253.634155
2522.00293	1263.080078
2525.030273	1231.720215
2528.056641	1247.696777
2531.081055	1256.333252
2534.105469	1278.867798
2537.12793	1257.275269
2540.149414	1266.742065
2543.169922	1247.58252
2546.188477	1261.962524
2549.207031	1263.253662
2552.223633	1264.545654
2555.239258	1221.595337
2558.254883	1243.362549
2561.267578	1254.486694
2564.280273	1268.07959
2567.291992	1297.272583
2570.301758	1255.894409
2573.311523	1229.265747
2576.319336	1256.83313
2579.326172	1248.263184
2582.332031	1299.697876
2585.335938	1256.597046
2588.339844	1255.420654
2591.341797	1228.730347
2594.34375	1244.008179
2597.34375	1260.120728
2600.342773	1233.401367
2603.34082	1219.849487
2606.336914	1266.477783
2609.333008	1290.869995
2612.327148	1244.317627
2615.320313	1283.577271
2618.313477	1270.84314
2621.304688	1268.838013
2624.293945	1232.123413
2627.283203	1250.768799
2630.271484	1255.369019
2633.257813	1246.735596
2636.243164	1281.958496
2639.227539	1248.490601
2642.210938	1277.114014
2645.193359	1267.646118
2648.174805	1273.090088
2651.155273	1237.909668
2654.133789	1267.400024
2657.112305	1260.402588
2660.088867	1276.641479
2663.064453	1263.829102
2666.039063	1242.700073
2669.012695	1263.104614
2671.984375	1289.34314
2674.956055	1258.219849
2677.925781	1247.871216
2680.895508	1256.65564
2683.863281	1232.145142
2686.830078	1247.592407
2689.795898	1255.55249
2692.760742	1219.345093
2695.723633	1224.798706
2698.686523	1299.484131
2701.647461	1284.945801
2704.608398	1267.057617
2707.567383	1255.835938
2710.525391	1310.594849
2713.482422	1321.942017
2716.438477	1334.968994
2719.392578	1310.375
2722.34668	1332.608765
2725.299805	1321.384644
2728.250977	1324.383545
2731.201172	1282.161255
2734.150391	1316.14502
2737.098633	1309.925537
2740.045898	1269.327148
2742.992188	1310.891235
2745.9375	1317.247192
2748.881836	1316.053711
2751.824219	1288.830444
2754.765625	1261.586914
2757.707031	1257.849976
2760.646484	1298.659424
2763.584961	1288.205811
2766.522461	1260.07959
2769.458984	1290.836304
2772.393555	1292.994263
2775.328125	1295.995728
2778.261719	1293.102173
2781.193359	1291.891602
2784.124023	1293.208984
2787.054688	1253.203369
2789.983398	1257.88147
2792.911133	1262.562744
2795.837891	1252.894653
2798.762695	1243.219116
2801.6875	1273.245972
2804.611328	1262.725098
2807.533203	1310.536133
2810.455078	1289.870728
2813.375	1285.266357
2816.293945	1295.894165
2819.211914	1299.755493
2822.129883	1318.866455
2825.045898	1314.264771
2827.959961	1335.0896
2830.874023	1324.553955
2833.787109	1368.30127
2836.698242	1431.598267
2839.609375	1438.063721
2842.518555	1532.003906
2845.427734	1647.250732
2848.334961	1796.575195
2851.241211	1780.227905
2854.146484	1797.036377
2857.050781	1790.885742
2859.954102	1840.901978
2862.856445	1873.92627
2865.757813	1889.940063
2868.657227	1993.723145
2871.556641	2055.817139
2874.454102	2108.576904
2877.351563	2139.197998
2880.24707	2221.036621
2883.141602	2285.009033
2886.036133	2251.685303
2888.928711	2222.607666
2891.820313	2237.088135
2894.710938	2246.449463
2897.599609	2221.612305
2900.488281	2204.455566
2903.375977	2250.61084
2906.262695	2289.950928
2909.147461	2358.435303
2912.032227	2358.434814
2914.915039	2408.138916
2917.797852	2460.450684
2920.678711	2506.796631
2923.558594	2559.180908
2926.4375	2590.146729
2929.31543	2647.749512
2932.192383	2671.897949
2935.068359	2700.359131
2937.943359	2679.850098
2940.817383	2676.521484
2943.69043	2564.817139
2946.561523	2485.727051
2949.432617	2400.553955
2952.301758	2382.479492
2955.170898	2255.861816
2958.038086	2199.808105
2960.905273	2235.943604
2963.770508	2206.571777
2966.634766	2184.078613
2969.499023	2079.593262
2972.361328	2054.447754
2975.222656	2065.55127
2978.083008	1990.279053
2980.942383	1907.174561
2983.800781	1897.48877
2986.657227	1828.991089
2989.513672	1827.920166
2992.369141	1706.558105
2995.223633	1632.722168
2998.076172	1608.195557
3000.928711	1584.517334
3003.779297	1498.423462
3006.629883	1480.756592
3009.478516	1502.103638
3012.327148	1478.351685
3015.173828	1417.263184
3018.019531	1378.703491
3020.865234	1421.756104
3023.708984	1353.629639
3026.551758	1366.283691
3029.393555	1305.043335
3032.234375	1337.692993
3035.074219	1318.161377
3037.913086	1316.023071
3040.750977	1324.331421
3043.587891	1315.225098
3046.423828	1331.380371
3049.258789	1337.087402
3052.091797	1355.005371
3054.924805	1386.019775
3057.756836	1362.083984
3060.586914	1349.478394
3063.416992	1352.580933
3066.246094	1374.902588
3069.073242	1338.693848
3071.900391	1334.80188
3074.725586	1310.794556
3077.550781	1326.133911
3080.374023	1359.860474
3083.196289	1337.586182
3086.018555	1253.99707
3088.838867	1302.625122
3091.658203	1300.46106
3094.477539	1302.678345
3097.294922	1293.496582
3100.111328	1312.380371
3102.926758	1309.337891
3105.741211	1301.025757
3108.554688	1265.483154
3111.367188	1281.747192
3114.178711	1309.447144
3116.990234	1310.79248
3119.799805	1292.790527
3122.607422	1287.971924
3125.415039	1287.550049
3128.22168	1273.921631
3131.027344	1321.051758
3133.832031	1292.447754
3136.635742	1258.535278
3139.438477	1271.325195
3142.240234	1287.651855
3145.041016	1285.462158
3147.839844	1250.615234
3150.638672	1285.491821
3153.436523	1270.050049
3156.233398	1248.412476
3159.02832	1316.910156
3161.823242	1300.578125
3164.617188	1270.967407
3167.410156	1282.03479
3170.201172	1287.799316
3172.992188	1338.7229
3175.782227	1234.682739
3178.570313	1271.446655
3181.358398	1278.100708
3184.144531	1227.126831
3186.930664	1242.639038
3189.71582	1264.372925
3192.499023	1295.885376
3195.282227	1275.033325
3198.063477	1270.154297
3200.844727	1289.695068
