399.333984	983.264587
403.220703	975.42511
407.103516	982.209839
410.986328	939.359314
414.867188	922.575867
418.748047	935.078491
422.625	926.562317
426.501953	929.514038
430.375	917.798523
434.248047	925.215027
438.119141	927.530762
441.988281	906.857483
445.855469	902.138794
449.722656	910.199402
453.585938	896.525024
457.449219	900.111511
461.310547	897.300659
465.169922	910.494385
469.027344	905.763367
472.882813	909.358948
476.736328	882.183533
480.589844	888.337097
484.441406	904.12085
488.289063	907.078918
492.136719	939.581848
495.984375	887.301697
499.828125	907.610657
503.669922	932.438354
507.511719	928.336975
511.351563	892.051025
515.189453	922.698303
519.025391	890.887268
522.859375	878.382019
526.691406	907.772827
530.523438	908.808594
534.351563	933.075012
538.179688	920.565308
542.005859	919.023743
545.830078	934.925659
549.654297	918.521423
553.474609	900.162842
557.294922	905.725159
561.113281	917.764282
564.927734	865.710754
568.744141	879.038086
572.556641	880.063416
576.367188	872.661072
580.177734	865.900696
583.986328	841.614197
587.792969	868.591125
591.597656	858.572327
595.400391	865.437561
599.201172	839.808167
603.001953	853.173645
606.800781	858.74353
610.597656	872.128052
614.392578	858.827881
618.185547	850.727234
621.976563	866.731506
625.767578	868.406128
629.556641	879.213257
633.34375	882.199219
637.128906	881.923523
640.912109	891.44342
644.693359	912.731445
648.474609	884.361572
652.253906	922.012024
656.03125	913.901184
659.806641	906.437622
663.580078	929.085815
667.353516	925.551941
671.123047	943.639954
674.892578	913.229797
678.660156	905.748718
682.425781	921.882141
686.191406	902.582214
689.953125	905.593445
693.714844	885.612671
697.474609	898.477661
701.232422	908.065674
704.988281	940.027527
708.744141	940.427429
712.498047	947.411255
716.248047	964.939331
719.998047	1001.591309
723.748047	987.514099
727.494141	1009.697266
731.240234	991.652283
734.982422	980.852356
738.724609	969.38269
742.464844	946.011719
746.205078	984.084656
749.941406	1028.801514
753.677734	998.810547
757.412109	1000.557617
761.144531	976.486877
764.875	1010.016052
768.605469	1007.131104
772.332031	1026.118042
776.058594	1079.604492
779.783203	1099.301025
783.505859	1086.49231
787.228516	1045.120728
790.947266	1071.469482
794.666016	1059.960815
798.382813	1081.018921
802.097656	1064.848145
805.8125	1077.275391
809.523438	1067.079834
813.234375	1067.530762
816.943359	1068.647949
820.650391	1034.440186
824.357422	1064.216187
828.060547	1044.652954
831.763672	1018.39917
835.464844	1018.828796
839.164063	1019.926514
842.861328	1033.720825
846.558594	1030.14563
850.253906	1096.119629
853.947266	1036.366577
857.638672	1043.496582
861.328125	1061.346191
865.017578	1047.725098
868.705078	1007.285034
872.390625	1046.595947
876.074219	1026.243164
879.755859	1028.016968
883.4375	1010.323914
887.117188	1026.195435
890.794922	1031.329956
894.470703	1037.812744
898.146484	1008.661438
901.818359	1012.448792
905.490234	985.953735
909.160156	1009.9328
912.830078	980.046082
916.496094	991.239014
920.162109	1013.227295
923.826172	1000.163879
927.488281	981.016968
931.148438	992.903015
934.808594	991.968689
938.466797	976.171143
942.123047	986.041809
945.777344	996.596619
949.429688	1000.395935
953.082031	979.160889
956.732422	1003.264587
960.380859	962.372192
964.027344	977.680542
967.673828	986.223267
971.318359	969.683167
974.960938	977.550781
978.601563	1001.033997
982.240234	1023.857727
985.878906	988.965271
989.515625	1007.725281
993.150391	1019.702698
996.783203	1011.967407
1000.416016	1069.540771
1004.044922	1123.078003
1007.673828	996.892212
1011.302734	971.42157
1014.927734	970.463623
1018.552734	942.233032
1022.175781	973.319031
1025.796875	1014.666077
1029.416016	978.226074
1033.035156	1020.291992
1036.650391	1039.163574
1040.265625	1008.155334
1043.880859	983.958862
1047.492188	987.104492
1051.103516	986.146423
1054.712891	1001.618469
1058.320313	1047.239502
1061.925781	1038.767212
1065.53125	1042.626343
1069.134766	1029.344116
1072.736328	1047.609253
1076.335938	1021.963257
1079.935547	1042.299805
1083.533203	1053.036133
1087.128906	1045.91394
1090.722656	1036.723145
1094.316406	1037.153198
1097.90625	1071.985962
1101.496094	1051.780273
1105.085938	1050.838989
1108.671875	1002.362
1112.257813	1029.655884
1115.841797	1023.187622
1119.423828	1000.84906
1123.003906	1031.625732
1126.583984	1027.220337
1130.162109	1006.236206
1133.738281	979.707092
1137.314453	982.185913
1140.886719	983.283569
1144.458984	974.005432
1148.029297	1004.166199
1151.599609	976.195374
1155.166016	1002.225769
1158.732422	1012.340454
1162.296875	991.962646
1165.861328	970.180786
1169.421875	1001.107056
1172.982422	1035.528809
1176.541016	1022.763611
1180.097656	1019.0177
1183.654297	1028.471802
1187.208984	1024.029419
1190.761719	1031.406372
1194.3125	1038.789185
1197.863281	1016.943237
1201.412109	1083.515015
1204.958984	1056.792603
1208.503906	1071.862915
1212.048828	1105.770142
1215.591797	1120.175049
1219.132813	1127.613647
1222.671875	1144.831177
1226.210938	1155.078857
1229.748047	1172.321167
1233.283203	1166.512695
1236.816406	1165.593628
1240.349609	1168.870605
1243.880859	1179.847534
1247.410156	1180.332031
1250.939453	1188.520752
1254.464844	1165.186279
1257.990234	1148.841919
1261.513672	1214.527466
1265.037109	1161.008911
1268.558594	1164.292236
1272.078125	1169.684326
1275.595703	1180.699463
1279.111328	1173.453979
1282.626953	1193.617432
1286.140625	1173.009033
1289.652344	1193.891846
1293.164063	1208.457031
1296.673828	1227.962646
1300.181641	1253.118896
1303.6875	1241.651978
1307.193359	1234.405273
1310.697266	1241.962646
1314.199219	1267.164673
1317.699219	1283.91687
1321.199219	1297.151733
1324.697266	1303.33313
1328.193359	1292.558228
1331.689453	1287.430176
1335.181641	1272.39563
1338.673828	1288.481567
1342.166016	1274.85022
1345.654297	1230.757202
1349.142578	1219.924316
1352.628906	1185.694336
1356.115234	1201.067139
1359.597656	1205.103149
1363.080078	1180.049072
1366.5625	1191.887939
1370.041016	1203.736206
1373.519531	1181.491699
1376.996094	1227.460571
1380.470703	1180.320801
1383.945313	1185.069092
1387.417969	1147.835693
1390.888672	1183.897827
1394.357422	1170.135498
1397.826172	1159.211548
1401.292969	1191.757568
1404.757813	1160.154053
1408.222656	1177.745972
1411.683594	1209.624634
1415.144531	1195.123291
1418.605469	1218.463745
1422.0625	1221.816406
1425.519531	1203.012695
1428.976563	1196.349854
1432.429688	1222.588989
1435.882813	1272.466187
1439.333984	1308.064331
1442.783203	1315.757202
1446.232422	1329.188232
1449.679688	1388.507202
1453.125	1346.759399
1456.570313	1346.587402
1460.011719	1339.955688
1463.453125	1331.164185
1466.894531	1289.324097
1470.332031	1281.941406
1473.769531	1268.082642
1477.207031	1317.498413
1480.640625	1318.75061
1484.074219	1309.927124
1487.505859	1299.656128
1490.935547	1205.819092
1494.365234	1189.732178
1497.792969	1137.58667
1501.21875	1127.949341
1504.644531	1125.518799
1508.066406	1119.477051
1511.490234	1102.599121
1514.910156	1121.825317
1518.330078	1179.36731
1521.748047	1158.154663
1525.164063	1186.827759
1528.580078	1161.982666
1531.992188	1173.308228
1535.40625	1167.988037
1538.816406	1163.387695
1542.226563	1148.637695
1545.634766	1197.674072
1549.041016	1164.793457
1552.447266	1245.074707
1555.851563	1229.606812
1559.253906	1230.10144
1562.65625	1250.210083
1566.056641	1275.421753
1569.455078	1300.653442
1572.851563	1323.723022
1576.248047	1325.710205
1579.642578	1313.868286
1583.035156	1298.37561
1586.427734	1240.617798
1589.818359	1236.014282
1593.207031	1223.387085
1596.595703	1256.699463
1599.982422	1271.067139
1603.367188	1273.766724
1606.751953	1256.751587
1610.132813	1274.78833
1613.513672	1275.299194
1616.894531	1291.163818
1620.273438	1300.45813
1623.650391	1251.222656
1627.025391	1255.383667
1630.400391	1254.421753
1633.773438	1254.923828
1637.144531	1245.898438
1640.513672	1248.596436
1643.882813	1300.438599
1647.251953	1331.776611
1650.617188	1336.713257
1653.982422	1327.70105
1657.345703	1375.248657
1660.707031	1381.677612
1664.068359	1360.907837
1667.427734	1371.013062
1670.787109	1348.750122
1674.142578	1364.746826
1677.498047	1321.107178
1680.853516	1293.639771
1684.205078	1274.994019
1687.556641	1288.036377
1690.90625	1239.869629
1694.255859	1250.694092
1697.603516	1271.123047
1700.949219	1224.368042
1704.294922	1228.549438
1707.638672	1185.434814
1710.980469	1177.034668
1714.320313	1181.94104
1717.660156	1140.97522
1720.998047	1125.884399
1724.335938	1130.775391
1727.669922	1157.153687
1731.003906	1142.050415
1734.337891	1157.33252
1737.669922	1123.674316
1741	1105.570923
1744.328125	1149.062866
1747.65625	1159.915405
1750.982422	1168.547607
1754.306641	1137.798218
1757.630859	1125.61084
1760.953125	1129.776367
1764.273438	1122.783936
1767.59375	1132.161499
1770.912109	1151.226685
1774.228516	1116.670654
1777.544922	1105.934692
1780.859375	1144.395142
1784.171875	1108.302856
1787.484375	1116.203125
1790.792969	1131.573486
1794.103516	1140.982056
1797.410156	1151.144775
1800.716797	1137.401489
1804.023438	1116.171021
1807.326172	1128.578857
1810.628906	1148.478149
1813.929688	1140.698853
1817.230469	1112.695923
1820.529297	1142.349731
1823.826172	1128.562866
1827.123047	1122.261597
1830.417969	1132.454468
1833.710938	1134.4021
1837.001953	1135.600342
1840.292969	1142.806274
1843.583984	1138.750244
1846.871094	1138.447998
1850.158203	1129.124268
1853.443359	1168.675659
1856.728516	1151.0802
1860.011719	1116.159912
1863.292969	1148.97583
1866.574219	1088.416748
1869.853516	1131.042969
1873.130859	1157.87207
1876.408203	1147.770142
1879.683594	1128.607056
1882.957031	1115.466309
1886.230469	1180.080933
1889.501953	1148.822144
1892.771484	1128.116943
1896.041016	1133.095825
1899.308594	1163.789063
1902.574219	1154.411987
1905.839844	1151.081421
1909.103516	1181.817139
1912.365234	1129.26416
1915.626953	1127.434326
1918.886719	1176.387695
1922.146484	1140.451904
1925.402344	1144.692261
1928.658203	1173.978394
1931.914063	1177.475464
1935.167969	1141.482544
1938.419922	1137.371338
1941.669922	1149.978027
1944.919922	1186.165527
1948.167969	1121.213379
1951.416016	1179.485229
1954.662109	1173.095703
1957.90625	1173.554932
1961.150391	1163.348145
1964.392578	1173.711304
1967.632813	1166.545898
1970.873047	1172.341309
1974.111328	1152.960449
1977.347656	1203.791748
1980.583984	1146.989136
1983.818359	1164.243896
1987.050781	1157.820435
1990.283203	1204.144775
1993.513672	1189.318237
1996.744141	1219.622681
1999.970703	1155.036865
2003.199219	1206.025757
2006.423828	1160.534424
2009.648438	1172.481934
2012.871094	1182.138672
2016.09375	1155.756958
2019.314453	1213.749268
2022.533203	1191.963989
2025.751953	1217.766479
2028.96875	1136.051636
2032.183594	1202.578125
2035.398438	1159.229248
2038.611328	1160.449463
2041.824219	1196.289551
2045.035156	1170.587891
2048.244141	1174.892822
2051.451172	1173.03894
2054.658203	1185.052734
2057.865234	1187.825684
2061.068359	1231.469604
2064.271484	1236.576416
2067.474609	1181.493408
2070.673828	1160.335693
2073.875	1208.669556
2077.072266	1159.691406
2080.269531	1196.468262
2083.464844	1230.953735
2086.660156	1194.302612
2089.853516	1220.301514
2093.044922	1206.066406
2096.236328	1200.338501
2099.425781	1235.665649
2102.613281	1208.243896
2105.800781	1218.015625
2108.986328	1210.731201
2112.169922	1192.578003
2115.353516	1245.045776
2118.535156	1201.266235
2121.716797	1229.696289
2124.896484	1231.726196
2128.074219	1227.537964
2131.251953	1238.122803
2134.427734	1230.821167
2137.603516	1242.193237
2140.777344	1269.145996
2143.949219	1201.091431
2147.119141	1240.516113
2150.289063	1229.302246
2153.458984	1197.804077
2156.625	1240.392822
2159.791016	1273.64917
2162.957031	1204.656006
2166.121094	1220.740967
2169.283203	1237.619385
2172.445313	1231.843384
2175.603516	1214.33374
2178.763672	1244.526245
2181.921875	1245.788208
2185.078125	1264.272949
2188.232422	1281.988647
2191.386719	1248.010986
2194.539063	1275.138184
2197.691406	1241.915161
2200.841797	1272.982056
2203.990234	1220.115967
2207.138672	1214.305542
2210.285156	1223.409912
2213.429688	1248.231934
2216.574219	1261.285034
2219.71875	1284.567871
2222.859375	1252.030151
2226	1250.150513
2229.140625	1284.473755
2232.279297	1270.794189
2235.416016	1247.651978
2238.550781	1287.528564
2241.685547	1305.364136
2244.820313	1268.80188
2247.951172	1275.599243
2251.082031	1260.304565
2254.212891	1271.050537
2257.341797	1286.543091
2260.46875	1279.13501
2263.595703	1259.865234
2266.720703	1274.579712
2269.84375	1291.678101
2272.966797	1314.328247
2276.087891	1282.375732
2279.208984	1243.271484
2282.328125	1305.538086
2285.445313	1257.694702
2288.5625	1298.608032
2291.677734	1296.724854
2294.792969	1296.426758
2297.90625	1250.886597
2301.017578	1280.742676
2304.128906	1277.259888
2307.238281	1276.157959
2310.345703	1280.619507
2313.453125	1271.565186
2316.558594	1271.254517
2319.664063	1290.839111
2322.767578	1277.796753
2325.871094	1337.220093
2328.972656	1366.412231
2332.072266	1336.644897
2335.169922	1319.612183
2338.267578	1307.352173
2341.365234	1271.941772
2344.460938	1279.609985
2347.554688	1287.283936
2350.648438	1251.025635
2353.740234	1263.48877
2356.830078	1283.956055
2359.919922	1282.044678
2363.007813	1276.931152
2366.095703	1284.619751
2369.181641	1253.080078
2372.265625	1281.590576
2375.349609	1254.833008
2378.431641	1284.968506
2381.513672	1259.795044
2384.59375	1261.877319
2387.673828	1258.343262
2390.75	1295.750122
2393.828125	1283.391357
2396.902344	1307.980469
2399.976563	1277.130493
2403.050781	1340.329224
2406.123047	1278.902466
2409.193359	1276.972778
2412.262695	1264.576904
2415.331055	1262.639771
2418.398438	1300.97876
2421.464844	1314.364624
2424.530273	1294.70752
2427.59375	1296.809937
2430.65625	1336.025513
2433.717773	1267.121216
2436.77832	1287.784546
2439.837891	1314.117188
2442.895508	1267.749512
2445.953125	1275.50293
2449.008789	1275.984375
2452.063477	1270.803467
2455.117188	1319.835938
2458.168945	1277.428955
2461.220703	1324.070923
2464.270508	1290.544434
2467.319336	1278.874268
2470.367188	1286.652832
2473.413086	1274.160767
2476.458984	1232.450195
2479.50293	1253.205688
2482.545898	1232.566406
2485.587891	1275.268433
2488.628906	1313.939453
2491.668945	1280.292603
2494.707031	1283.213623
2497.745117	1273.120728
2500.78125	1270.344116
2503.816406	1266.750977
2506.850586	1286.772827
2509.882813	1318.215454
2512.915039	1307.300171
2515.945313	1280.885132
2518.974609	1326.225952
2522.00293	1292.453979
2525.030273	1268.451416
2528.056641	1317.920532
2531.081055	1289.00769
2534.105469	1264.975952
2537.12793	1291.609253
2540.149414	1284.733154
2543.169922	1305.666626
2546.188477	1266.872803
2549.207031	1299.276489
2552.223633	1270.278687
2555.239258	1284.682373
2558.254883	1279.425781
2561.267578	1268.425415
2564.280273	1263.158203
2567.291992	1291.528809
2570.301758	1284.624023
2573.311523	1277.713745
2576.319336	1275.726685
2579.326172	1278.668579
2582.332031	1319.427612
2585.335938	1275.511719
2588.339844	1329.462524
2591.341797	1306.914795
2594.34375	1318.105225
2597.34375	1336.716309
2600.342773	1251.527588
2603.34082	1301.44751
2606.336914	1282.968384
2609.333008	1296.643799
2612.327148	1277.323364
2615.320313	1316.595337
2618.313477	1302.221924
2621.304688	1307.663086
2624.293945	1323.85083
2627.283203	1300.369629
2630.271484	1311.604248
2633.257813	1333.601685
2636.243164	1308.441772
2639.227539	1312.239868
2642.210938	1285.39624
2645.193359	1307.415527
2648.174805	1330.279663
2651.155273	1321.653076
2654.133789	1332.097046
2657.112305	1302.720215
2660.088867	1334.746094
2663.064453	1328.598267
2666.039063	1368.133057
2669.012695	1288.865356
2671.984375	1306.800293
2674.956055	1292.315674
2677.925781	1327.734985
2680.895508	1329.891235
2683.863281	1311.235474
2686.830078	1310.888062
2689.795898	1306.37439
2692.760742	1331.028076
2695.723633	1303.172485
2698.686523	1327.842529
2701.647461	1329.167969
2704.608398	1343.014282
2707.567383	1364.38562
2710.525391	1331.477539
2713.482422	1377.928101
2716.438477	1344.164185
2719.392578	1321.245972
2722.34668	1356.03186
2725.299805	1349.837402
2728.250977	1365.404297
2731.201172	1376.794922
2734.150391	1375.627075
2737.098633	1383.677002
2740.045898	1385.86377
2742.992188	1367.922974
2745.9375	1344.095581
2748.881836	1373.966797
2751.824219	1356.840454
2754.765625	1380.018188
2757.707031	1388.928467
2760.646484	1365.063354
2763.584961	1351.270752
2766.522461	1368.591187
2769.458984	1402.753662
2772.393555	1376.331787
2775.328125	1351.574463
2778.261719	1344.489258
2781.193359	1352.567505
2784.124023	1358.965332
2787.054688	1338.380737
2789.983398	1399.614624
2792.911133	1440.638184
2795.837891	1377.846436
2798.762695	1396.087769
2801.6875	1351.820557
2804.611328	1362.458374
2807.533203	1353.656982
2810.455078	1338.082275
2813.375	1315.726929
2816.293945	1356.837646
2819.211914	1373.422485
2822.129883	1359.525146
2825.045898	1373.580322
2827.959961	1390.188599
2830.874023	1391.544922
2833.787109	1439.558105
2836.698242	1442.630127
2839.609375	1516.16394
2842.518555	1610.981934
2845.427734	1717.762207
2848.334961	1871.361694
2851.241211	1895.849121
2854.146484	1882.933472
2857.050781	1975.504272
2859.954102	1967.713989
2862.856445	1981.202393
2865.757813	2065.391846
2868.657227	2163.274658
2871.556641	2230.544678
2874.454102	2301.273438
2877.351563	2333.670654
2880.24707	2374.623291
2883.141602	2343.905518
2886.036133	2306.33374
2888.928711	2381.487305
2891.820313	2393.461914
2894.710938	2356.720459
2897.599609	2443.94458
2900.488281	2459.375
2903.375977	2487.652344
2906.262695	2465.442383
2909.147461	2570.814453
2912.032227	2634.285156
2914.915039	2690.945313
2917.797852	2798.226807
2920.678711	2790.665771
2923.558594	2836.289551
2926.4375	2920.566406
2929.31543	2912.180908
2932.192383	2985.379883
2935.068359	3020.828125
2937.943359	2998.716064
2940.817383	2943.055908
2943.69043	2824.567139
2946.561523	2794.614502
2949.432617	2635.53125
2952.301758	2513.356445
2955.170898	2519.43335
2958.038086	2456.581543
2960.905273	2450.573486
2963.770508	2378.165283
2966.634766	2354.871582
2969.499023	2300.496094
2972.361328	2243.491455
2975.222656	2214.077637
2978.083008	2134.539795
2980.942383	2124.939941
2983.800781	2011.597412
2986.657227	1961.301147
2989.513672	1887.61084
2992.369141	1851.079102
2995.223633	1817.117554
2998.076172	1780.533203
3000.928711	1676.348267
3003.779297	1653.552368
3006.629883	1658.482178
3009.478516	1571.484985
3012.327148	1560.771606
3015.173828	1537.03186
3018.019531	1441.213989
3020.865234	1436.520752
3023.708984	1435.299194
3026.551758	1381.928223
3029.393555	1425.027344
3032.234375	1397.706543
3035.074219	1350.354126
3037.913086	1423.080566
3040.750977	1397.469971
3043.587891	1391.874023
3046.423828	1401.086182
3049.258789	1418.149414
3052.091797	1388.139282
3054.924805	1434.866211
3057.756836	1421.418945
3060.586914	1480.410889
3063.416992	1450.378906
3066.246094	1427.31311
3069.073242	1445.300049
3071.900391	1394.24292
3074.725586	1364.135742
3077.550781	1364.623291
3080.374023	1398.363525
3083.196289	1392.735352
3086.018555	1374.84314
3088.838867	1333.285522
3091.658203	1388.969604
3094.477539	1320.21106
3097.294922	1341.72876
3100.111328	1364.138672
3102.926758	1343.563232
3105.741211	1325.606567
3108.554688	1408.629395
3111.367188	1341.48584
3114.178711	1335.811768
3116.990234	1314.30896
3119.799805	1344.677979
3122.607422	1366.270752
3125.415039	1346.515015
3128.22168	1300.333252
3131.027344	1306.960449
3133.832031	1329.450317
3136.635742	1314.940186
3139.438477	1331.276733
3142.240234	1300.881226
3145.041016	1297.813965
3147.839844	1306.217773
3150.638672	1310.212769
3153.436523	1375.151611
3156.233398	1286.403809
3159.02832	1344.30896
3161.823242	1349.206177
3164.617188	1324.034912
3167.410156	1290.882568
3170.201172	1295.765137
3172.992188	1321.015015
3175.782227	1311.739624
3178.570313	1303.343506
3181.358398	1297.60022
3184.144531	1345.938232
3186.930664	1286.987305
3189.71582	1330.918823
3192.499023	1326.951172
3195.282227	1270.593872
3198.063477	1305.683105
3200.844727	1315.453491
