399.333984	988.349304
403.220703	997.044678
407.103516	998.113525
410.986328	997.910156
414.867188	984.335632
418.748047	966.927185
422.625	950.777832
426.501953	933.339172
430.375	966.909363
434.248047	941.166992
438.119141	986.25946
441.988281	943.898132
445.855469	922.583862
449.722656	931.931702
453.585938	924.661316
457.449219	933.377869
461.310547	938.901611
465.169922	937.386597
469.027344	921.136963
472.882813	951.013855
476.736328	925.138672
480.589844	921.048462
484.441406	919.521057
488.289063	943.670227
492.136719	921.599426
495.984375	942.557251
499.828125	969.317932
503.669922	963.948364
507.511719	941.847107
511.351563	974.433777
515.189453	942.015137
519.025391	956.592651
522.859375	977.626953
526.691406	957.416687
530.523438	958.473755
534.351563	945.335388
538.179688	950.906555
542.005859	951.961365
545.830078	956.247375
549.654297	935.327576
553.474609	940.902954
557.294922	952.952271
561.113281	928.119873
564.927734	931.755981
568.744141	941.224976
572.556641	950.053772
576.367188	946.571472
580.177734	950.869263
583.986328	901.312378
587.792969	908.190552
591.597656	904.683228
595.400391	943.404907
599.201172	917.808899
603.001953	891.540405
606.800781	890.621155
610.597656	885.795715
614.392578	898.546204
618.185547	915.215759
621.976563	911.697266
625.767578	876.881592
629.556641	941.827881
633.34375	913.519897
637.128906	930.230225
640.912109	946.301453
644.693359	929.065247
648.474609	924.233032
652.253906	929.858948
656.03125	964.273682
659.806641	960.103943
663.580078	982.1203
667.353516	987.12439
671.123047	958.711975
674.892578	951.253723
678.660156	998.225586
682.425781	984.21582
686.191406	926.869873
689.953125	952.21936
693.714844	968.392456
697.474609	959.603088
701.232422	955.408691
704.988281	984.101624
708.744141	985.836487
712.498047	1027.075439
716.248047	1069.666504
719.998047	1117.565063
723.748047	1101.559448
727.494141	1084.220947
731.240234	1090.619629
734.982422	1015.835693
738.724609	1022.210083
742.464844	1030.571411
746.205078	1032.991455
749.941406	1032.768555
753.677734	1041.805664
757.412109	1088.56958
761.144531	1071.156494
764.875	1085.518921
768.605469	1082.665894
772.332031	1134.165405
776.058594	1203.613159
779.783203	1294.348999
783.505859	1298.879272
787.228516	1235.021973
790.947266	1193.031128
794.666016	1183.567505
798.382813	1157.474854
802.097656	1158.629272
805.8125	1215.012329
809.523438	1228.173706
813.234375	1192.730835
816.943359	1207.891968
820.650391	1181.074707
824.357422	1156.234863
828.060547	1155.388794
831.763672	1137.190186
835.464844	1117.640503
839.164063	1148.83667
842.861328	1135.288696
846.558594	1134.430298
850.253906	1113.50769
853.947266	1172.853882
857.638672	1156.614502
861.328125	1158.440918
865.017578	1160.268555
868.705078	1143.332153
872.390625	1155.211304
876.074219	1122.830811
879.755859	1120.619019
883.4375	1137.201782
887.117188	1141.037964
890.794922	1140.173828
894.470703	1140.653076
898.146484	1085.319702
901.818359	1128.829956
905.490234	1117.189941
909.160156	1146.610352
912.830078	1151.133179
916.496094	1115.228149
920.162109	1076.596069
923.826172	1073.675659
927.488281	1115.282715
931.148438	1075.926147
934.808594	1117.568481
938.466797	1118.036865
942.123047	1088.092773
945.777344	1104.775391
949.429688	1093.062744
953.082031	1081.340088
956.732422	1105.486572
960.380859	1091.726929
964.027344	1103.02417
967.673828	1117.719727
971.318359	1116.830933
974.960938	1098.981445
978.601563	1117.764771
982.240234	1083.605347
985.878906	1120.736694
989.515625	1117.807251
993.150391	1150.904419
996.783203	1192.190063
1000.416016	1302.907471
1004.044922	1327.954712
1007.673828	1205.939941
1011.302734	1142.408081
1014.927734	1131.298828
1018.552734	1095.63562
1022.175781	1073.583862
1025.796875	1097.231323
1029.416016	1109.293335
1033.035156	1139.804077
1036.650391	1154.626099
1040.265625	1160.574707
1043.880859	1136.44165
1047.492188	1127.337646
1051.103516	1140.124878
1054.712891	1111.844482
1058.320313	1147.237549
1061.925781	1169.640991
1065.53125	1114.602539
1069.134766	1167.870117
1072.736328	1206.774414
1076.335938	1154.427246
1079.935547	1206.403687
1083.533203	1236.44165
1087.128906	1241.765137
1090.722656	1280.091919
1094.316406	1258.61438
1097.90625	1243.311035
1101.496094	1233.501465
1105.085938	1195.449951
1108.671875	1209.723511
1112.257813	1130.967407
1115.841797	1141.778076
1119.423828	1153.287109
1123.003906	1121.332275
1126.583984	1195.662354
1130.162109	1193.394775
1133.738281	1137.234009
1137.314453	1073.423462
1140.886719	1029.612671
1144.458984	1048.716064
1148.029297	1063.682617
1151.599609	1071.737915
1155.166016	1088.803589
1158.732422	1129.442139
1162.296875	1125.74939
1165.861328	1081.137817
1169.421875	1140.554443
1172.982422	1162.540771
1176.541016	1169.269409
1180.097656	1167.667847
1183.654297	1145.217285
1187.208984	1157.507813
1190.761719	1135.033936
1194.3125	1143.155151
1197.863281	1200.006958
1201.412109	1210.250122
1204.958984	1239.310425
1208.503906	1255.849854
1212.048828	1270.310913
1215.591797	1303.615845
1219.132813	1325.783447
1222.671875	1398.927856
1226.210938	1432.325806
1229.748047	1460.860352
1233.283203	1481.729736
1236.816406	1459.963745
1240.349609	1468.957642
1243.880859	1512.947998
1247.410156	1500.267822
1250.939453	1480.573242
1254.464844	1458.76001
1257.990234	1485.994385
1261.513672	1440.322998
1265.037109	1470.377563
1268.558594	1379.044189
1272.078125	1369.780273
1275.595703	1373.151367
1279.111328	1357.552734
1282.626953	1409.424561
1286.140625	1374.136597
1289.652344	1465.454712
1293.164063	1534.325195
1296.673828	1515.942383
1300.181641	1553.89563
1303.6875	1594.698364
1307.193359	1561.512085
1310.697266	1564.266479
1314.199219	1603.711182
1317.699219	1619.895142
1321.199219	1576.777344
1324.697266	1611.329468
1328.193359	1575.945801
1331.689453	1641.632568
1335.181641	1650.082886
1338.673828	1572.216431
1342.166016	1574.981567
1345.654297	1519.680664
1349.142578	1463.625854
1352.628906	1428.077759
1356.115234	1424.406006
1359.597656	1405.126221
1363.080078	1427.696167
1366.5625	1420.469238
1370.041016	1453.005371
1373.519531	1422.337036
1376.996094	1390.932495
1380.470703	1359.502075
1383.945313	1433.321899
1387.417969	1375.552612
1390.888672	1386.790771
1394.357422	1370.974365
1397.826172	1380.794067
1401.292969	1357.121094
1404.757813	1360.524902
1408.222656	1340.390381
1411.683594	1358.062378
1415.144531	1363.61145
1418.605469	1348.452271
1422.0625	1348.285156
1425.519531	1333.821533
1428.976563	1388.709717
1432.429688	1394.280762
1435.882813	1462.119507
1439.333984	1533.592773
1442.783203	1568.594604
1446.232422	1584.994263
1449.679688	1625.062378
1453.125	1594.884399
1456.570313	1604.856689
1460.011719	1619.142944
1463.453125	1569.538818
1466.894531	1547.188843
1470.332031	1565.779419
1473.769531	1552.754272
1477.207031	1591.497803
1480.640625	1610.127563
1484.074219	1551.040039
1487.505859	1493.344482
1490.935547	1426.237671
1494.365234	1330.251709
1497.792969	1279.604736
1501.21875	1266.418823
1504.644531	1238.792114
1508.066406	1228.465454
1511.490234	1226.795044
1514.910156	1216.45459
1518.330078	1211.16394
1521.748047	1192.855957
1525.164063	1215.033813
1528.580078	1232.164673
1531.992188	1229.765991
1535.40625	1207.089966
1538.816406	1243.071777
1542.226563	1210.961304
1545.634766	1243.348145
1549.041016	1297.519043
1552.447266	1303.845703
1555.851563	1307.999634
1559.253906	1325.227295
1562.65625	1407.121948
1566.056641	1468.733521
1569.455078	1514.399658
1572.851563	1601.559448
1576.248047	1556.363281
1579.642578	1473.279419
1583.035156	1436.004883
1586.427734	1396.514526
1589.818359	1375.21167
1593.207031	1351.704102
1596.595703	1315.048828
1599.982422	1330.89917
1603.367188	1371.580322
1606.751953	1339.999512
1610.132813	1366.83606
1613.513672	1430.966187
1616.894531	1390.596558
1620.273438	1389.690796
1623.650391	1396.832764
1627.025391	1392.268188
1630.400391	1368.65979
1633.773438	1416.093262
1637.144531	1423.988647
1640.513672	1473.68103
1643.882813	1502.875732
1647.251953	1535.028442
1650.617188	1577.483154
1653.982422	1586.925903
1657.345703	1642.658081
1660.707031	1666.097412
1664.068359	1655.734375
1667.427734	1656.39563
1670.787109	1603.342407
1674.142578	1600.301758
1677.498047	1554.546997
1680.853516	1574.321289
1684.205078	1523.359985
1687.556641	1465.721924
1690.90625	1437.540771
1694.255859	1430.734985
1697.603516	1384.800659
1700.949219	1336.614014
1704.294922	1274.352295
1707.638672	1255.644531
1710.980469	1236.921509
1714.320313	1207.828369
1717.660156	1209.78894
1720.998047	1193.985229
1724.335938	1164.839355
1727.669922	1143.81897
1731.003906	1142.050415
1734.337891	1198.109741
1737.669922	1142.216797
1741	1148.606567
1744.328125	1143.124634
1747.65625	1127.984375
1750.982422	1134.375244
1754.306641	1113.27356
1757.630859	1124.123901
1760.953125	1144.651611
1764.273438	1114.599243
1767.59375	1096.432495
1770.912109	1108.036987
1774.228516	1113.690918
1777.544922	1099.227539
1780.859375	1127.247803
1784.171875	1131.423584
1787.484375	1137.094604
1790.792969	1114.405762
1794.103516	1124.554321
1797.410156	1114.54126
1800.716797	1122.455322
1804.023438	1113.928223
1807.326172	1119.604126
1810.628906	1120.795044
1813.929688	1124.232056
1817.230469	1127.671631
1820.529297	1121.375488
1823.826172	1115.823486
1827.123047	1126.759644
1830.417969	1097.205811
1833.710938	1123.898315
1837.001953	1130.346436
1840.292969	1095.502197
1843.583984	1098.187866
1846.871094	1106.887085
1850.158203	1140.400391
1853.443359	1134.83374
1856.728516	1128.51001
1860.011719	1102.612427
1863.292969	1127.893677
1866.574219	1111.013672
1869.853516	1118.23291
1873.130859	1117.919434
1876.408203	1113.834839
1879.683594	1099.939209
1882.957031	1114.711548
1886.230469	1131.005249
1889.501953	1131.450073
1892.771484	1124.338989
1896.041016	1115.710083
1899.308594	1116.904785
1902.574219	1114.317749
1905.839844	1100.376343
1909.103516	1122.76416
1912.365234	1089.880005
1915.626953	1120.615234
1918.886719	1111.959229
1922.146484	1123.011475
1925.402344	1112.073364
1928.658203	1101.885376
1931.914063	1120.537476
1935.167969	1099.71167
1938.419922	1099.382935
1941.669922	1120.335449
1944.919922	1097.963501
1948.167969	1130.341309
1951.416016	1122.41333
1954.662109	1084.028809
1957.90625	1121.00769
1961.150391	1132.112183
1964.392578	1129.506592
1967.632813	1125.373657
1970.873047	1133.441162
1974.111328	1117.097412
1977.347656	1110.66394
1980.583984	1115.67981
1983.818359	1118.407471
1987.050781	1152.470825
1990.283203	1193.441284
1993.513672	1148.781982
1996.744141	1153.821167
1999.970703	1125.185059
2003.199219	1140.938721
2006.423828	1139.851685
2009.648438	1129.567627
2012.871094	1157.606567
2016.09375	1123.546143
2019.314453	1150.836792
2022.533203	1113.676636
2025.751953	1136.377197
2028.96875	1121.457397
2032.183594	1127.272949
2035.398438	1103.112793
2038.611328	1116.615356
2041.824219	1089.35437
2045.035156	1150.577881
2048.244141	1129.467651
2051.451172	1120.664307
2054.658203	1114.935791
2057.865234	1109.973389
2061.068359	1130.453613
2064.271484	1158.663696
2067.474609	1125.929932
2070.673828	1107.838867
2073.875	1107.496582
2077.072266	1141.921387
2080.269531	1126.133301
2083.464844	1110.332642
2086.660156	1133.19519
2089.853516	1157.622681
2093.044922	1137.17041
2096.236328	1122.897339
2099.425781	1167.491089
2102.613281	1141.592896
2105.800781	1129.630005
2108.986328	1119.208862
2112.169922	1149.126831
2115.353516	1137.928345
2118.535156	1122.06189
2121.716797	1101.521973
2124.896484	1163.340088
2128.074219	1137.357788
2131.251953	1120.687744
2134.427734	1144.461426
2137.603516	1169.809692
2140.777344	1157.803833
2143.949219	1133.325562
2147.119141	1144.672241
2150.289063	1152.909424
2153.458984	1129.959717
2156.625	1155.359619
2159.791016	1131.612305
2162.957031	1153.908936
2166.121094	1169.193359
2169.283203	1170.425415
2172.445313	1153.680786
2175.603516	1174.455444
2178.763672	1145.183228
2181.921875	1112.758057
2185.078125	1157.807861
2188.232422	1133.976563
2191.386719	1160.266357
2194.539063	1177.171265
2197.691406	1138.422241
2200.841797	1160.037231
2203.990234	1160.483276
2207.138672	1164.069214
2210.285156	1167.657593
2213.429688	1151.609863
2216.574219	1151.266479
2219.71875	1144.633301
2222.859375	1140.354126
2226	1143.938843
2229.140625	1171.137817
2232.279297	1127.495239
2235.416016	1152.345215
2238.550781	1161.454834
2241.685547	1131.946167
2244.820313	1201.773926
2247.951172	1180.14624
2251.082031	1141.929077
2254.212891	1145.524414
2257.341797	1153.860962
2260.46875	1157.463135
2263.595703	1178.456055
2266.720703	1176.535034
2269.84375	1142.182007
2272.966797	1157.65332
2276.087891	1181.052246
2279.208984	1160.914673
2282.328125	1164.527222
2285.445313	1162.594849
2288.5625	1159.86792
2291.677734	1158.724854
2294.792969	1109.182739
2297.90625	1185.008667
2301.017578	1175.932983
2304.128906	1141.431885
2307.238281	1169.679077
2310.345703	1164.560791
2313.453125	1138.762573
2316.558594	1161.471558
2319.664063	1200.114258
2322.767578	1178.279907
2325.871094	1245.629761
2328.972656	1265.226074
2332.072266	1256.94043
2335.169922	1202.401978
2338.267578	1143.035767
2341.365234	1133.895386
2344.460938	1171.046753
2347.554688	1166.700806
2350.648438	1165.546875
2353.740234	1171.584229
2356.830078	1204.807983
2359.919922	1155.679688
2363.007813	1168.119995
2366.095703	1156.557983
2369.181641	1167.406128
2372.265625	1161.441528
2375.349609	1194.735596
2378.431641	1178.355347
2381.513672	1158.754761
2384.59375	1129.512573
2387.673828	1162.041504
2390.75	1166.496216
2393.828125	1188.622681
2396.902344	1198.714355
2399.976563	1176.664063
2403.050781	1180.325806
2406.123047	1183.990234
2409.193359	1212.601074
2412.262695	1216.279907
2415.331055	1194.192993
2418.398438	1153.561279
2421.464844	1171.726685
2424.530273	1163.30188
2427.59375	1186.322998
2430.65625	1195.645996
2433.717773	1191.255371
2436.77832	1211.082642
2439.837891	1184.88623
2442.895508	1169.173706
2445.953125	1169.615112
2449.008789	1192.697632
2452.063477	1198.810059
2455.117188	1191.170166
2458.168945	1183.52417
2461.220703	1179.921387
2464.270508	1207.910767
2467.319336	1178.379761
2470.367188	1149.636963
2473.413086	1167.102051
2476.458984	1193.505005
2479.50293	1189.896118
2482.545898	1152.99353
2485.587891	1203.788452
2488.628906	1187.177246
2491.668945	1165.675903
2494.707031	1168.553955
2497.745117	1195.838623
2500.78125	1172.687866
2503.816406	1189.410767
2506.850586	1175.198242
2509.882813	1202.525391
2512.915039	1202.161987
2515.945313	1227.88855
2518.974609	1181.04248
2522.00293	1174.142212
2525.030273	1186.010254
2528.056641	1207.685547
2531.081055	1163.21106
2534.105469	1172.635986
2537.12793	1207.409424
2540.149414	1175.150635
2543.169922	1190.316406
2546.188477	1206.311768
2549.207031	1192.026855
2552.223633	1222.776367
2555.239258	1200.293213
2558.254883	1191.726563
2561.267578	1203.651245
2564.280273	1209.843018
2567.291992	1222.603516
2570.301758	1223.060547
2573.311523	1213.663818
2576.319336	1186.187622
2579.326172	1209.640137
2582.332031	1227.355469
2585.335938	1222.879395
2588.339844	1208.527466
2591.341797	1197.456543
2594.34375	1220.132446
2597.34375	1220.587524
2600.342773	1247.407959
2603.34082	1209.134521
2606.336914	1216.181396
2609.333008	1199.31311
2612.327148	1225.339355
2615.320313	1234.87561
2618.313477	1199.002075
2621.304688	1196.970215
2624.293945	1234.602417
2627.283203	1228.448364
2630.271484	1199.960693
2633.257813	1207.025391
2636.243164	1234.785034
2639.227539	1253.45813
2642.210938	1258.893188
2645.193359	1245.276001
2648.174805	1242.423096
2651.155273	1261.12561
2654.133789	1227.586304
2657.112305	1228.041992
2660.088867	1249.249268
2663.064453	1246.391235
2666.039063	1245.192139
2669.012695	1249.808838
2671.984375	1237.802612
2674.956055	1239.924561
2677.925781	1241.21582
2680.895508	1264.14563
2683.863281	1224.652344
2686.830078	1216.777344
2689.795898	1249.720459
2692.760742	1286.021484
2695.723633	1256.481689
2698.686523	1247.771729
2701.647461	1253.23938
2704.608398	1268.727051
2707.567383	1275.875854
2710.525391	1293.888794
2713.482422	1260.106567
2716.438477	1321.594238
2719.392578	1323.754639
2722.34668	1290.781738
2725.299805	1318.037231
2728.250977	1322.709229
2731.201172	1324.034546
2734.150391	1338.765015
2737.098633	1343.448975
2740.045898	1379.156616
2742.992188	1303.342896
2745.9375	1276.974731
2748.881836	1298.427979
2751.824219	1336.689331
2754.765625	1348.100586
2757.707031	1296.501343
2760.646484	1291.934937
2763.584961	1304.182251
2766.522461	1345.879395
2769.458984	1353.106079
2772.393555	1306.463013
2775.328125	1324.627197
2778.261719	1289.732544
2781.193359	1303.689697
2784.124023	1299.953247
2787.054688	1261.636719
2789.983398	1273.910767
2792.911133	1298.853027
2795.837891	1266.402954
2798.762695	1272.779419
2801.6875	1278.315308
2804.611328	1311.74646
2807.533203	1330.828247
2810.455078	1291.562378
2813.375	1282.728027
2816.293945	1312.822876
2819.211914	1366.648438
2822.129883	1322.254639
2825.045898	1357.480347
2827.959961	1363.910645
2830.874023	1416.136475
2833.787109	1433.620117
2836.698242	1530.036499
2839.609375	1554.365234
2842.518555	1661.935425
2845.427734	1856.236694
2848.334961	1992.889771
2851.241211	2014.020874
2854.146484	2087.04541
2857.050781	2177.138428
2859.954102	2249.423828
2862.856445	2323.464355
2865.757813	2474.211914
2868.657227	2595.248047
2871.556641	2752.169922
2874.454102	2904.089355
2877.351563	3022.000977
2880.24707	3015.421875
2883.141602	3057.490723
2886.036133	3033.840576
2888.928711	3010.172852
2891.820313	3145.424316
2894.710938	3069.634766
2897.599609	3157.118164
2900.488281	3222.422852
2903.375977	3212.468994
2906.262695	3291.536865
2909.147461	3411.76709
2912.032227	3549.217285
2914.915039	3699.621338
2917.797852	3784.121826
2920.678711	4030.770996
2923.558594	4040.812012
2926.4375	4128.100098
2929.31543	4296.153809
2932.192383	4384.45459
2935.068359	4384.324707
2937.943359	4415.134766
2940.817383	4331.614258
2943.69043	4182.664551
2946.561523	3958.750488
2949.432617	3770.82373
2952.301758	3744.634277
2955.170898	3512.563965
2958.038086	3530.205078
2960.905273	3440.112305
2963.770508	3377.546387
2966.634766	3308.033936
2969.499023	3254.002686
2972.361328	3135.190674
2975.222656	3073.284912
2978.083008	2956.048096
2980.942383	2884.525879
2983.800781	2774.915283
2986.657227	2628.039795
2989.513672	2518.256348
2992.369141	2437.81665
2995.223633	2275.941895
2998.076172	2171.107422
3000.928711	2062.731445
3003.779297	2013.208618
3006.629883	1937.641113
3009.478516	1825.59375
3012.327148	1761.182007
3015.173828	1753.13623
3018.019531	1678.23291
3020.865234	1593.72168
3023.708984	1539.558228
3026.551758	1492.308594
3029.393555	1491.974976
3032.234375	1510.775513
3035.074219	1541.770264
3037.913086	1490.10022
3040.750977	1510.660767
3043.587891	1512.073364
3046.423828	1536.141113
3049.258789	1557.61084
3052.091797	1498.876587
3054.924805	1583.150269
3057.756836	1571.501221
3060.586914	1577.301025
3063.416992	1633.750122
3066.246094	1627.346558
3069.073242	1592.97583
3071.900391	1576.062744
3074.725586	1516.289429
3077.550781	1481.840942
3080.374023	1484.995605
3083.196289	1452.261475
3086.018555	1469.418335
3088.838867	1420.010376
3091.658203	1479.230713
3094.477539	1492.031372
3097.294922	1448.716187
3100.111328	1445.723755
3102.926758	1483.974854
3105.741211	1433.586426
3108.554688	1462.199463
3111.367188	1422.308838
3114.178711	1435.997681
3116.990234	1438.267212
3119.799805	1468.68042
3122.607422	1446.329102
3125.415039	1461.804932
3128.22168	1451.76001
3131.027344	1400.314819
3133.832031	1469.531616
3136.635742	1394.259644
3139.438477	1462.641235
3142.240234	1446.403442
3145.041016	1405.450439
3147.839844	1434.191772
3150.638672	1385.258667
3153.436523	1383.983643
3156.233398	1399.494263
3159.02832	1409.712524
3161.823242	1405.791504
3164.617188	1361.182129
3167.410156	1405.902954
3170.201172	1347.985107
3172.992188	1392.7323
3175.782227	1410.053711
3178.570313	1386.629883
3181.358398	1341.030762
3184.144531	1356.578125
3186.930664	1373.910034
3189.71582	1401.901245
3192.499023	1429.024292
3195.282227	1391.349121
3198.063477	1438.027832
3200.844727	1414.045898
