399.333984	906.357666
403.220703	903.571716
407.103516	907.780762
410.986328	897.355408
414.867188	879.280396
418.748047	860.552429
422.625	857.739258
426.501953	877.236816
430.375	850.829224
434.248047	855.664368
438.119141	852.84314
441.988281	892.168945
445.855469	856.776245
449.722656	848.837646
453.585938	840.891907
457.449219	873.242493
461.310547	857.619751
465.169922	845.184692
469.027344	841.065979
472.882813	840.147705
476.736328	832.176025
480.589844	846.004822
484.441406	830.969849
488.289063	830.686584
492.136719	843.889648
495.984375	851.321289
499.828125	873.543152
503.669922	874.562866
507.511719	851.779724
511.351563	823.827759
515.189453	850.582336
519.025391	861.255493
522.859375	871.937561
526.691406	860.063171
530.523438	865.593384
534.351563	848.543335
538.179688	828.250549
542.005859	858.96106
545.830078	852.869324
549.654297	845.479248
553.474609	867.182739
557.294922	836.501892
561.113281	834.919556
564.927734	843.048157
568.744141	827.215637
572.556641	830.162964
576.367188	811.717407
580.177734	835.415833
583.986328	791.000549
587.792969	813.41156
591.597656	819.605347
595.400391	837.499268
599.201172	828.108032
603.001953	781.642273
606.800781	809.30072
610.597656	823.965759
614.392578	823.667358
618.185547	812.294678
621.976563	844.574463
625.767578	842.327881
629.556641	826.382202
633.34375	843.700867
637.128906	870.82605
640.912109	854.218262
644.693359	848.703064
648.474609	812.46228
652.253906	833.080383
656.03125	868.108032
659.806641	839.027466
663.580078	890.45575
667.353516	855.464172
671.123047	882.696533
674.892578	867.338867
678.660156	861.149902
682.425781	875.952087
686.191406	862.540405
689.953125	839.266479
693.714844	847.507629
697.474609	862.985535
701.232422	858.092468
704.988281	903.189514
708.744141	882.514526
712.498047	904.616455
716.248047	919.491638
719.998047	922.518311
723.748047	940.050171
727.494141	918.686035
731.240234	936.890381
734.982422	941.908691
738.724609	929.762146
742.464844	953.278564
746.205078	925.925232
749.941406	951.443054
753.677734	940.601685
757.412109	966.146851
761.144531	957.288147
764.875	961.005432
768.605469	973.339233
772.332031	958.505615
776.058594	979.469177
779.783203	1023.006775
783.505859	1026.758423
787.228516	1034.496826
790.947266	982.457153
794.666016	1011.448547
798.382813	1006.557617
802.097656	1003.657654
805.8125	1013.397461
809.523438	1051.103638
813.234375	1002.266846
816.943359	1041.998413
820.650391	984.451111
824.357422	996.202393
828.060547	981.947021
831.763672	993.039246
835.464844	986.114136
839.164063	969.16394
842.861328	986.946106
846.558594	961.959473
850.253906	1015.866821
853.947266	974.813477
857.638672	1032.787109
861.328125	997.062744
865.017578	974.705933
868.705078	965.063538
872.390625	987.595032
876.074219	949.778015
879.755859	984.400085
883.4375	988.84198
887.117188	984.55658
890.794922	995.048645
894.470703	971.941284
898.146484	980.418945
901.818359	960.649109
905.490234	957.6875
909.160156	970.88208
912.830078	954.450378
916.496094	942.721558
920.162109	951.880859
923.826172	965.094116
927.488281	939.860168
931.148438	953.078918
934.808594	948.751526
938.466797	944.420288
942.123047	961.03595
945.777344	967.52356
949.429688	914.493103
953.082031	918.259399
956.732422	922.705566
960.380859	942.054688
964.027344	957.354492
967.673828	974.700378
971.318359	924.250427
974.960938	939.561279
978.601563	908.056641
982.240234	954.604736
985.878906	948.890442
989.515625	951.325317
993.150391	951.042725
996.783203	951.439758
1000.416016	994.019775
1004.044922	1019.618713
1007.673828	1003.701599
1011.302734	929.867065
1014.927734	956.152039
1018.552734	920.415771
1022.175781	941.943665
1025.796875	947.112671
1029.416016	966.621155
1033.035156	974.53595
1036.650391	959.227844
1040.265625	977.398071
1043.880859	951.821228
1047.492188	946.060669
1051.103516	960.8255
1054.712891	968.071472
1058.320313	985.596924
1061.925781	986.691833
1065.53125	982.988953
1069.134766	999.170166
1072.736328	1012.6203
1076.335938	974.605652
1079.935547	990.11615
1083.533203	983.65802
1087.128906	975.819885
1090.722656	1006.473938
1094.316406	993.823853
1097.90625	996.98822
1101.496094	1000.154968
1105.085938	1031.557617
1108.671875	989.272766
1112.257813	991.750183
1115.841797	950.102783
1119.423828	967.050598
1123.003906	976.421631
1126.583984	1001.677917
1130.162109	960.655151
1133.738281	992.143433
1137.314453	991.86261
1140.886719	959.773315
1144.458984	954.635986
1148.029297	954.338562
1151.599609	951.963562
1155.166016	972.442932
1158.732422	953.443176
1162.296875	970.473572
1165.861328	991.678711
1169.421875	990.006775
1172.982422	976.534241
1176.541016	988.04657
1180.097656	987.06488
1183.654297	985.387207
1187.208984	987.183838
1190.761719	986.199768
1194.3125	998.434326
1197.863281	1002.325989
1201.412109	1013.184082
1204.958984	1027.533936
1208.503906	1039.804688
1212.048828	1061.148804
1215.591797	1037.173218
1219.132813	1059.928955
1222.671875	1093.174072
1226.210938	1102.003906
1229.748047	1138.087769
1233.283203	1125.275879
1236.816406	1125.039063
1240.349609	1144.387939
1243.880859	1167.251343
1247.410156	1121.525513
1250.939453	1112.881226
1254.464844	1123.847778
1257.990234	1128.514648
1261.513672	1131.081299
1265.037109	1091.558838
1268.558594	1134.816528
1272.078125	1142.302734
1275.595703	1095.009155
1279.111328	1125.672607
1282.626953	1119.104248
1286.140625	1145.582642
1289.652344	1160.122437
1293.164063	1177.489014
1296.673828	1206.135254
1300.181641	1175.635498
1303.6875	1152.861938
1307.193359	1230.880371
1310.697266	1261.004639
1314.199219	1229.77063
1317.699219	1185.099731
1321.199219	1199.000366
1324.697266	1190.306885
1328.193359	1226.834961
1331.689453	1219.559082
1335.181641	1241.275391
1338.673828	1244.612305
1342.166016	1225.300293
1345.654297	1179.770752
1349.142578	1173.876099
1352.628906	1146.7146
1356.115234	1154.272217
1359.597656	1157.579956
1363.080078	1145.988647
1366.5625	1171.301392
1370.041016	1134.139648
1373.519531	1149.521118
1376.996094	1159.939575
1380.470703	1166.100098
1383.945313	1149.502808
1387.417969	1169.895752
1390.888672	1150.438354
1394.357422	1156.60376
1397.826172	1140.68689
1401.292969	1140.437866
1404.757813	1151.59729
1408.222656	1134.944702
1411.683594	1133.264893
1415.144531	1143.720215
1418.605469	1124.900635
1422.0625	1147.50708
1425.519531	1210.875488
1428.976563	1156.304688
1432.429688	1173.227539
1435.882813	1199.467651
1439.333984	1251.503296
1442.783203	1260.605713
1446.232422	1309.125
1449.679688	1228.65332
1453.125	1246.361938
1456.570313	1238.257813
1460.011719	1244.500854
1463.453125	1239.260742
1466.894531	1218.932007
1470.332031	1220.862427
1473.769531	1229.982666
1477.207031	1217.535278
1480.640625	1221.624878
1484.074219	1188.291016
1487.505859	1178.690918
1490.935547	1188.531372
1494.365234	1137.127441
1497.792969	1136.144897
1501.21875	1103.428711
1504.644531	1080.786621
1508.066406	1118.033447
1511.490234	1122.094971
1514.910156	1149.275024
1518.330078	1077.473511
1521.748047	1114.055176
1525.164063	1126.07605
1528.580078	1112.782959
1531.992188	1137.841187
1535.40625	1114.403931
1538.816406	1113.404053
1542.226563	1110.229004
1545.634766	1122.275757
1549.041016	1165.518799
1552.447266	1210.247437
1555.851563	1202.024048
1559.253906	1212.673706
1562.65625	1212.434937
1566.056641	1207.108521
1569.455078	1224.31543
1572.851563	1261.173462
1576.248047	1269.68396
1579.642578	1249.812622
1583.035156	1251.770996
1586.427734	1223.134033
1589.818359	1227.268921
1593.207031	1180.371704
1596.595703	1187.409546
1599.982422	1194.452881
1603.367188	1223.400024
1606.751953	1231.192993
1610.132813	1176.89624
1613.513672	1189.792114
1616.894531	1218.051514
1620.273438	1195.134155
1623.650391	1227.076294
1627.025391	1201.215576
1630.400391	1203.893311
1633.773438	1238.806885
1637.144531	1213.651733
1640.513672	1223.668457
1643.882813	1219.75708
1647.251953	1228.316284
1650.617188	1280.191162
1653.982422	1251.328857
1657.345703	1274.602783
1660.707031	1318.473145
1664.068359	1323.411133
1667.427734	1304.81604
1670.787109	1315.638428
1674.142578	1276.413696
1677.498047	1278.395874
1680.853516	1267.118774
1684.205078	1287.522949
1687.556641	1282.875366
1690.90625	1231.756348
1694.255859	1196.091553
1697.603516	1212.069702
1700.949219	1173.414185
1704.294922	1196.044312
1707.638672	1159.568115
1710.980469	1148.200317
1714.320313	1146.438477
1717.660156	1166.132935
1720.998047	1149.571655
1724.335938	1175.206665
1727.669922	1148.263916
1731.003906	1117.593872
1734.337891	1106.175659
1737.669922	1119.96582
1741	1128.572754
1744.328125	1163.908691
1747.65625	1154.717285
1750.982422	1117.289063
1754.306641	1125.907471
1757.630859	1120.406616
1760.953125	1150.601685
1764.273438	1109.390869
1767.59375	1127.695313
1770.912109	1157.928467
1774.228516	1079.423462
1777.544922	1139.470459
1780.859375	1095.189819
1784.171875	1123.219482
1787.484375	1105.01123
1790.792969	1114.405762
1794.103516	1126.047729
1797.410156	1116.035278
1800.716797	1134.412231
1804.023438	1161.77478
1807.326172	1121.099854
1810.628906	1140.248047
1813.929688	1155.668701
1817.230469	1116.439819
1820.529297	1154.335083
1823.826172	1142.051758
1827.123047	1124.51062
1830.417969	1157.953369
1833.710938	1121.647583
1837.001953	1119.088013
1840.292969	1139.802856
1843.583984	1150.768677
1846.871094	1150.471191
1850.158203	1187.760498
1853.443359	1134.83374
1856.728516	1152.584839
1860.011719	1142.502197
1863.292969	1157.258057
1866.574219	1159.973633
1869.853516	1154.402222
1873.130859	1165.410278
1876.408203	1151.540771
1879.683594	1138.414429
1882.957031	1218.1073
1886.230469	1162.715698
1889.501953	1126.162964
1892.771484	1156.074341
1896.041016	1142.922607
1899.308594	1154.714722
1902.574219	1155.168457
1905.839844	1166.217285
1909.103516	1148.505249
1912.365234	1191.369873
1915.626953	1153.195679
1918.886719	1174.871704
1922.146484	1141.210205
1925.402344	1163.656616
1928.658203	1166.389648
1931.914063	1143.312744
1935.167969	1135.406738
1938.419922	1160.164307
1941.669922	1160.618896
1944.919922	1167.156494
1948.167969	1170.65625
1951.416016	1177.202393
1954.662109	1170.050659
1957.90625	1168.223999
1961.150391	1183.918213
1964.392578	1206.483765
1967.632813	1184.082153
1970.873047	1183.019775
1974.111328	1181.956177
1977.347656	1186.234863
1980.583984	1173.716553
1983.818359	1179.522705
1987.050781	1196.032349
1990.283203	1172.798828
1993.513672	1157.19519
1996.744141	1172.949585
1999.970703	1192.543091
2003.199219	1185.351074
2006.423828	1196.537842
2009.648438	1196.238159
2012.871094	1167.572754
2016.09375	1179.531738
2019.314453	1206.844238
2022.533203	1214.222168
2025.751953	1197.803101
2028.96875	1234.371216
2032.183594	1201.809814
2035.398438	1193.821655
2038.611328	1150.452148
2041.824219	1161.670288
2045.035156	1207.529541
2048.244141	1201.839844
2051.451172	1193.064575
2054.658203	1202.774536
2057.865234	1187.05481
2061.068359	1202.167236
2064.271484	1225.776733
2067.474609	1220.078979
2070.673828	1220.552734
2073.875	1166.964722
2077.072266	1222.273071
2080.269531	1209.607788
2083.464844	1190.746704
2086.660156	1201.26416
2089.853516	1227.265747
2093.044922	1241.675537
2096.236328	1189.496826
2099.425781	1257.357666
2102.613281	1215.219116
2105.800781	1194.756226
2108.986328	1173.501709
2112.169922	1218.958984
2115.353516	1206.235107
2118.535156	1216.796509
2121.716797	1214.93689
2124.896484	1201.418701
2128.074219	1213.544434
2131.251953	1211.68042
2134.427734	1250.271484
2137.603516	1217.287109
2140.777344	1253.57373
2143.949219	1246.268677
2147.119141	1238.957764
2150.289063	1199.680542
2153.458984	1236.795166
2156.625	1201.386841
2159.791016	1223.702148
2162.957031	1251.49939
2166.121094	1262.135254
2169.283203	1247.776611
2172.445313	1240.441284
2175.603516	1245.61084
2178.763672	1212.454956
2181.921875	1259.091187
2185.078125	1258.793213
2188.232422	1211.506714
2191.386719	1253.494995
2194.539063	1253.977295
2197.691406	1256.81189
2200.841797	1268.276001
2203.990234	1243.655273
2207.138672	1239.423706
2210.285156	1268.954102
2213.429688	1271.79834
2216.574219	1291.933105
2219.71875	1282.209351
2222.859375	1270.11853
2226	1274.539917
2229.140625	1293.131348
2232.279297	1273.15625
2235.416016	1242.926025
2238.550781	1279.648926
2241.685547	1313.246704
2244.820313	1289.304688
2247.951172	1302.420654
2251.082031	1267.407104
2254.212891	1297.892578
2257.341797	1249.423706
2260.46875	1264.913574
2263.595703	1278.043945
2266.720703	1293.55603
2269.84375	1264.784546
2272.966797	1289.79834
2276.087891	1291.874878
2279.208984	1293.952637
2282.328125	1304.74585
2285.445313	1303.659546
2288.5625	1293.058472
2291.677734	1296.724854
2294.792969	1308.327881
2297.90625	1286.603516
2301.017578	1285.506714
2304.128906	1305.060913
2307.238281	1346.084473
2310.345703	1302.082397
2313.453125	1310.53125
2316.558594	1298.30249
2319.664063	1268.555786
2322.767578	1347.060547
2325.871094	1431.996338
2328.972656	1403.062378
2332.072266	1416.349487
2335.169922	1332.369873
2338.267578	1324.900513
2341.365234	1305.455811
2344.460938	1305.952637
2347.554688	1326.413452
2350.648438	1310.940552
2353.740234	1337.811646
2356.830078	1329.526001
2359.919922	1347.626465
2363.007813	1355.339233
2366.095703	1340.646729
2369.181641	1367.578735
2372.265625	1316.033325
2375.349609	1333.360229
2378.431641	1391.581543
2381.513672	1332.768555
2384.59375	1334.076294
2387.673828	1323.347046
2390.75	1355.158691
2393.828125	1344.428711
2396.902344	1375.468506
2399.976563	1326.158203
2403.050781	1339.525146
2406.123047	1355.314941
2409.193359	1309.158569
2412.262695	1372.440308
2415.331055	1339.138916
2418.398438	1329.978882
2421.464844	1315.170532
2424.530273	1335.822144
2427.59375	1350.843628
2430.65625	1382.011841
2433.717773	1362.357056
2436.77832	1375.789917
2439.837891	1360.155762
2442.895508	1375.213379
2445.953125	1350.675049
2449.008789	1373.825928
2452.063477	1381.624634
2455.117188	1398.3302
2458.168945	1367.286133
2461.220703	1371.850952
2464.270508	1366.697144
2467.319336	1368.83313
2470.367188	1380.699341
2473.413086	1367.431641
2476.458984	1377.682861
2479.50293	1396.869873
2482.545898	1390.088013
2485.587891	1383.300781
2488.628906	1366.75708
2491.668945	1388.40625
2494.707031	1372.664551
2497.745117	1394.331543
2500.78125	1398.924683
2503.816406	1440.155762
2506.850586	1410.563599
2509.882813	1426.57312
2512.915039	1401.028076
2515.945313	1392.585449
2518.974609	1372.717285
2522.00293	1432.796265
2525.030273	1399.05127
2528.056641	1400.392578
2531.081055	1370.693848
2534.105469	1389.185425
2537.12793	1413.412842
2540.149414	1431.933716
2543.169922	1407.109497
2546.188477	1380.629517
2549.207031	1407.344849
2552.223633	1419.337769
2555.239258	1412.495239
2558.254883	1382.697754
2561.267578	1379.115479
2564.280273	1455.912842
2567.291992	1452.354492
2570.301758	1434.017944
2573.311523	1405.813477
2576.319336	1407.981689
2579.326172	1433.160645
2582.332031	1413.966064
2585.335938	1431.763916
2588.339844	1402.681641
2591.341797	1408.966064
2594.34375	1402.905273
2597.34375	1400.134155
2600.342773	1431.965088
2603.34082	1405.299561
2606.336914	1431.383789
2609.333008	1434.391602
2612.327148	1423.373901
2615.320313	1414.824097
2618.313477	1426.911499
2621.304688	1396.878296
2624.293945	1430.453125
2627.283203	1432.638672
2630.271484	1414.150879
2633.257813	1443.63208
2636.243164	1392.029785
2639.227539	1403.310059
2642.210938	1410.457275
2645.193359	1464.00708
2648.174805	1398.244019
2651.155273	1398.763306
2654.133789	1421.677734
2657.112305	1414.737549
2660.088867	1393.680786
2663.064453	1452.323975
2666.039063	1377.270508
2669.012695	1425.978638
2671.984375	1440.639282
2674.956055	1441.173218
2677.925781	1370.994507
2680.895508	1395.636719
2683.863281	1440.27771
2686.830078	1418.324341
2689.795898	1450.508911
2692.760742	1400.204834
2695.723633	1411.561768
2698.686523	1450.451172
2701.647461	1405.096558
2704.608398	1428.987305
2707.567383	1424.505493
2710.525391	1461.785278
2713.482422	1428.900635
2716.438477	1471.224487
2719.392578	1419.085083
2722.34668	1485.695557
2725.299805	1471.180542
2728.250977	1468.374756
2731.201172	1461.37915
2734.150391	1469.458008
2737.098633	1438.152466
2740.045898	1450.420044
2742.992188	1455.986694
2745.9375	1454.844971
2748.881836	1452.862793
2751.824219	1437.444824
2754.765625	1464.851929
2757.707031	1418.337158
2760.646484	1444.075684
2763.584961	1436.19812
2766.522461	1403.079346
2769.458984	1430.522583
2772.393555	1418.421509
2775.328125	1402.942749
2778.261719	1425.36084
2781.193359	1430.0979
2784.124023	1422.192627
2787.054688	1441.268188
2789.983398	1449.389893
2792.911133	1420.383057
2795.837891	1393.887451
2798.762695	1390.175781
2801.6875	1462.500854
2804.611328	1394.575806
2807.533203	1452.581299
2810.455078	1410.822632
2813.375	1423.185059
2816.293945	1405.084473
2819.211914	1475.031982
2822.129883	1462.018921
2825.045898	1435.43811
2827.959961	1420.704956
2830.874023	1463.623657
2833.787109	1450.58606
2836.698242	1533.430908
2839.609375	1559.45874
2842.518555	1625.418701
2845.427734	1721.1604
2848.334961	1851.815308
2851.241211	1873.745117
2854.146484	1933.111084
2857.050781	1918.502319
2859.954102	1911.542236
2862.856445	1942.038086
2865.757813	2004.06897
2868.657227	2057.624512
2871.556641	2115.480225
2874.454102	2152.061523
2877.351563	2232.169678
2880.24707	2254.313721
2883.141602	2254.280518
2886.036133	2302.918213
2888.928711	2289.234619
2891.820313	2286.64917
2894.710938	2216.531006
2897.599609	2287.456787
2900.488281	2319.08374
2903.375977	2289.119385
2906.262695	2327.617188
2909.147461	2384.126221
2912.032227	2432.96582
2914.915039	2436.419678
2917.797852	2584.759277
2920.678711	2565.97168
2923.558594	2606.366699
2926.4375	2659.663574
2929.31543	2655.476318
2932.192383	2751.771484
2935.068359	2764.796631
2937.943359	2764.938232
2940.817383	2705.75415
2943.69043	2588.899902
2946.561523	2488.308105
2949.432617	2424.654297
2952.301758	2362.675781
2955.170898	2359.223145
2958.038086	2249.783936
2960.905273	2272.14624
2963.770508	2186.739258
2966.634766	2199.605225
2969.499023	2224.560791
2972.361328	2133.863281
2975.222656	2080.231201
2978.083008	2061.113525
2980.942383	1964.208374
2983.800781	1944.169556
2986.657227	1853.204712
2989.513672	1846.086914
2992.369141	1773.193604
2995.223633	1798.937744
2998.076172	1720.777954
3000.928711	1674.615601
3003.779297	1644.885986
3006.629883	1638.542236
3009.478516	1581.024902
3012.327148	1525.200928
3015.173828	1510.995117
3018.019531	1539.320679
3020.865234	1484.289063
3023.708984	1449.200439
3026.551758	1481.879028
3029.393555	1434.591309
3032.234375	1484.682739
3035.074219	1442.581909
3037.913086	1456.155151
3040.750977	1461.901611
3043.587891	1421.488403
3046.423828	1462.950073
3049.258789	1474.805664
3052.091797	1452.66333
3054.924805	1441.84436
3057.756836	1485.116577
3060.586914	1487.394043
3063.416992	1473.9552
3066.246094	1482.344116
3069.073242	1442.678589
3071.900391	1403.858398
3074.725586	1457.701538
3077.550781	1462.596313
3080.374023	1401.863892
3083.196289	1445.258423
3086.018555	1441.395996
3088.838867	1410.374268
3091.658203	1423.146118
3094.477539	1392.97168
3097.294922	1363.652344
3100.111328	1375.543091
3102.926758	1397.095215
3105.741211	1371.256592
3108.554688	1391.06543
3111.367188	1421.430298
3114.178711	1416.663574
3116.990234	1400.464355
3119.799805	1414.154541
3122.607422	1423.455322
3125.415039	1442.443237
3128.22168	1417.424927
3131.027344	1387.104248
3133.832031	1345.308594
3136.635742	1426.868774
3139.438477	1390.34668
3142.240234	1399.659912
3145.041016	1361.337158
3147.839844	1393.59314
3150.638672	1409.096802
3153.436523	1391.932495
3156.233398	1405.678833
3159.02832	1398.222778
3161.823242	1387.224365
3164.617188	1351.453125
3167.410156	1372.281616
3170.201172	1363.916626
3172.992188	1373.25354
3175.782227	1368.425293
3178.570313	1363.593262
3181.358398	1392.438477
3184.144531	1366.331299
3186.930664	1391.649292
3189.71582	1371.733765
3192.499023	1366.005249
3195.282227	1378.918335
3198.063477	1390.063965
3200.844727	1345.652954
