399.333984	889.832214
403.220703	864.147766
407.103516	848.619141
410.986328	846.44165
414.867188	837.89502
418.748047	842.0802
422.625	850.092285
426.501953	843.447937
430.375	817.025635
434.248047	821.208069
438.119141	820.286987
441.988281	848.103333
445.855469	814.608337
449.722656	804.733887
453.585938	819.150208
457.449219	792.635498
461.310547	782.738037
465.169922	797.162781
469.027344	805.194153
472.882813	812.59137
476.736328	818.712463
480.589844	804.313904
484.441406	800.169434
488.289063	788.959656
492.136719	805.355896
495.984375	811.485901
499.828125	851.045715
503.669922	831.477783
507.511719	806.102722
511.351563	787.785278
515.189453	821.607178
519.025391	811.010193
522.859375	833.915161
526.691406	832.340027
530.523438	810.123169
534.351563	804.019043
538.179688	812.111633
542.005859	819.565125
545.830078	847.05426
549.654297	793.121582
553.474609	804.455872
557.294922	818.38739
561.113281	805.147217
564.927734	797.722961
568.744141	793.531067
572.556641	788.687195
576.367188	782.542297
580.177734	777.689087
583.986328	773.480408
587.792969	747.196106
591.597656	774.14386
595.400391	754.334106
599.201172	741.007202
603.001953	762.133728
606.800781	757.255676
610.597656	753.674866
614.392578	781.995667
618.185547	783.633118
621.976563	780.710022
625.767578	777.132202
629.556641	768.333252
633.34375	801.940002
637.128906	762.462402
640.912109	804.584778
644.693359	804.928528
648.474609	773.898071
652.253906	788.614563
656.03125	793.530518
659.806641	799.759399
663.580078	804.683899
667.353516	811.577393
671.123047	815.855347
674.892578	826.036987
678.660156	794.907593
682.425781	785.404236
686.191406	802.805847
689.953125	820.878784
693.714844	854.077454
697.474609	807.775452
701.232422	816.667358
704.988281	830.829102
708.744141	850.925598
712.498047	835.486389
716.248047	854.28418
719.998047	873.097656
723.748047	903.792969
727.494141	877.796875
731.240234	864.974121
734.982422	835.638672
738.724609	849.200317
742.464844	873.343262
746.205078	871.070251
749.941406	886.647034
753.677734	898.929504
757.412109	896.663696
761.144531	886.451477
764.875	886.827209
768.605469	907.080566
772.332031	922.710815
776.058594	974.827148
779.783203	969.269043
783.505859	969.015686
787.228516	971.417786
790.947266	950.572144
794.666016	940.341431
798.382813	920.794128
802.097656	922.513672
805.8125	975.46991
809.523438	945.261047
813.234375	945.6604
816.943359	948.724854
820.650391	948.458984
824.357422	948.859436
828.060547	931.915771
831.763672	942.319519
835.464844	940.714172
839.164063	927.75238
842.861328	909.433716
846.558594	949.926636
850.253906	948.32074
853.947266	945.375061
857.638672	951.797363
861.328125	936.796997
865.017578	949.919617
868.705078	904.74707
872.390625	931.276001
876.074219	954.473267
879.755859	891.127014
883.4375	939.836243
887.117188	912.696045
890.794922	958.095459
894.470703	916.1521
898.146484	884.932312
901.818359	904.14032
905.490234	932.786255
909.160156	894.800476
912.830078	891.808228
916.496094	911.050415
920.162109	901.320618
923.826172	904.396362
927.488281	889.93219
931.148438	886.255371
934.808594	849.487122
938.466797	846.465393
942.123047	875.205017
945.777344	864.077637
949.429688	872.556274
953.082031	899.312256
956.732422	878.025757
960.380859	881.102173
964.027344	899.08667
967.673828	894.718018
971.318359	881.530151
974.960938	874.436462
978.601563	872.08728
982.240234	894.178101
985.878906	895.910156
989.515625	861.628906
993.150391	904.136414
996.783203	933.757568
1000.416016	964.763916
1004.044922	950.872742
1007.673828	910.413147
1011.302734	909.43042
1014.927734	889.364502
1018.552734	861.100098
1022.175781	879.192871
1025.796875	890.476929
1029.416016	912.009827
1033.035156	908.974976
1036.650391	903.887817
1040.265625	881.025208
1043.880859	897.118835
1047.492188	925.538757
1051.103516	894.443726
1054.712891	894.815674
1058.320313	891.078247
1061.925781	947.635254
1065.53125	935.004822
1069.134766	948.423035
1072.736328	927.549194
1076.335938	921.070984
1079.935547	944.112122
1083.533203	918.401367
1087.128906	938.711243
1090.722656	963.162598
1094.316406	941.553528
1097.90625	963.273682
1101.496094	959.54303
1105.085938	926.198242
1108.671875	924.51532
1112.257813	906.97937
1115.841797	925.971008
1119.423828	924.974915
1123.003906	915.007141
1126.583984	976.135498
1130.162109	935.792725
1133.738281	887.816406
1137.314453	872.977356
1140.886719	869.189514
1144.458984	861.939453
1148.029297	857.451355
1151.599609	877.883484
1155.166016	899.717529
1158.732422	881.380615
1162.296875	877.585388
1165.861328	878.641235
1169.421875	906.754639
1172.982422	934.196899
1176.541016	908.891724
1180.097656	891.20636
1183.654297	901.997559
1187.208984	898.893433
1190.761719	921.519531
1194.3125	897.547241
1197.863281	914.622498
1201.412109	928.229797
1204.958984	985.735962
1208.503906	983.354126
1212.048828	956.56781
1215.591797	975.096313
1219.132813	1002.013184
1222.671875	1033.838379
1226.210938	997.949036
1229.748047	1036.784668
1233.283203	1016.941895
1236.816406	1091.476685
1240.349609	1077.235596
1243.880859	1039.889404
1247.410156	1075.320313
1250.939453	1072.26001
1254.464844	1029.259644
1257.990234	1047.906494
1261.513672	1058.854858
1265.037109	1066.304321
1268.558594	1004.281067
1272.078125	1033.478516
1275.595703	1030.390259
1279.111328	1033.623169
1282.626953	1062.867798
1286.140625	1058.380493
1289.652344	1088.362183
1293.164063	1094.438354
1296.673828	1100.519287
1300.181641	1124.2146
1303.6875	1137.358887
1307.193359	1166.728027
1310.697266	1153.099854
1314.199219	1126.054932
1317.699219	1190.040527
1321.199219	1149.571655
1324.697266	1154.279785
1328.193359	1161.818359
1331.689453	1143.911011
1335.181641	1200.253174
1338.673828	1154.043579
1342.166016	1138.941772
1345.654297	1099.750244
1349.142578	1091.697632
1352.628906	1072.298584
1356.115234	1055.719482
1359.597656	1079.556885
1363.080078	1097.736572
1366.5625	1079.726929
1370.041016	1063.832886
1373.519531	1084.158936
1376.996094	1071.807007
1380.470703	1057.311523
1383.945313	1064.855103
1387.417969	1054.614136
1390.888672	1069.993042
1394.357422	1053.335571
1397.826172	1090.100586
1401.292969	1057.756104
1404.757813	1028.237305
1408.222656	1063.609497
1411.683594	1099.01001
1415.144531	1061.61792
1418.605469	1094.903198
1422.0625	1076.770386
1425.519531	1051.474487
1428.976563	1099.812378
1432.429688	1141.035278
1435.882813	1199.467651
1439.333984	1191.362427
1442.783203	1246.28064
1446.232422	1239.620361
1449.679688	1220.768066
1453.125	1242.776367
1456.570313	1253.323486
1460.011719	1237.323853
1463.453125	1177.513062
1466.894531	1186.609131
1470.332031	1175.592041
1473.769531	1161.690308
1477.207031	1142.023682
1480.640625	1159.752319
1484.074219	1182.533081
1487.505859	1132.608887
1490.935547	1097.050415
1494.365234	1080.198975
1497.792969	1060.449951
1501.21875	1029.866821
1504.644531	1046.876709
1508.066406	1046.577515
1511.490234	1025.337769
1514.910156	1021.417297
1518.330078	1031.223755
1521.748047	1056.219727
1525.164063	1033.502075
1528.580078	1010.765747
1531.992188	1027.820923
1535.40625	996.374207
1538.816406	1019.95636
1542.226563	1038.484375
1545.634766	1049.052368
1549.041016	1078.485596
1552.447266	1098.51001
1555.851563	1112.017456
1559.253906	1102.298584
1562.65625	1120.903076
1566.056641	1123.533936
1569.455078	1166.880249
1572.851563	1158.621338
1576.248047	1135.075684
1579.642578	1151.545532
1583.035156	1121.423706
1586.427734	1155.384521
1589.818359	1093.173096
1593.207031	1111.838623
1596.595703	1113.74353
1599.982422	1137.539429
1603.367188	1119.016846
1606.751953	1150.135864
1610.132813	1153.519043
1613.513672	1120.363159
1616.894531	1083.52478
1620.273438	1135.157959
1623.650391	1095.368652
1627.025391	1115.571289
1630.400391	1081.599976
1633.773438	1147.965942
1637.144531	1147.692383
1640.513672	1125.423096
1643.882813	1159.612793
1647.251953	1198.96582
1650.617188	1223.668945
1653.982422	1215.345825
1657.345703	1241.543945
1660.707031	1220.726807
1664.068359	1260.181519
1667.427734	1257.007202
1670.787109	1217.774902
1674.142578	1179.247192
1677.498047	1207.701172
1680.853516	1216.286621
1684.205078	1169.60437
1687.556641	1123.621826
1690.90625	1141.771729
1694.255859	1115.663452
1697.603516	1106.511841
1700.949219	1072.983521
1704.294922	1073.410889
1707.638672	1036.885986
1710.980469	1059.479126
1714.320313	1057.681885
1717.660156	1060.322632
1720.998047	1066.666382
1724.335938	1041.912964
1727.669922	1046.772217
1731.003906	1044.965088
1734.337891	1038.707764
1737.669922	1062.113281
1741	1055.115356
1744.328125	1038.461914
1747.65625	1036.646606
1750.982422	1031.115112
1754.306641	1044.158447
1757.630859	1034.907715
1760.953125	1030.855835
1764.273438	984.389099
1767.59375	1021.252808
1770.912109	1085.69751
1774.228516	1048.135864
1777.544922	1037.372681
1780.859375	1008.707886
1784.171875	1024.024048
1787.484375	1033.383179
1790.792969	1029.313843
1794.103516	1006.573181
1797.410156	1039.840088
1800.716797	1038.009644
1804.023438	1038.420288
1807.326172	1042.570557
1810.628906	1065.428589
1813.929688	1039.65271
1817.230469	1020.595215
1820.529297	1011.260437
1823.826172	1044.632568
1827.123047	1048.793579
1830.417969	1013.209229
1833.710938	1033.866455
1837.001953	1038.777832
1840.292969	1041.44043
1843.583984	1011.805115
1846.871094	1022.724548
1850.158203	1034.404053
1853.443359	1016.010803
1856.728516	1032.210449
1860.011719	1025.090942
1863.292969	1044.318115
1866.574219	1053.015015
1869.853516	1022.535156
1873.130859	1034.998901
1876.408203	1053.505249
1879.683594	1016.198975
1882.957031	1052.825073
1886.230469	1041.914063
1889.501953	1052.142822
1892.771484	1041.978027
1896.041016	1041.631836
1899.308594	1000.450256
1902.574219	1050.772095
1905.839844	1033.021851
1909.103516	1017.528687
1912.365234	1050.49585
1915.626953	1020.600891
1918.886719	1032.371216
1922.146484	1046.425293
1925.402344	1050.628662
1928.658203	1110.23291
1931.914063	1021.845215
1935.167969	1063.257202
1938.419922	1039.361328
1941.669922	1048.889404
1944.919922	1034.093018
1948.167969	1067.206543
1951.416016	1037.186035
1954.662109	1049.010986
1957.90625	1017.436279
1961.150391	1024.69104
1964.392578	1051.767212
1967.632813	1041.504395
1970.873047	1026.656738
1974.111328	1053.001587
1977.347656	1062.573364
1980.583984	1069.861328
1983.818359	1049.652954
1987.050781	1028.664307
1990.283203	1003.836304
1993.513672	1003.463379
1996.744141	1011.506409
1999.970703	1061.654175
2003.199219	1064.365601
2006.423828	1068.610962
2009.648438	1078.223633
2012.871094	1053.345337
2016.09375	1049.154297
2019.314453	1041.123779
2022.533203	1066.090088
2025.751953	1050.381104
2028.96875	1051.55835
2032.183594	1051.199341
2035.398438	1040.077759
2038.611328	1056.631836
2041.824219	1052.427124
2045.035156	1045.140381
2048.244141	1047.856567
2051.451172	1029.778809
2054.658203	1030.949585
2057.865234	1026.725342
2061.068359	1059.511108
2064.271484	1055.294189
2067.474609	1069.594849
2070.673828	1057.657959
2073.875	1052.662354
2077.072266	1046.890015
2080.269531	1034.156738
2083.464844	1034.557861
2086.660156	1038.82666
2089.853516	1057.801025
2093.044922	1055.114624
2096.236328	1071.011719
2099.425781	1063.679688
2102.613281	1074.16687
2105.800781	1052.874146
2108.986328	1050.954956
2112.169922	1033.515869
2115.353516	1074.278931
2118.535156	1059.164307
2121.716797	1058.020508
2124.896484	1015.688354
2128.074219	1072.054932
2131.251953	1069.358521
2134.427734	1057.323608
2137.603516	1070.185181
2140.777344	1070.598633
2143.949219	1027.3927
2147.119141	1051.166016
2150.289063	1060.926025
2153.458984	1066.014526
2156.625	1067.205933
2159.791016	1048.887451
2162.957031	1045.388428
2166.121094	1048.915649
2169.283203	1065.727905
2172.445313	1065.356934
2175.603516	1054.038574
2178.763672	1075.564819
2181.921875	1044.677856
2185.078125	1052.12561
2188.232422	1020.422241
2191.386719	1051.368896
2194.539063	1098.013916
2197.691406	1071.779053
2200.841797	1040.033447
2203.990234	1038.864014
2207.138672	1062.026733
2210.285156	1046.730103
2213.429688	1078.554077
2216.574219	1067.180786
2219.71875	1052.653809
2222.859375	1044.407104
2226	1057.396118
2229.140625	1068.820679
2232.279297	1066.081421
2235.416016	1045.223633
2238.550781	1061.383667
2241.685547	1102.780396
2244.820313	1085.066162
2247.951172	1064.971436
2251.082031	1051.963745
2254.212891	1035.78772
2257.341797	1085.940308
2260.46875	1053.963013
2263.595703	1112.064209
2266.720703	1095.885498
2269.84375	1066.247437
2272.966797	1092.767822
2276.087891	1076.562378
2279.208984	1051.633423
2282.328125	1063.918457
2285.445313	1050.060059
2288.5625	1058.389404
2291.677734	1077.828247
2294.792969	1064.751953
2297.90625	1087.382446
2301.017578	1083.033447
2304.128906	1086.624023
2307.238281	1090.217163
2310.345703	1073.144775
2313.453125	1059.23999
2316.558594	1125.672852
2319.664063	1103.818604
2322.767578	1117.773682
2325.871094	1151.650024
2328.972656	1173.600708
2332.072266	1170.859497
2335.169922	1090.773193
2338.267578	1032.162109
2341.365234	1057.291626
2344.460938	1095.212036
2347.554688	1094.8302
2350.648438	1064.889648
2353.740234	1038.921875
2356.830078	1065.699463
2359.919922	1106.893188
2363.007813	1083.311279
2366.095703	1080.52124
2369.181641	1037.694336
2372.265625	1066.123169
2375.349609	1074.540894
2378.431641	1070.139038
2381.513672	1046.487915
2384.59375	1050.09375
2387.673828	1042.466797
2390.75	1096.651001
2393.828125	1094.657349
2396.902344	1097.482422
2399.976563	1092.272095
2403.050781	1074.99707
2406.123047	1071.382446
2409.193359	1077.420654
2412.262695	1096.342285
2415.331055	1097.5625
2418.398438	1080.255371
2421.464844	1070.993652
2424.530273	1077.04187
2427.59375	1106.482056
2430.65625	1077.049561
2433.717773	1081.491943
2436.77832	1060.908447
2439.837891	1075.847656
2442.895508	1091.605835
2445.953125	1063.727417
2449.008789	1096.473267
2452.063477	1113.065186
2455.117188	1088.399414
2458.168945	1077.476563
2461.220703	1087.60083
2464.270508	1092.061523
2467.319336	1087.610474
2470.367188	1094.506226
2473.413086	1054.365967
2476.458984	1059.631226
2479.50293	1090.061768
2482.545898	1101.8396
2485.587891	1091.694702
2488.628906	1110.7948
2491.668945	1086.013306
2494.707031	1110.004272
2497.745117	1099.032593
2500.78125	1092.121582
2503.816406	1077.063965
2506.850586	1077.468628
2509.882813	1066.467285
2512.915039	1084.79834
2515.945313	1101.512207
2518.974609	1073.378418
2522.00293	1046.039185
2525.030273	1083.162842
2528.056641	1085.202271
2531.081055	1056.202148
2534.105469	1100.72522
2537.12793	1083.970825
2540.149414	1097.461426
2543.169922	1079.874756
2546.188477	1135.11145
2549.207031	1080.683716
2552.223633	1089.27832
2555.239258	1093.782593
2558.254883	1094.191772
2561.267578	1067.543579
2564.280273	1096.651001
2567.291992	1100.34314
2570.301758	1113.888062
2573.311523	1097.060059
2576.319336	1097.469971
2579.326172	1115.95874
2582.332031	1101.578247
2585.335938	1098.699951
2588.339844	1099.110107
2591.341797	1119.272095
2594.34375	1109.810059
2597.34375	1054.218628
2600.342773	1072.737915
2603.34082	1114.348999
2606.336914	1069.415161
2609.333008	1065.689453
2612.327148	1075.163086
2615.320313	1074.738037
2618.313477	1075.138184
2621.304688	1110.233154
2624.293945	1110.646362
2627.283203	1095.352661
2630.271484	1089.144287
2633.257813	1109.404419
2636.243164	1104.851196
2639.227539	1083.736206
2642.210938	1120.580566
2645.193359	1096.141113
2648.174805	1089.917603
2651.155273	1130.950317
2654.133789	1106.486572
2657.112305	1103.578247
2660.088867	1137.19043
2663.064453	1083.637939
2666.039063	1097.330811
2669.012695	1131.808228
2671.984375	1151.347656
2674.956055	1111.857178
2677.925781	1113.101074
2680.895508	1121.835571
2683.863281	1089.782349
2686.830078	1111.006836
2689.795898	1092.255615
2692.760742	1066.822754
2695.723633	1076.388794
2698.686523	1126.831299
2701.647461	1131.4198
2704.608398	1155.209351
2707.567383	1119.731445
2710.525391	1103.439087
2713.482422	1117.216431
2716.438477	1135.183472
2719.392578	1148.145996
2722.34668	1121.800537
2725.299805	1164.893799
2728.250977	1167.835083
2731.201172	1132.254761
2734.150391	1151.94104
2737.098633	1125.547119
2740.045898	1173.750366
2742.992188	1164.118408
2745.9375	1133.503784
2748.881836	1177.565918
2751.824219	1162.046509
2754.765625	1125.516968
2757.707031	1136.85437
2760.646484	1128.867065
2763.584961	1143.577026
2766.522461	1133.903442
2769.458984	1117.490601
2772.393555	1142.313354
2775.328125	1144.417236
2778.261719	1137.255981
2781.193359	1134.302734
2784.124023	1148.207642
2787.054688	1137.665771
2789.983398	1154.112549
2792.911133	1158.755859
2795.837891	1144.828247
2798.762695	1109.775757
2801.6875	1138.063965
2804.611328	1145.242554
2807.533203	1141.434692
2810.455078	1172.302246
2813.375	1152.424561
2816.293945	1173.160889
2819.211914	1160.042358
2822.129883	1179.102173
2825.045898	1217.665039
2827.959961	1187.593994
2830.874023	1229.57959
2833.787109	1254.629639
2836.698242	1284.789429
2839.609375	1344.682983
2842.518555	1509.92395
2845.427734	1662.542358
2848.334961	1842.466919
2851.241211	1846.540039
2854.146484	1838.709229
2857.050781	1796.841187
2859.954102	1843.4552
2862.856445	1831.356445
2865.757813	1898.457153
2868.657227	1950.270142
2871.556641	2054.112549
2874.454102	2115.398193
2877.351563	2180.992676
2880.24707	2226.156006
2883.141602	2285.009033
2886.036133	2261.078125
2888.928711	2220.899414
2891.820313	2230.251953
2894.710938	2225.934082
2897.599609	2243.845459
2900.488281	2248.082764
2903.375977	2282.273438
2906.262695	2255.708496
2909.147461	2275.367676
2912.032227	2398.69873
2914.915039	2412.424072
2917.797852	2493.028076
2920.678711	2525.664063
2923.558594	2579.770996
2926.4375	2585.855713
2929.31543	2626.285889
2932.192383	2653.862061
2935.068359	2698.640869
2937.943359	2687.585449
2940.817383	2614.616699
2943.69043	2554.49585
2946.561523	2413.452393
2949.432617	2322.228271
2952.301758	2196.496338
2955.170898	2165.420654
2958.038086	2126.567139
2960.905273	2072.169922
2963.770508	2059.12207
2966.634766	2055.552734
2969.499023	2015.738647
2972.361328	2012.150146
2975.222656	1970.563599
2978.083008	1865.886597
2980.942383	1834.586182
2983.800781	1752.259521
2986.657227	1748.567383
2989.513672	1629.816162
2992.369141	1641.653564
2995.223633	1550.480103
2998.076172	1531.119995
3000.928711	1466.696533
3003.779297	1429.092163
3006.629883	1414.001221
3009.478516	1355.535889
3012.327148	1364.699097
3015.173828	1307.909058
3018.019531	1305.774658
3020.865234	1291.479126
3023.708984	1231.125244
3026.551758	1217.661255
3029.393555	1245.051392
3032.234375	1236.800659
3035.074219	1245.075195
3037.913086	1164.57605
3040.750977	1219.847656
3043.587891	1162.79834
3046.423828	1212.880615
3049.258789	1199.369141
3052.091797	1204.158569
3054.924805	1229.885376
3057.756836	1262.61084
3060.586914	1241.240723
3063.416992	1268.754028
3066.246094	1208.062378
3069.073242	1242.573486
3071.900391	1241.269653
3074.725586	1255.704468
3077.550781	1181.798828
3080.374023	1220.724121
3083.196289	1157.257202
3086.018555	1211.963623
3088.838867	1155.455688
3091.658203	1180.405029
3094.477539	1184.332764
3097.294922	1154.062134
3100.111328	1131.664917
3102.926758	1144.35437
3105.741211	1158.80835
3108.554688	1186.445313
3111.367188	1182.475464
3114.178711	1148.622437
3116.990234	1177.163696
3119.799805	1184.618286
3122.607422	1185.039795
3125.415039	1143.217651
3128.22168	1155.949585
3131.027344	1170.451782
3133.832031	1154.12854
3136.635742	1177.453125
3139.438477	1199.030762
3142.240234	1192.400879
3145.041016	1154.004517
3147.839844	1144.705688
3150.638672	1160.121094
3153.436523	1156.116577
3156.233398	1125.603394
3159.02832	1150.749634
3161.823242	1137.895386
3164.617188	1158.641113
3167.410156	1125.430176
3170.201172	1190.439941
3172.992188	1156.330811
3175.782227	1140.797241
3178.570313	1173.097778
3181.358398	1146.036255
3184.144531	1134.02832
3186.930664	1157.490356
3189.71582	1158.786743
3192.499023	1139.669067
3195.282227	1132.080444
3198.063477	1151.132813
3200.844727	1119.15686
