399.333984	939.408569
403.220703	909.93042
407.103516	903.327698
410.986328	862.988586
414.867188	874.186829
418.748047	875.839844
422.625	868.57251
426.501953	861.936218
430.375	844.451172
434.248047	835.883911
438.119141	850.289734
441.988281	851.296509
445.855469	838.247925
449.722656	840.528259
453.585938	860.71521
457.449219	825.901855
461.310547	879.380249
465.169922	843.263794
469.027344	835.941406
472.882813	855.527954
476.736328	839.228394
480.589844	832.535461
484.441406	857.920227
488.289063	844.80957
492.136719	848.385254
495.984375	839.113708
499.828125	851.045715
503.669922	888.710205
507.511719	853.709778
511.351563	839.274536
515.189453	838.348389
519.025391	868.34137
522.859375	855.181885
526.691406	857.484253
530.523438	861.078369
534.351563	849.833923
538.179688	839.225037
542.005859	855.08606
545.830078	831.547546
549.654297	850.004028
553.474609	852.309326
557.294922	842.971375
561.113281	851.747375
564.927734	797.722961
568.744141	805.838867
572.556641	806.832825
576.367188	828.574219
580.177734	832.172729
583.986328	803.329529
587.792969	786.146362
591.597656	784.535034
595.400391	795.916687
599.201172	809.907898
603.001953	810.254822
606.800781	783.928772
610.597656	812.901428
614.392578	811.947205
618.185547	831.185242
621.976563	856.304626
625.767578	836.460266
629.556641	853.12384
633.34375	834.565674
637.128906	855.158997
640.912109	840.503784
644.693359	834.329346
648.474609	845.797424
652.253906	815.424805
656.03125	824.93158
659.806641	824.62915
663.580078	826.290527
667.353516	875.769958
671.123047	874.832886
674.892578	845.704529
678.660156	871.643738
682.425781	852.987061
686.191406	833.657776
689.953125	872.758301
693.714844	859.990295
697.474609	851.154785
701.232422	840.338867
704.988281	887.401794
708.744141	879.223999
712.498047	875.647644
716.248047	887.875916
719.998047	916.58783
723.748047	926.865723
727.494141	931.216553
731.240234	874.211121
734.982422	900.984863
738.724609	888.820862
742.464844	918.265564
746.205078	931.873352
749.941406	930.285156
753.677734	910.835815
757.412109	963.499878
761.144531	924.848938
764.875	949.083923
768.605469	956.774536
772.332031	978.391663
776.058594	984.774353
779.783203	1015.709045
783.505859	998.218933
787.228516	996.649414
790.947266	964.521851
794.666016	980.87915
798.382813	975.310486
802.097656	984.369324
805.8125	1004.747314
809.523438	979.876221
813.234375	1012.92218
816.943359	1011.351318
820.650391	973.786743
824.357422	986.867126
828.060547	1009.964539
831.763672	991.704529
835.464844	981.440613
839.164063	971.835632
842.861328	980.263977
846.558594	970.649902
850.253906	985.772034
853.947266	956.079956
857.638672	985.264221
861.328125	1008.446228
865.017578	998.152466
868.705078	973.77594
872.390625	970.833435
876.074219	974.595703
879.755859	946.151428
883.4375	966.68866
887.117188	970.453125
890.794922	976.907959
894.470703	963.875366
898.146484	950.159119
901.818359	949.212769
905.490234	989.99176
909.160156	936.544373
912.830078	959.165344
916.496094	937.330688
920.162109	926.263672
923.826172	905.745178
927.488281	938.510742
931.148438	929.454468
934.808594	929.844055
938.466797	900.50946
942.123047	920.485901
945.777344	928.308777
949.429688	923.962708
953.082031	898.635559
956.732422	938.275757
960.380859	902.77417
964.027344	920.7677
967.673828	892.68457
971.318359	905.941711
974.960938	901.571777
978.601563	914.164612
982.240234	952.567871
985.878906	933.268005
989.515625	923.465027
993.150391	937.446716
996.783203	945.31897
1000.416016	979.051636
1004.044922	993.753906
1007.673828	936.288818
1011.302734	965.290588
1014.927734	954.789001
1018.552734	952.459839
1022.175781	933.758789
1025.796875	919.135986
1029.416016	941.363403
1033.035156	936.292053
1036.650391	966.743164
1040.265625	964.411621
1043.880859	927.205139
1047.492188	964.530396
1051.103516	965.615967
1054.712891	935.209045
1058.320313	939.022522
1061.925781	942.153625
1065.53125	956.94043
1069.134766	960.081116
1072.736328	984.491943
1076.335938	986.959839
1079.935547	980.503357
1083.533203	1015.255981
1087.128906	1000.55896
1090.722656	1005.098999
1094.316406	980.068542
1097.90625	959.145325
1101.496094	958.166321
1105.085938	969.581482
1108.671875	982.383667
1112.257813	963.493225
1115.841797	934.934204
1119.423828	939.459961
1123.003906	970.901245
1126.583984	975.445129
1130.162109	956.511414
1133.738281	938.943542
1137.314453	935.184753
1140.886719	911.369751
1144.458984	900.678284
1148.029297	917.659851
1151.599609	913.88501
1155.166016	928.807678
1158.732422	942.356628
1162.296875	928.881897
1165.861328	944.521973
1169.421875	924.792603
1172.982422	936.973145
1176.541016	941.525757
1180.097656	950.944275
1183.654297	970.794006
1187.208984	969.108643
1190.761719	948.643494
1194.3125	945.555603
1197.863281	956.386047
1201.412109	951.905579
1204.958984	1004.545044
1208.503906	998.68634
1212.048828	1003.977905
1215.591797	998.113586
1219.132813	1018.062134
1222.671875	1031.744141
1226.210938	1063.59436
1229.748047	1092.676025
1233.283203	1100.114502
1236.816406	1115.250122
1240.349609	1108.013794
1243.880859	1079.777466
1247.410156	1117.325073
1250.939453	1094.671631
1254.464844	1117.54187
1257.990234	1138.327759
1261.513672	1086.202759
1265.037109	1087.349731
1268.558594	1059.021729
1272.078125	1093.858398
1275.595703	1083.771118
1279.111328	1105.295288
1282.626953	1093.797852
1286.140625	1081.587524
1289.652344	1112.98584
1293.164063	1149.336304
1296.673828	1204.727051
1300.181641	1176.339844
1303.6875	1174.707153
1307.193359	1200.56665
1310.697266	1163.678833
1314.199219	1159.921265
1317.699219	1185.099731
1321.199219	1208.180054
1324.697266	1187.481201
1328.193359	1178.779175
1331.689453	1167.241699
1335.181641	1206.618652
1338.673828	1228.338257
1342.166016	1179.289551
1345.654297	1089.836182
1349.142578	1141.99646
1352.628906	1132.540161
1356.115234	1141.51001
1359.597656	1107.928833
1363.080078	1111.928345
1366.5625	1108.122192
1370.041016	1115.675171
1373.519531	1118.971436
1376.996094	1104.501343
1380.470703	1102.106812
1383.945313	1102.555298
1387.417969	1107.985229
1390.888672	1123.385986
1394.357422	1102.477051
1397.826172	1100.075317
1401.292969	1044.926147
1404.757813	1077.438721
1408.222656	1078.589844
1411.683594	1108.287354
1415.144531	1066.615479
1418.605469	1107.759277
1422.0625	1086.059082
1425.519531	1120.810303
1428.976563	1121.980225
1432.429688	1178.950562
1435.882813	1218.790771
1439.333984	1208.545532
1442.783203	1219.779297
1446.232422	1230.305298
1449.679688	1280.982178
1453.125	1302.297729
1456.570313	1273.411133
1460.011719	1241.630005
1463.453125	1249.312622
1466.894531	1203.848022
1470.332031	1199.305054
1473.769531	1164.565796
1477.207031	1172.228394
1480.640625	1171.98291
1484.074219	1174.615967
1487.505859	1113.888062
1490.935547	1099.211426
1494.365234	1100.376099
1497.792969	1053.961792
1501.21875	1056.551025
1504.644531	1036.054443
1508.066406	1019.149963
1511.490234	1082.381226
1514.910156	1051.034058
1518.330078	1034.11438
1521.748047	1059.834351
1525.164063	1037.118164
1528.580078	1051.283203
1531.992188	1085.726318
1535.40625	1023.16626
1538.816406	1054.003174
1542.226563	1111.678345
1545.634766	1093.276367
1549.041016	1137.233032
1552.447266	1087.626465
1555.851563	1175.167236
1559.253906	1161.116943
1562.65625	1133.979004
1566.056641	1145.33606
1569.455078	1184.328857
1572.851563	1201.533203
1576.248047	1195.467529
1579.642578	1139.171143
1583.035156	1185.505005
1586.427734	1128.43042
1589.818359	1147.102905
1593.207031	1145.376099
1596.595703	1137.083252
1599.982422	1145.565674
1603.367188	1155.514526
1606.751953	1168.391968
1610.132813	1152.788452
1613.513672	1159.828003
1616.894531	1142.745728
1620.273438	1175.385864
1623.650391	1172.92981
1627.025391	1184.379517
1630.400391	1161.420166
1633.773438	1160.419922
1637.144531	1159.418457
1640.513672	1167.947266
1643.882813	1210.955444
1647.251953	1240.790161
1650.617188	1239.818115
1653.982422	1276.296753
1657.345703	1290.030273
1660.707031	1258.943481
1664.068359	1284.444092
1667.427734	1254.065063
1670.787109	1236.906128
1674.142578	1240.34436
1677.498047	1200.337158
1680.853516	1220.706787
1684.205078	1202.031982
1687.556641	1189.977539
1690.90625	1135.871094
1694.255859	1131.158813
1697.603516	1106.511841
1700.949219	1132.060425
1704.294922	1097.789795
1707.638672	1081.228882
1710.980469	1082.398682
1714.320313	1050.285522
1717.660156	1051.443481
1720.998047	1080.730591
1724.335938	1078.198486
1727.669922	1048.994629
1731.003906	1056.081665
1734.337891	1070.588257
1737.669922	1073.23877
1741	1052.889404
1744.328125	1079.28772
1747.65625	1060.40918
1750.982422	1039.286865
1754.306641	1034.497192
1757.630859	1031.933838
1760.953125	1050.937378
1764.273438	1041.681519
1767.59375	1021.997192
1770.912109	1020.168457
1774.228516	1026.532471
1777.544922	1047.80603
1780.859375	1073.569336
1784.171875	1046.399048
1787.484375	1049.051758
1790.792969	1036.031616
1794.103516	1051.376099
1797.410156	1036.852051
1800.716797	1043.240845
1804.023438	1034.682251
1807.326172	1041.822632
1810.628906	1028.018921
1813.929688	1013.455566
1817.230469	1020.595215
1820.529297	1062.197998
1823.826172	1054.374512
1827.123047	1049.543213
1830.417969	1051.457642
1833.710938	1065.377563
1837.001953	1040.279053
1840.292969	1055.706665
1843.583984	1079.409058
1846.871094	1074.574707
1850.158203	1017.113892
1853.443359	1039.324219
1856.728516	1038.981567
1860.011719	1071.001709
1863.292969	1042.059326
1866.574219	1038.703613
1869.853516	1061.718506
1873.130859	1038.01416
1876.408203	1063.308716
1879.683594	1090.131836
1882.957031	1027.164795
1886.230469	1068.339478
1889.501953	1083.110474
1892.771484	1086.558716
1896.041016	1035.584595
1899.308594	1051.871704
1902.574219	1077.24939
1905.839844	1061.023193
1909.103516	1043.269775
1912.365234	1045.951538
1915.626953	1072.123413
1918.886719	1084.671875
1922.146484	1082.064453
1925.402344	1068.075928
1928.658203	1034.345581
1931.914063	1033.232788
1935.167969	1037.435181
1938.419922	1065.193481
1941.669922	1072.451416
1944.919922	1078.194092
1948.167969	1078.616455
1951.416016	1059.253906
1954.662109	1050.533447
1957.90625	1035.713623
1961.150391	1065.831055
1964.392578	1031.951294
1967.632813	1034.642334
1970.873047	1081.574463
1974.111328	1105.651733
1977.347656	1090.817017
1980.583984	1057.643066
1983.818359	1085.558105
1987.050781	1106.616577
1990.283203	1042.06311
1993.513672	1093.713867
1996.744141	1036.755737
1999.970703	1082.320923
2003.199219	1088.869019
2006.423828	1006.562561
2009.648438	1050.635742
2012.871094	1050.278809
2016.09375	1067.560547
2019.314453	1081.019409
2022.533203	1041.529419
2025.751953	1080.326172
2028.96875	1058.471436
2032.183594	1040.441406
2035.398438	1038.540283
2038.611328	1055.093872
2041.824219	1050.888428
2045.035156	1059.763062
2048.244141	1080.192993
2051.451172	1052.11499
2054.658203	1085.656128
2057.865234	1085.307251
2061.068359	1076.475586
2064.271484	1055.294189
2067.474609	1041.813232
2070.673828	1063.834106
2073.875	1061.930176
2077.072266	1066.205322
2080.269531	1038.794189
2083.464844	1061.620361
2086.660156	1076.72876
2089.853516	1028.396118
2093.044922	1063.629883
2096.236328	1052.425903
2099.425781	1089.245117
2102.613281	1069.516724
2105.800781	1070.706299
2108.986328	1130.067505
2112.169922	1112.658936
2115.353516	1055.64978
2118.535156	1065.376465
2121.716797	1059.574097
2124.896484	1049.881348
2128.074219	1110.148315
2131.251953	1079.468872
2134.427734	1084.554199
2137.603516	1070.963501
2140.777344	1073.713135
2143.949219	1088.927246
2147.119141	1094.023071
2150.289063	1085.091187
2153.458984	1080.831055
2156.625	1090.609619
2159.791016	1062.154663
2162.957031	1088.328247
2166.121094	1091.090942
2169.283203	1033.693481
2172.445313	1084.115967
2175.603516	1072.022949
2178.763672	1074.000366
2181.921875	1086.93457
2185.078125	1048.994263
2188.232422	1079.940308
2191.386719	1096.024658
2194.539063	1079.204224
2197.691406	1096.084229
2200.841797	1064.3479
2203.990234	1075.742188
2207.138672	1085.575073
2210.285156	1095.415161
2213.429688	1087.980713
2216.574219	1116.689087
2219.71875	1073.09375
2222.859375	1076.651611
2226	1089.652954
2229.140625	1099.515869
2232.279297	1075.529663
2235.416016	1124.7771
2238.550781	1108.661377
2241.685547	1066.520264
2244.820313	1085.854736
2247.951172	1110.72583
2251.082031	1062.2229
2254.212891	1078.419312
2257.341797	1082.78125
2260.46875	1095.046997
2263.595703	1059.89917
2266.720703	1071.37439
2269.84375	1078.112183
2272.966797	1084.063599
2276.087891	1062.313721
2279.208984	1095.979492
2282.328125	1069.463867
2285.445313	1055.607544
2288.5625	1078.209351
2291.677734	1119.06958
2294.792969	1114.736572
2297.90625	1099.288086
2301.017578	1057.625
2304.128906	1099.33313
2307.238281	1105.314941
2310.345703	1061.220947
2313.453125	1084.687256
2316.558594	1093.056152
2319.664063	1073.577026
2322.767578	1126.531128
2325.871094	1173.153809
2328.972656	1192.722534
2332.072266	1180.424072
2335.169922	1122.667114
2338.267578	1076.032959
2341.365234	1069.260864
2344.460938	1057.693848
2347.554688	1053.30481
2350.648438	1068.883911
2353.740234	1105.253052
2356.830078	1115.266846
2359.919922	1121.289185
2363.007813	1111.314209
2366.095703	1086.124023
2369.181641	1096.144775
2372.265625	1107.774902
2375.349609	1071.335693
2378.431641	1095.790283
2381.513672	1086.583252
2384.59375	1101.435181
2387.673828	1103.458008
2390.75	1111.101685
2393.828125	1113.12915
2396.902344	1077.396729
2399.976563	1105.131836
2403.050781	1127.259399
2406.123047	1096.317017
2409.193359	1091.904297
2412.262695	1093.122559
2415.331055	1133.79895
2418.398438	1095.561035
2421.464844	1103.228271
2424.530273	1114.12561
2427.59375	1138.741089
2430.65625	1109.320679
2433.717773	1109.739868
2436.77832	1094.818726
2439.837891	1111.386108
2442.895508	1108.573853
2445.953125	1126.775024
2449.008789	1106.176514
2452.063477	1096.078003
2455.117188	1091.63623
2458.168945	1096.905151
2461.220703	1128.9021
2464.270508	1087.200684
2467.319336	1107.061035
2470.367188	1088.020264
2473.413086	1098.16272
2476.458984	1109.935303
2479.50293	1126.586548
2482.545898	1119.702881
2485.587891	1098.192993
2488.628906	1083.167114
2491.668945	1129.909058
2494.707031	1112.443848
2497.745117	1122.624023
2500.78125	1107.58374
2503.816406	1121.839844
2506.850586	1104.344238
2509.882813	1107.203247
2512.915039	1112.509155
2515.945313	1118.634155
2518.974609	1114.160278
2522.00293	1130.897217
2525.030273	1126.424072
2528.056641	1144.810791
2531.081055	1115.833008
2534.105469	1144.035034
2537.12793	1137.106567
2540.149414	1104.821533
2543.169922	1110.962036
2546.188477	1114.651733
2549.207031	1077.408813
2552.223633	1076.174194
2555.239258	1116.723267
2558.254883	1099.109497
2561.267578	1131.497803
2564.280273	1098.291382
2567.291992	1132.344238
2570.301758	1099.112793
2573.311523	1129.085083
2576.319336	1123.756714
2579.326172	1136.50293
2582.332031	1155.012939
2585.335938	1132.417603
2588.339844	1125.436035
2591.341797	1157.952881
2594.34375	1112.280029
2597.34375	1124.225342
2600.342773	1142.770752
2603.34082	1101.985596
2606.336914	1144.447388
2609.333008	1130.851563
2612.327148	1127.147095
2615.320313	1143.250488
2618.313477	1096.60791
2621.304688	1092.059814
2624.293945	1123.868408
2627.283203	1129.246582
2630.271484	1144.55249
2633.257813	1147.460083
2636.243164	1181.818359
2639.227539	1167.355347
2642.210938	1148.73999
2645.193359	1144.195679
2648.174805	1157.881958
2651.155273	1194.794189
2654.133789	1144.641357
2657.112305	1138.428101
2660.088867	1173.713257
2663.064453	1154.219727
2666.039063	1163.785278
2669.012695	1181.667603
2671.984375	1173.792725
2674.956055	1141.795044
2677.925781	1162.184082
2680.895508	1187.581177
2683.863281	1164.710083
2686.830078	1141.821899
2689.795898	1166.405762
2692.760742	1146.000977
2695.723633	1196.450806
2698.686523	1154.355591
2701.647461	1181.482666
2704.608398	1174.407227
2707.567383	1186.53125
2710.525391	1207.852295
2713.482422	1207.462769
2716.438477	1225.463135
2719.392578	1196.647461
2722.34668	1170.319946
2725.299805	1215.94165
2728.250977	1235.644897
2731.201172	1216.838867
2734.150391	1226.503052
2737.098633	1195.946167
2740.045898	1193.033325
2742.992188	1190.956787
2745.9375	1205.658691
2748.881836	1200.227539
2751.824219	1187.235352
2754.765625	1188.512329
2757.707031	1215.837646
2760.646484	1216.284912
2763.584961	1177.21167
2766.522461	1190.262085
2769.458984	1218.468628
2772.393555	1143.155151
2775.328125	1212.627563
2778.261719	1147.364868
2781.193359	1182.337891
2784.124023	1160.853149
2787.054688	1197.542847
2789.983398	1197.9823
2792.911133	1199.265869
2795.837891	1208.992676
2798.762695	1201.834839
2801.6875	1203.96521
2804.611328	1192.573608
2807.533203	1177.791504
2810.455078	1207.826538
2813.375	1182.03894
2816.293945	1224.793579
2819.211914	1219.314697
2822.129883	1222.302002
2825.045898	1240.543823
2827.959961	1271.513916
2830.874023	1249.083252
2833.787109	1272.443848
2836.698242	1364.55835
2839.609375	1399.01355
2842.518555	1515.019409
2845.427734	1609.871094
2848.334961	1736.236206
2851.241211	1804.882446
2854.146484	1834.456909
2857.050781	1848.738525
2859.954102	1880.052002
2862.856445	1896.914063
2865.757813	1952.966553
2868.657227	1964.754517
2871.556641	2025.985596
2874.454102	2122.219238
2877.351563	2171.610107
2880.24707	2186.052979
2883.141602	2249.15918
2886.036133	2210.698975
2888.928711	2232.85791
2891.820313	2196.071777
2894.710938	2234.482178
2897.599609	2251.541748
2900.488281	2287.432617
2903.375977	2276.283203
2906.262695	2343.026367
2909.147461	2374.706299
2912.032227	2475.799561
2914.915039	2494.694824
2917.797852	2575.328857
2920.678711	2614.855469
2923.558594	2648.404785
2926.4375	2751.494629
2929.31543	2778.248047
2932.192383	2758.642334
2935.068359	2721.838135
2937.943359	2806.193359
2940.817383	2733.267334
2943.69043	2591.480225
2946.561523	2490.889404
2949.432617	2444.450928
2952.301758	2330.817383
2955.170898	2286.870361
2958.038086	2223.934326
2960.905273	2170.434082
2963.770508	2178.116455
2966.634766	2101.27002
2969.499023	2072.690186
2972.361328	1993.159546
2975.222656	2006.831665
2978.083008	1959.180908
2980.942383	1937.4198
2983.800781	1901.811035
2986.657227	1822.937744
2989.513672	1744.00708
2992.369141	1665.884644
2995.223633	1598.093872
2998.076172	1588.277222
3000.928711	1556.7948
3003.779297	1499.290161
3006.629883	1454.748047
3009.478516	1405.83728
3012.327148	1390.72644
3015.173828	1418.998901
3018.019531	1385.64917
3020.865234	1375.724854
3023.708984	1334.515503
3026.551758	1315.004639
3029.393555	1312.868408
3032.234375	1293.335205
3035.074219	1282.488403
3037.913086	1275.11499
3040.750977	1272.089478
3043.587891	1318.709229
3046.423828	1327.023804
3049.258789	1326.627686
3052.091797	1301.816528
3054.924805	1359.851929
3057.756836	1321.07312
3060.586914	1325.910522
3063.416992	1307.174683
3066.246094	1340.835693
3069.073242	1306.362427
3071.900391	1308.577881
3074.725586	1308.171265
3077.550781	1271.898926
3080.374023	1303.855957
3083.196289	1244.795532
3086.018555	1211.963623
3088.838867	1236.048462
3091.658203	1254.892334
3094.477539	1243.943848
3097.294922	1230.356445
3100.111328	1258.867554
3102.926758	1259.316284
3105.741211	1212.359375
3108.554688	1200.496582
3111.367188	1227.279541
3114.178711	1208.382446
3116.990234	1285.297485
3119.799805	1253.215332
3122.607422	1208.793335
3125.415039	1271.708618
3128.22168	1234.304199
3131.027344	1245.311401
3133.832031	1273.946411
3136.635742	1231.214111
3139.438477	1210.492065
3142.240234	1221.505371
3145.041016	1249.289307
3147.839844	1239.141724
3150.638672	1232.518188
3153.436523	1212.641724
3156.233398	1206.00354
3159.02832	1226.759277
3161.823242	1214.81604
3164.617188	1193.13501
3167.410156	1226.294189
3170.201172	1226.728394
3172.992188	1233.360474
3175.782227	1214.311279
3178.570313	1201.450562
3181.358398	1217.829712
3184.144531	1202.300537
3186.930664	1204.499512
3189.71582	1204.037964
3192.499023	1227.540771
3195.282227	1227.086426
3198.063477	1213.308228
3200.844727	1230.184326
