399.333984	1034.747681
403.220703	1002.131653
407.103516	999.385803
410.986328	952.724182
414.867188	992.612671
418.748047	988.58429
422.625	967.983643
426.501953	952.465027
430.375	956.066711
434.248047	943.719299
438.119141	956.256775
441.988281	966.888916
445.855469	960.918335
449.722656	938.323547
453.585938	940.647888
457.449219	976.240356
461.310547	945.941772
465.169922	966.199768
469.027344	931.386108
472.882813	916.408264
476.736328	938.602234
480.589844	946.704407
484.441406	936.846313
488.289063	927.621399
492.136719	967.839966
495.984375	959.904907
499.828125	993.743713
503.669922	946.585693
507.511719	937.343689
511.351563	936.460449
515.189453	964.551331
519.025391	979.138611
522.859375	957.004639
526.691406	921.312073
530.523438	984.918884
534.351563	951.142883
538.179688	956.716553
542.005859	918.37793
545.830078	982.738037
549.654297	967.000732
553.474609	948.016296
557.294922	954.246155
561.113281	949.478271
564.927734	944.058533
568.744141	923.087097
572.556641	923.483337
576.367188	914.154602
580.177734	913.898193
583.986328	934.405884
587.792969	912.734741
591.597656	909.22937
595.400391	901.172607
599.201172	919.758911
603.001953	903.245544
606.800781	897.777344
610.597656	920.290344
614.392578	907.661926
618.185547	917.169922
621.976563	922.775757
625.767578	910.131348
629.556641	916.390686
633.34375	910.909851
637.128906	900.201721
640.912109	920.178589
644.693359	929.065247
648.474609	971.947998
652.253906	940.321472
656.03125	939.414551
659.806641	958.140564
663.580078	976.227539
667.353516	965.508545
671.123047	975.094604
674.892578	972.232422
678.660156	951.65918
682.425781	954.689331
686.191406	961.003906
689.953125	969.29364
693.714844	951.310913
697.474609	972.748352
701.232422	992.888611
704.988281	976.865601
708.744141	995.049927
712.498047	995.473145
716.248047	1014.99762
719.998047	1052.98877
723.748047	1056.732422
727.494141	1073.668945
731.240234	1020.682678
734.982422	1003.294495
738.724609	1022.210083
742.464844	1037.177612
746.205078	1026.382446
749.941406	1007.643616
753.677734	1054.373535
757.412109	1038.938721
761.144531	1061.226074
764.875	1072.935059
768.605469	1126.396606
772.332031	1112.953613
776.058594	1159.845337
779.783203	1155.692505
783.505859	1176.756714
787.228516	1161.31897
790.947266	1112.654297
794.666016	1115.118652
798.382813	1102.293579
802.097656	1122.713135
805.8125	1125.849365
809.523438	1176.250854
813.234375	1147.445679
816.943359	1143.266724
820.650391	1152.414307
824.357422	1132.896851
828.060547	1110.694214
831.763672	1135.187988
835.464844	1145.681641
839.164063	1112.100586
842.861328	1109.228516
846.558594	1111.70166
850.253906	1114.176514
853.947266	1121.336548
857.638672	1122.478271
861.328125	1139.021973
865.017578	1130.122925
868.705078	1117.195068
872.390625	1119.676636
876.074219	1098.68396
879.755859	1123.303101
883.4375	1135.187866
887.117188	1069.177368
890.794922	1080.376953
894.470703	1098.979248
898.146484	1078.595337
901.818359	1107.975464
905.490234	1096.999756
909.160156	1096.786987
912.830078	1081.081787
916.496094	1070.079956
920.162109	1098.168457
923.826172	1109.4198
927.488281	1067.378906
931.148438	1058.376587
934.808594	1055.443848
938.466797	1032.91748
942.123047	1051.597778
945.777344	1064.208252
949.429688	1076.829224
953.082031	1033.97229
956.732422	1062.160645
960.380859	1087.663452
964.027344	1115.219727
967.673828	1103.485474
971.318359	1090.38501
974.960938	1094.911133
978.601563	1068.900757
982.240234	1066.631592
985.878906	1079.303467
989.515625	1089.267456
993.150391	1082.924316
996.783203	1115.340454
1000.416016	1126.691772
1004.044922	1191.143311
1007.673828	1131.717773
1011.302734	1089.272827
1014.927734	1106.08313
1018.552734	1075.86377
1022.175781	1066.081055
1025.796875	1087.678345
1029.416016	1104.514893
1033.035156	1102.243164
1036.650391	1108.167847
1040.265625	1110.679565
1043.880859	1135.074097
1047.492188	1117.07666
1051.103516	1112.066528
1054.712891	1115.267578
1058.320313	1104.087769
1061.925781	1116.880371
1065.53125	1162.58667
1069.134766	1132.209961
1072.736328	1134.738403
1076.335938	1148.250244
1079.935547	1156.966431
1083.533203	1202.782959
1087.128906	1144.870361
1090.722656	1119.221069
1094.316406	1186.398804
1097.90625	1188.954956
1101.496094	1173.616089
1105.085938	1130.71936
1108.671875	1163.56665
1112.257813	1149.575684
1115.841797	1117.64624
1119.423828	1131.214722
1123.003906	1145.484009
1126.583984	1166.668335
1130.162109	1161.626099
1133.738281	1096.470459
1137.314453	1098.306396
1140.886719	1093.920288
1144.458984	1062.551392
1148.029297	1101.053345
1151.599609	1129.201904
1155.166016	1089.496216
1158.732422	1129.442139
1162.296875	1106.339844
1165.861328	1130.375
1169.421875	1140.554443
1172.982422	1141.719116
1176.541016	1126.914673
1180.097656	1140.577393
1183.654297	1141.047729
1187.208984	1151.946167
1190.761719	1116.951294
1194.3125	1141.067871
1197.863281	1154.067017
1201.412109	1177.521851
1204.958984	1201.692261
1208.503906	1209.15625
1212.048828	1223.598022
1215.591797	1257.581299
1219.132813	1254.609741
1222.671875	1295.61377
1226.210938	1296.844971
1229.748047	1306.460449
1233.283203	1355.223633
1236.816406	1346.690674
1240.349609	1329.756348
1243.880859	1346.397827
1247.410156	1316.147217
1250.939453	1314.586548
1254.464844	1301.813721
1257.990234	1290.432007
1261.513672	1307.0896
1265.037109	1307.625854
1268.558594	1267.457397
1272.078125	1290.44397
1275.595703	1282.544434
1279.111328	1284.475342
1282.626953	1290.625244
1286.140625	1320.690063
1289.652344	1359.925171
1293.164063	1353.443726
1296.673828	1351.181274
1300.181641	1353.143066
1303.6875	1383.293335
1307.193359	1407.828247
1310.697266	1423.919678
1314.199219	1382.168945
1317.699219	1391.203979
1321.199219	1412.956299
1324.697266	1384.570679
1328.193359	1438.138916
1331.689453	1410.446533
1335.181641	1428.704468
1338.673828	1417.258911
1342.166016	1385.983765
1345.654297	1408.501831
1349.142578	1352.401611
1352.628906	1358.622925
1356.115234	1340.033569
1359.597656	1345.544922
1363.080078	1343.964478
1366.5625	1362.259033
1370.041016	1327.305542
1373.519531	1325.714722
1376.996094	1302.089111
1380.470703	1343.859253
1383.945313	1313.107788
1387.417969	1322.893066
1390.888672	1297.09082
1394.357422	1287.647583
1397.826172	1270.359009
1401.292969	1296.535278
1404.757813	1300.627563
1408.222656	1280.46875
1411.683594	1290.97998
1415.144531	1320.775513
1418.605469	1332.73938
1422.0625	1305.414429
1425.519531	1309.518188
1428.976563	1284.306274
1432.429688	1377.111572
1435.882813	1414.885132
1439.333984	1434.073853
1442.783203	1451.845337
1446.232422	1463.181885
1449.679688	1449.43811
1453.125	1449.308105
1456.570313	1419.763794
1460.011719	1481.343628
1463.453125	1406.553711
1466.894531	1392.757324
1470.332031	1411.285278
1473.769531	1417.607178
1477.207031	1464.925903
1480.640625	1443.934814
1484.074219	1463.231812
1487.505859	1396.140259
1490.935547	1347.722534
1494.365234	1303.588989
1497.792969	1278.162964
1501.21875	1288.054688
1504.644531	1270.537476
1508.066406	1250.840576
1511.490234	1265.064697
1514.910156	1250.405518
1518.330078	1258.859009
1521.748047	1284.669678
1525.164063	1272.892578
1528.580078	1266.17041
1531.992188	1272.471191
1535.40625	1267.19104
1538.816406	1256.835449
1542.226563	1308.070068
1545.634766	1291.922119
1549.041016	1325.07959
1552.447266	1357.537842
1555.851563	1382.763184
1559.253906	1368.070313
1562.65625	1422.377319
1566.056641	1372.804443
1569.455078	1435.880615
1572.851563	1430.63916
1576.248047	1438.490112
1579.642578	1422.326172
1583.035156	1401.779663
1586.427734	1403.070923
1589.818359	1355.534546
1593.207031	1332.748169
1596.595703	1380.691895
1599.982422	1403.135498
1603.367188	1384.719482
1606.751953	1346.571777
1610.132813	1347.111572
1613.513672	1383.462158
1616.894531	1438.119629
1620.273438	1385.302368
1623.650391	1366.101074
1627.025391	1365.916016
1630.400391	1388.431763
1633.773438	1356.75354
1637.144531	1380.015747
1640.513672	1395.964478
1643.882813	1398.723267
1647.251953	1491.73645
1650.617188	1493.801025
1653.982422	1472.367554
1657.345703	1509.687988
1660.707031	1502.206909
1664.068359	1516.776245
1667.427734	1490.903198
1670.787109	1490.762573
1674.142578	1452.34375
1677.498047	1469.860596
1680.853516	1448.346191
1684.205078	1428.288086
1687.556641	1420.010254
1690.90625	1417.626099
1694.255859	1379.083984
1697.603516	1358.226685
1700.949219	1357.290894
1704.294922	1313.506348
1707.638672	1316.246582
1710.980469	1296.80835
1714.320313	1324.691162
1717.660156	1286.741821
1720.998047	1269.488403
1724.335938	1269.993408
1727.669922	1236.420898
1731.003906	1284.343628
1734.337891	1290.043945
1737.669922	1244.571289
1741	1248.033813
1744.328125	1277.478882
1747.65625	1283.92688
1750.982422	1284.436646
1754.306641	1261.908203
1757.630859	1234.157227
1760.953125	1257.703613
1764.273438	1241.089233
1767.59375	1264.656372
1770.912109	1265.157837
1774.228516	1223.197632
1777.544922	1263.925293
1780.859375	1268.899414
1784.171875	1271.639526
1787.484375	1243.044312
1790.792969	1246.522217
1794.103516	1218.640503
1797.410156	1234.06311
1800.716797	1270.422119
1804.023438	1233.544678
1807.326172	1247.494751
1810.628906	1230.779541
1813.929688	1258.211792
1817.230469	1248.974854
1820.529297	1287.671631
1823.826172	1296.423584
1827.123047	1266.198975
1830.417969	1255.449463
1833.710938	1277.702881
1837.001953	1270.701538
1840.292969	1234.411011
1843.583984	1269.451172
1846.871094	1261.685913
1850.158203	1268.197388
1853.443359	1246.888184
1856.728516	1275.216309
1860.011719	1269.697754
1863.292969	1295.0448
1866.574219	1277.477417
1869.853516	1222.973145
1873.130859	1263.407227
1876.408203	1289.544678
1879.683594	1266.665283
1882.957031	1292.069214
1886.230469	1251.05188
1889.501953	1282.511475
1892.771484	1273.948608
1896.041016	1294.102783
1899.308594	1270.413086
1902.574219	1208.879639
1905.839844	1247.194092
1909.103516	1259.797363
1912.365234	1271.652832
1915.626953	1298.671021
1918.886719	1273.409424
1922.146484	1278.45874
1925.402344	1294.890381
1928.658203	1291.603882
1931.914063	1275.408569
1935.167969	1229.580933
1938.419922	1276.408691
1941.669922	1272.348389
1944.919922	1295.657837
1948.167969	1229.227173
1951.416016	1254.820068
1954.662109	1282.716553
1957.90625	1290.072632
1961.150391	1251.723022
1964.392578	1287.271606
1967.632813	1296.162109
1970.873047	1262.345337
1974.111328	1263.601929
1977.347656	1309.133057
1980.583984	1292.844482
1983.818359	1264.319946
1987.050781	1270.163452
1990.283203	1279.069336
1993.513672	1235.208374
1996.744141	1254.818848
1999.970703	1258.370239
2003.199219	1269.581421
2006.423828	1250.925903
2009.648438	1282.833252
2012.871094	1261.867798
2016.09375	1274.630493
2019.314453	1274.359985
2022.533203	1257.203491
2025.751953	1283.799194
2028.96875	1279.69043
2032.183594	1232.546631
2035.398438	1305.286011
2038.611328	1275.033203
2041.824219	1256.296387
2045.035156	1299.114014
2048.244141	1311.167969
2051.451172	1300.894775
2054.658203	1274.432495
2057.865234	1319.63501
2061.068359	1284.676514
2064.271484	1329.917603
2067.474609	1268.697021
2070.673828	1277.681763
2073.875	1305.208618
2077.072266	1245.451416
2080.269531	1287.671997
2083.464844	1319.873169
2086.660156	1316.517456
2089.853516	1320.897095
2093.044922	1295.089355
2096.236328	1303.335327
2099.425781	1299.966797
2102.613281	1324.495728
2105.800781	1290.89502
2108.986328	1263.472778
2112.169922	1291.894775
2115.353516	1284.63269
2118.535156	1309.20166
2121.716797	1289.510986
2124.896484	1302.443481
2128.074219	1296.727783
2131.251953	1301.895386
2134.427734	1314.068848
2137.603516	1327.807983
2140.777344	1285.496948
2143.949219	1298.456177
2147.119141	1291.94458
2150.289063	1311.151855
2153.458984	1317.896484
2156.625	1318.405029
2159.791016	1322.815674
2162.957031	1295.219849
2166.121094	1277.755737
2169.283203	1327.471802
2172.445313	1314.695801
2175.603516	1308.947021
2178.763672	1332.918213
2181.921875	1276.306885
2185.078125	1335.51062
2188.232422	1296.085083
2191.386719	1327.137817
2194.539063	1305.703857
2197.691406	1286.605347
2200.841797	1320.826782
2203.990234	1318.980713
2207.138672	1339.111328
2210.285156	1310.572021
2213.429688	1311.075562
2216.574219	1360.30188
2219.71875	1331.736816
2222.859375	1339.326172
2226	1343.77417
2229.140625	1344.289917
2232.279297	1325.121826
2235.416016	1375.252686
2238.550781	1363.960815
2241.685547	1360.54248
2244.820313	1365.795532
2247.951172	1359.219116
2251.082031	1370.788452
2254.212891	1346.050415
2257.341797	1355.25354
2260.46875	1338.390747
2263.595703	1331.789673
2266.720703	1398.716797
2269.84375	1357.329834
2272.966797	1357.849121
2276.087891	1348.869385
2279.208984	1376.309448
2282.328125	1321.381958
2285.445313	1361.511963
2288.5625	1343.004883
2291.677734	1403.793945
2294.792969	1392.428955
2297.90625	1355.65625
2301.017578	1356.967896
2304.128906	1382.109619
2307.238281	1378.663818
2310.345703	1394.293335
2313.453125	1405.958252
2316.558594	1392.174805
2319.664063	1401.459717
2322.767578	1429.0625
2325.871094	1440.75708
2328.972656	1463.614746
2332.072266	1450.622437
2335.169922	1400.144409
2338.267578	1397.486816
2341.365234	1414.775879
2344.460938	1359.436035
2347.554688	1411.061157
2350.648438	1366.062378
2353.740234	1409.737061
2356.830078	1407.075073
2359.919922	1372.419556
2363.007813	1388.942749
2366.095703	1393.47229
2369.181641	1397.204224
2372.265625	1401.739746
2375.349609	1437.528931
2378.431641	1411.621582
2381.513672	1420.978271
2384.59375	1383.813354
2387.673828	1389.955811
2390.75	1397.70813
2393.828125	1403.056763
2396.902344	1400.374756
2399.976563	1376.793335
2403.050781	1442.441772
2406.123047	1388.292847
2409.193359	1450.776245
2412.262695	1428.786743
2415.331055	1410.001343
2418.398438	1424.22937
2421.464844	1428.797363
2424.530273	1416.438965
2427.59375	1446.814087
2430.65625	1443.327026
2433.717773	1439.837036
2436.77832	1404.855957
2439.837891	1446.578979
2442.895508	1441.469238
2445.953125	1450.904785
2449.008789	1415.873535
2452.063477	1435.012939
2455.117188	1480.870483
2458.168945	1445.810059
2461.220703	1448.784668
2464.270508	1406.393677
2467.319336	1466.896362
2470.367188	1445.55896
2473.413086	1411.228394
2476.458984	1429.609741
2479.50293	1430.147949
2482.545898	1459.917236
2485.587891	1432.037109
2488.628906	1442.326904
2491.668945	1476.197754
2494.707031	1462.115479
2497.745117	1443.954834
2500.78125	1464.028809
2503.816406	1462.136719
2506.850586	1415.450073
2509.882813	1450.199951
2512.915039	1466.230103
2515.945313	1444.766602
2518.974609	1479.565674
2522.00293	1447.483154
2525.030273	1467.616211
2528.056641	1467.35022
2531.081055	1459.731812
2534.105469	1462.730591
2537.12793	1463.278809
2540.149414	1446.653809
2543.169922	1478.282959
2546.188477	1464.105591
2549.207031	1454.829468
2552.223633	1458.650146
2555.239258	1441.171143
2558.254883	1447.447754
2561.267578	1454.548584
2564.280273	1455.912842
2567.291992	1451.533936
2570.301758	1450.434937
2573.311523	1455.082642
2576.319336	1422.767944
2579.326172	1460.278931
2582.332031	1501.105835
2585.335938	1510.712524
2588.339844	1470.964722
2591.341797	1482.212524
2594.34375	1425.957764
2597.34375	1450.374268
2600.342773	1442.675903
2603.34082	1490.194458
2606.336914	1503.117798
2609.333008	1501.203369
2612.327148	1481.134033
2615.320313	1457.747559
2618.313477	1445.078247
2621.304688	1496.832275
2624.293945	1486.646484
2627.283203	1512.826782
2630.271484	1490.233765
2633.257813	1515.606934
2636.243164	1426.789185
2639.227539	1473.682617
2642.210938	1491.622803
2645.193359	1513.718628
2648.174805	1454.604858
2651.155273	1512.355835
2654.133789	1456.514648
2657.112305	1467.012329
2660.088867	1481.667847
2663.064453	1501.31604
2666.039063	1477.783081
2669.012695	1472.514038
2671.984375	1482.204224
2674.956055	1522.670654
2677.925781	1499.109253
2680.895508	1512.147827
2683.863281	1442.775269
2686.830078	1504.939575
2689.795898	1503.830322
2692.760742	1487.717651
2695.723633	1469.091431
2698.686523	1499.661377
2701.647461	1511.062866
2704.608398	1509.117432
2707.567383	1497.985229
2710.525391	1551.162964
2713.482422	1504.941528
2716.438477	1526.395386
2719.392578	1539.502441
2722.34668	1539.234131
2725.299805	1522.228394
2728.250977	1563.810669
2731.201172	1518.326782
2734.150391	1544.857788
2737.098633	1506.037354
2740.045898	1548.511963
2742.992188	1580.953247
2745.9375	1537.907104
2748.881836	1519.169067
2751.824219	1515.530273
2754.765625	1500.969238
2757.707031	1544.374268
2760.646484	1528.971802
2763.584961	1542.147217
2766.522461	1488.87915
2769.458984	1512.146606
2772.393555	1525.329224
2775.328125	1501.46875
2778.261719	1496.96582
2781.193359	1504.257324
2784.124023	1516.612061
2787.054688	1495.241943
2789.983398	1509.289063
2792.911133	1481.992065
2795.837891	1499.421021
2798.762695	1515.17334
2801.6875	1535.161133
2804.611328	1500.225586
2807.533203	1495.702148
2810.455078	1522.470459
2813.375	1523.027954
2816.293945	1529.51062
2819.211914	1497.047363
2822.129883	1498.442261
2825.045898	1530.343018
2827.959961	1555.485352
2830.874023	1570.469971
2833.787109	1565.105957
2836.698242	1614.048462
2839.609375	1691.889526
2842.518555	1767.239502
2845.427734	1844.34314
2848.334961	1974.193115
2851.241211	1986.815918
2854.146484	1978.185791
2857.050781	2021.446289
2859.954102	2050.269531
2862.856445	2102.10083
2865.757813	2076.464111
2868.657227	2218.656006
2871.556641	2225.430664
2874.454102	2382.27417
2877.351563	2385.700439
2880.24707	2429.231934
2883.141602	2450.601807
2886.036133	2453.201416
2888.928711	2458.364746
2891.820313	2459.258789
2894.710938	2413.138184
2897.599609	2431.9729
2900.488281	2451.67627
2903.375977	2473.104736
2906.262695	2501.396729
2909.147461	2564.819824
2912.032227	2610.298096
2914.915039	2740.650635
2917.797852	2717.640625
2920.678711	2851.556152
2923.558594	2874.89624
2926.4375	2945.455322
2929.31543	2985.157227
2932.192383	2957.896729
2935.068359	3025.983154
2937.943359	3011.608398
2940.817383	2967.989746
2943.69043	2908.856934
2946.561523	2818.706055
2949.432617	2706.971191
2952.301758	2563.296387
2955.170898	2572.83667
2958.038086	2520.343994
2960.905273	2483.328369
2963.770508	2501.470947
2966.634766	2398.001221
2969.499023	2354.858887
2972.361328	2338.444824
2975.222656	2358.286377
2978.083008	2280.528076
2980.942383	2226.909424
2983.800781	2151.639893
2986.657227	2130.796387
2989.513672	2055.437012
2992.369141	1959.253418
2995.223633	1944.376465
2998.076172	1885.321411
3000.928711	1827.089722
3003.779297	1741.949829
3006.629883	1741.709717
3009.478516	1688.565796
3012.327148	1676.159424
3015.173828	1638.574829
3018.019531	1616.590576
3020.865234	1590.247681
3023.708984	1562.147705
3026.551758	1533.158081
3029.393555	1581.52832
3032.234375	1561.22168
3035.074219	1546.120605
3037.913086	1513.600708
3040.750977	1559.4198
3043.587891	1581.754272
3046.423828	1532.655884
3049.258789	1542.793091
3052.091797	1561.656738
3054.924805	1530.814697
3057.756836	1609.894287
3060.586914	1587.775635
3063.416992	1534.205688
3066.246094	1595.900269
3069.073242	1569.382568
3071.900391	1525.363037
3074.725586	1541.648315
3077.550781	1501.960449
3080.374023	1532.24939
3083.196289	1534.547485
3086.018555	1510.57605
3088.838867	1533.891479
3091.658203	1486.241211
3094.477539	1460.472534
3097.294922	1496.948364
3100.111328	1494.850342
3102.926758	1485.72998
3105.741211	1468.701782
3108.554688	1544.750122
3111.367188	1528.608643
3114.178711	1487.848267
3116.990234	1483.103149
3119.799805	1507.376099
3122.607422	1453.367188
3125.415039	1495.247803
3128.22168	1462.324707
3131.027344	1487.504272
3133.832031	1491.557007
3136.635742	1513.23877
3139.438477	1514.657959
3142.240234	1433.174194
3145.041016	1416.037598
3147.839844	1416.540161
3150.638672	1440.880981
3153.436523	1480.253052
3156.233398	1476.360474
3159.02832	1419.434692
3161.823242	1452.651123
3164.617188	1497.388794
3167.410156	1516.49939
3170.201172	1466.586548
3172.992188	1454.710205
3175.782227	1400.310913
3178.570313	1404.350464
3181.358398	1379.143311
3184.144531	1460.316406
3186.930664	1408.501709
3189.71582	1434.730591
3192.499023	1413.047607
3195.282227	1465.933228
3198.063477	1429.14563
3200.844727	1443.357178
