399.333984	908.900024
403.220703	945.539185
407.103516	902.691589
410.986328	899.901123
414.867188	914.935486
418.748047	896.859985
422.625	901.709595
426.501953	901.46283
430.375	903.766846
434.248047	882.463684
438.119141	869.440369
441.988281	881.312195
445.855469	860.609741
449.722656	861.621338
453.585938	851.762756
457.449219	846.373474
461.310547	859.539795
465.169922	856.7099
469.027344	859.642456
472.882813	876.035034
476.736328	853.333069
480.589844	861.398376
484.441406	847.011719
488.289063	846.735413
492.136719	861.229858
495.984375	880.876587
499.828125	861.973022
503.669922	866.84613
507.511719	854.996399
511.351563	881.109558
515.189453	869.255249
519.025391	854.813782
522.859375	887.404297
526.691406	883.273254
530.523438	860.433411
534.351563	886.614868
538.179688	894.742981
542.005859	880.919495
545.830078	878.713806
549.654297	852.589539
553.474609	887.229431
557.294922	892.139282
561.113281	882.814148
564.927734	870.243286
568.744141	851.183472
572.556641	869.694519
576.367188	870.716064
580.177734	858.117371
583.986328	860.432068
587.792969	849.115967
591.597656	837.140442
595.400391	864.787842
599.201172	867.758423
603.001953	836.916504
606.800781	815.806335
610.597656	828.521667
614.392578	857.525635
618.185547	858.544006
621.976563	870.641541
625.767578	838.416138
629.556641	840.079163
633.34375	884.156799
637.128906	881.923523
640.912109	856.17749
644.693359	859.156677
648.474609	865.406311
652.253906	854.659363
656.03125	885.771118
659.806641	871.750854
663.580078	898.312683
667.353516	901.971008
671.123047	922.670166
674.892578	899.462524
678.660156	895.910706
682.425781	915.320679
686.191406	905.207886
689.953125	884.578979
693.714844	895.467407
697.474609	914.909241
701.232422	904.120422
704.988281	911.083374
708.744141	919.368225
712.498047	928.976563
716.248047	941.886169
719.998047	971.938904
723.748047	965.100586
727.494141	961.55365
731.240234	965.260986
734.982422	951.149597
738.724609	900.046692
742.464844	948.654236
746.205078	963.59668
749.941406	942.847656
753.677734	1005.425171
757.412109	997.24884
761.144531	989.727356
764.875	1010.016052
768.605469	999.180054
772.332031	985.683167
776.058594	1067.004639
779.783203	1080.725098
783.505859	1083.837402
787.228516	1096.247925
790.947266	1080.769287
794.666016	1078.568359
798.382813	1054.425659
802.097656	1062.852783
805.8125	1070.62146
809.523438	1068.411255
813.234375	1073.524414
816.943359	1037.334717
820.650391	1041.771851
824.357422	1027.542114
828.060547	1041.984619
831.763672	1060.443115
835.464844	1042.196411
839.164063	1046.643555
842.861328	1039.066406
846.558594	1028.808716
850.253906	1031.248657
853.947266	1051.085815
857.638672	1019.400391
861.328125	1036.57019
865.017578	1020.929138
868.705078	1040.794189
872.390625	1009.720398
876.074219	1030.2677
879.755859	1011.912292
883.4375	1033.819824
887.117188	1019.479492
890.794922	1014.53302
894.470703	1028.402588
898.146484	1001.937073
901.818359	1013.79425
905.490234	995.375854
909.160156	979.634827
912.830078	995.538208
916.496094	993.260559
920.162109	984.23938
923.826172	1005.559265
927.488281	972.24585
931.148438	986.153198
934.808594	1010.876221
938.466797	974.144531
942.123047	959.684326
945.777344	953.325134
949.429688	963.8703
953.082031	978.484192
956.732422	1012.065125
960.380859	943.40918
964.027344	973.615295
967.673828	970.633484
971.318359	973.073669
974.960938	969.410156
978.601563	991.532715
982.240234	989.910156
985.878906	997.116028
989.515625	1010.443359
993.150391	996.589478
996.783203	1035.770386
1000.416016	1065.458618
1004.044922	1118.313477
1007.673828	1030.258179
1011.302734	1002.757751
1014.927734	996.36084
1018.552734	981.095032
1022.175781	963.087952
1025.796875	975.089294
1029.416016	957.064148
1033.035156	971.804199
1036.650391	980.40741
1040.265625	1036.178589
1043.880859	1046.866577
1047.492188	1030.200562
1051.103516	999.149048
1054.712891	1009.149475
1058.320313	1002.719849
1061.925781	1016.155518
1065.53125	1015.206848
1069.134766	993.68396
1072.736328	1015.364502
1076.335938	1049.416992
1079.935547	1045.73291
1083.533203	1029.681152
1087.128906	1042.478027
1090.722656	1063.535034
1094.316406	1054.347412
1097.90625	1074.738159
1101.496094	1062.105347
1105.085938	1047.395874
1108.671875	1023.029297
1112.257813	1006.223267
1115.841797	966.650269
1119.423828	1009.126282
1123.003906	1015.064453
1126.583984	1026.530029
1130.162109	996.567444
1133.738281	939.63446
1137.314453	976.656372
1140.886719	960.464783
1144.458984	973.31366
1148.029297	961.259033
1151.599609	990.734436
1155.166016	1031.315918
1158.732422	1005.411377
1162.296875	992.655823
1165.861328	1004.161377
1169.421875	1012.901123
1172.982422	1052.880127
1176.541016	1029.707031
1180.097656	1037.772583
1183.654297	1001.370178
1187.208984	979.536621
1190.761719	1004.977905
1194.3125	1020.003296
1197.863281	1042.69751
1201.412109	1057.053833
1204.958984	1082.567993
1208.503906	1110.193604
1212.048828	1112.742188
1215.591797	1109.712646
1219.132813	1142.26709
1222.671875	1164.377075
1226.210938	1190.694946
1229.748047	1221.924805
1233.283203	1193.072021
1236.816406	1216.636475
1240.349609	1206.643799
1243.880859	1216.236694
1247.410156	1272.042358
1250.939453	1270.463501
1254.464844	1231.748413
1257.990234	1200.01062
1261.513672	1207.515259
1265.037109	1169.427124
1268.558594	1169.906738
1272.078125	1128.260864
1275.595703	1165.949463
1279.111328	1186.804565
1282.626953	1181.667236
1286.140625	1186.370728
1289.652344	1215.701294
1293.164063	1210.568481
1296.673828	1232.187256
1300.181641	1227.056274
1303.6875	1249.403564
1307.193359	1272.473755
1310.697266	1259.594116
1314.199219	1302.442017
1317.699219	1285.328491
1321.199219	1326.809082
1324.697266	1298.388184
1328.193359	1303.865479
1331.689453	1283.188232
1335.181641	1303.515991
1338.673828	1278.575562
1342.166016	1294.670288
1345.654297	1275.370361
1349.142578	1240.468872
1352.628906	1228.217773
1356.115234	1213.120239
1359.597656	1204.393921
1363.080078	1202.755981
1366.5625	1202.536133
1370.041016	1201.605591
1373.519531	1205.647339
1376.996094	1204.005981
1380.470703	1203.785034
1383.945313	1157.327393
1387.417969	1217.573975
1390.888672	1193.864502
1394.357422	1187.228149
1397.826172	1133.562134
1401.292969	1162.533813
1404.757813	1163.71936
1408.222656	1139.938232
1411.683594	1141.11499
1415.144531	1183.700439
1418.605469	1178.467285
1422.0625	1174.658569
1425.519531	1173.705688
1428.976563	1178.472534
1432.429688	1231.888916
1435.882813	1267.456543
1439.333984	1279.425903
1442.783203	1298.567139
1446.232422	1331.337891
1449.679688	1308.221802
1453.125	1377.595703
1456.570313	1304.977417
1460.011719	1351.438965
1463.453125	1315.368286
1466.894531	1300.098389
1470.332031	1286.971436
1473.769531	1325.592163
1477.207031	1312.464233
1480.640625	1296.447632
1484.074219	1344.474609
1487.505859	1276.615112
1490.935547	1233.911621
1494.365234	1184.687866
1497.792969	1193.817261
1501.21875	1132.276489
1504.644531	1129.126221
1508.066406	1122.364136
1511.490234	1092.490234
1514.910156	1103.043945
1518.330078	1114.328735
1521.748047	1148.033447
1525.164063	1110.888062
1528.580078	1121.46521
1531.992188	1122.640991
1535.40625	1140.471924
1538.816406	1143.104492
1542.226563	1127.621582
1545.634766	1146.925171
1549.041016	1156.81543
1552.447266	1206.619629
1555.851563	1231.784302
1559.253906	1200.329102
1562.65625	1212.434937
1566.056641	1255.799927
1569.455078	1276.661499
1572.851563	1357.907104
1576.248047	1348.266113
1579.642578	1316.052002
1583.035156	1245.945435
1586.427734	1231.875854
1589.818359	1221.438721
1593.207031	1186.204224
1596.595703	1198.350098
1599.982422	1233.124756
1603.367188	1223.400024
1606.751953	1223.160278
1610.132813	1225.842285
1613.513672	1223.410278
1616.894531	1274.348022
1620.273438	1284.366943
1623.650391	1238.783691
1627.025391	1256.115723
1630.400391	1250.027954
1633.773438	1264.447388
1637.144531	1249.562866
1640.513672	1297.719116
1643.882813	1276.234131
1647.251953	1328.841553
1650.617188	1347.724121
1653.982422	1401.870239
1657.345703	1378.921875
1660.707031	1402.255737
1664.068359	1407.227173
1667.427734	1389.401123
1670.787109	1401.728882
1674.142578	1383.149536
1677.498047	1398.429565
1680.853516	1351.102173
1684.205078	1361.958984
1687.556641	1320.476929
1690.90625	1293.712891
1694.255859	1263.237915
1697.603516	1283.671875
1700.949219	1234.706421
1704.294922	1254.405884
1707.638672	1188.390991
1710.980469	1179.992065
1714.320313	1170.106812
1717.660156	1208.309082
1720.998047	1172.518677
1724.335938	1178.168823
1727.669922	1160.116943
1731.003906	1189.481567
1734.337891	1192.178589
1737.669922	1201.552734
1741	1177.544434
1744.328125	1163.908691
1747.65625	1161.400635
1750.982422	1171.519165
1754.306641	1150.432251
1757.630859	1168.732056
1760.953125	1158.783081
1764.273438	1192.725464
1767.59375	1158.213867
1770.912109	1201.862671
1774.228516	1159.132446
1777.544922	1187.910889
1780.859375	1185.399536
1784.171875	1137.390259
1787.484375	1225.883423
1790.792969	1208.454834
1794.103516	1212.666748
1797.410156	1195.218506
1800.716797	1198.680664
1804.023438	1164.017578
1807.326172	1242.259399
1810.628906	1211.326538
1813.929688	1189.350708
1817.230469	1209.289307
1820.529297	1203.774536
1823.826172	1203.500732
1827.123047	1218.219849
1830.417969	1235.200317
1833.710938	1211.679443
1837.001953	1218.162231
1840.292969	1214.888672
1843.583984	1276.211548
1846.871094	1233.130737
1850.158203	1249.403809
1853.443359	1261.929077
1856.728516	1256.407837
1860.011719	1221.529053
1863.292969	1203.187012
1866.574219	1254.880493
1869.853516	1264.417114
1873.130859	1279.991333
1876.408203	1257.117554
1879.683594	1269.682983
1882.957031	1319.99353
1886.230469	1294.842529
1889.501953	1250.788574
1892.771484	1316.262329
1896.041016	1316.779785
1899.308594	1286.293213
1902.574219	1280.746704
1905.839844	1312.27832
1909.103516	1268.125366
1912.365234	1285.285889
1915.626953	1290.336548
1918.886719	1296.148804
1922.146484	1319.405762
1925.402344	1338.887817
1928.658203	1314.370117
1931.914063	1305.775391
1935.167969	1291.857422
1938.419922	1298.441895
1941.669922	1297.430542
1944.919922	1285.012695
1948.167969	1322.78833
1951.416016	1324.828247
1954.662109	1293.374146
1957.90625	1331.95813
1961.150391	1349.240112
1964.392578	1356.627319
1967.632813	1315.223267
1970.873047	1322.602295
1974.111328	1332.276001
1977.347656	1303.026367
1980.583984	1317.281006
1983.818359	1345.297485
1987.050781	1346.58728
1990.283203	1346.348633
1993.513672	1316.280884
1996.744141	1342.809204
1999.970703	1354.814697
2003.199219	1368.360718
2006.423828	1389.577271
2009.648438	1322.682251
2012.871094	1380.694946
2016.09375	1326.014526
2019.314453	1343.410156
2022.533203	1323.978027
2025.751953	1332.171997
2028.96875	1316.560181
2032.183594	1317.841309
2035.398438	1381.389282
2038.611328	1338.861816
2041.824219	1365.539551
2045.035156	1359.144165
2048.244141	1334.265503
2051.451172	1360.97168
2054.658203	1323.745483
2057.865234	1366.654663
2061.068359	1351.763428
2064.271484	1350.745728
2067.474609	1358.215698
2070.673828	1395.799683
2073.875	1352.319702
2077.072266	1349.75415
2080.269531	1326.317627
2083.464844	1366.265869
2086.660156	1350.552002
2089.853516	1380.480591
2093.044922	1376.371094
2096.236328	1324.244507
2099.425781	1405.327637
2102.613281	1368.671509
2105.800781	1397.112793
2108.986328	1381.365967
2112.169922	1402.850342
2115.353516	1365.358887
2118.535156	1389.182495
2121.716797	1392.050415
2124.896484	1424.450439
2128.074219	1346.482422
2131.251953	1385.888672
2134.427734	1406.65271
2137.603516	1398.634766
2140.777344	1379.709717
2143.949219	1385.694946
2147.119141	1372.983398
2150.289063	1388.324219
2153.458984	1397.43811
2156.625	1403.438232
2159.791016	1411.003418
2162.957031	1390.46814
2166.121094	1405.84375
2169.283203	1406.385742
2172.445313	1423.341919
2175.603516	1404.342163
2178.763672	1418.963379
2181.921875	1433.595459
2185.078125	1380.914917
2188.232422	1408.072998
2191.386719	1394.513184
2194.539063	1404.45459
2197.691406	1379.905762
2200.841797	1392.985962
2203.990234	1425.691772
2207.138672	1423.100098
2210.285156	1391.452148
2213.429688	1413.982056
2216.574219	1427.884766
2219.71875	1446.514526
2222.859375	1474.595825
2226	1420.875977
2229.140625	1403.319092
2232.279297	1440.075928
2235.416016	1428.813599
2238.550781	1441.968994
2241.685547	1396.014404
2244.820313	1409.166626
2247.951172	1409.706665
2251.082031	1444.970337
2254.212891	1449.471313
2257.341797	1423.963867
2260.46875	1418.978638
2263.595703	1415.569946
2266.720703	1438.250854
2269.84375	1437.219238
2272.966797	1445.682007
2276.087891	1432.777832
2279.208984	1463.417725
2282.328125	1426.743896
2285.445313	1426.496704
2288.5625	1442.105103
2291.677734	1446.62146
2294.792969	1457.488281
2297.90625	1400.897705
2301.017578	1407.784668
2304.128906	1448.03772
2307.238281	1427.930176
2310.345703	1446.758179
2313.453125	1456.852661
2316.558594	1427.973633
2319.664063	1438.86377
2322.767578	1464.88855
2325.871094	1515.622314
2328.972656	1516.199707
2332.072266	1506.415649
2335.169922	1448.782715
2338.267578	1427
2341.365234	1441.906372
2344.460938	1439.261963
2347.554688	1409.463989
2350.648438	1403.609131
2353.740234	1440.105591
2356.830078	1416.668823
2359.919922	1396.412964
2363.007813	1417.745605
2366.095703	1408.679565
2369.181641	1422.025635
2372.265625	1420.162598
2375.349609	1403.87439
2378.431641	1470.940186
2381.513672	1420.978271
2384.59375	1428.737183
2387.673828	1483.849976
2390.75	1432.22937
2393.828125	1421.528564
2396.902344	1399.571289
2399.976563	1422.606079
2403.050781	1432.793335
2406.123047	1402.770996
2409.193359	1437.09729
2412.262695	1410.272949
2415.331055	1394.701538
2418.398438	1433.090454
2421.464844	1419.127075
2424.530273	1434.980835
2427.59375	1400.845093
2430.65625	1407.021973
2433.717773	1422.081177
2436.77832	1380.634277
2439.837891	1409.425049
2442.895508	1419.653198
2445.953125	1434.738647
2449.008789	1387.572266
2452.063477	1409.127686
2455.117188	1436.363525
2458.168945	1432.857666
2461.220703	1418.821045
2464.270508	1403.153198
2467.319336	1414.217773
2470.367188	1429.344116
2473.413086	1397.440552
2476.458984	1444.214111
2479.50293	1362.780029
2482.545898	1430.686401
2485.587891	1413.354858
2488.628906	1424.450195
2491.668945	1407.915405
2494.707031	1410.884521
2497.745117	1424.430908
2500.78125	1402.993652
2503.816406	1406.777344
2506.850586	1412.192383
2509.882813	1410.278809
2512.915039	1427.108887
2515.945313	1411.338013
2518.974609	1415.130371
2522.00293	1400.158447
2525.030273	1402.316284
2528.056641	1451.835571
2531.081055	1397.650269
2534.105469	1386.734009
2537.12793	1412.595459
2540.149414	1431.933716
2543.169922	1412.017944
2546.188477	1449.374512
2549.207031	1411.438354
2552.223633	1450.460083
2555.239258	1434.616699
2558.254883	1387.615479
2561.267578	1407.812866
2564.280273	1395.215576
2567.291992	1379.326538
2570.301758	1425.809448
2573.311523	1417.309692
2576.319336	1399.76709
2579.326172	1408.50769
2582.332031	1427.119263
2585.335938	1374.197388
2588.339844	1392.809448
2591.341797	1392.506226
2594.34375	1412.784912
2597.34375	1389.427246
2600.342773	1367.699585
2603.34082	1375.627563
2606.336914	1361.298706
2609.333008	1443.464844
2612.327148	1392.843628
2615.320313	1438.762207
2618.313477	1413.699341
2621.304688	1390.269775
2624.293945	1391.613525
2627.283203	1354.930664
2630.271484	1394.303101
2633.257813	1469.27832
2636.243164	1419.340698
2639.227539	1414.900879
2642.210938	1404.65979
2645.193359	1438.322754
2648.174805	1423.937988
2651.155273	1411.200439
2654.133789	1427.483887
2657.112305	1452.906372
2660.088867	1426.883423
2663.064453	1425.752075
2666.039063	1388.069458
2669.012695	1440.936523
2671.984375	1418.194214
2674.956055	1407.077393
2677.925781	1447.530518
2680.895508	1413.113403
2683.863281	1411.97168
2686.830078	1408.3302
2689.795898	1439.677979
2692.760742	1438.543823
2695.723633	1441.577271
2698.686523	1462.128174
2701.647461	1424.287354
2704.608398	1405.615967
2707.567383	1428.68042
2710.525391	1431.714233
2713.482422	1483.215576
2716.438477	1454.505981
2719.392578	1475.112549
2722.34668	1562.657349
2725.299805	1473.691162
2728.250977	1465.863281
2731.201172	1452.166992
2734.150391	1454.378052
2737.098633	1473.352051
2740.045898	1463.834351
2742.992188	1481.98645
2745.9375	1455.68396
2748.881836	1469.64917
2751.824219	1444.161865
2754.765625	1437.134033
2757.707031	1462.870239
2760.646484	1458.365112
2763.584961	1424.426025
2766.522461	1472.896851
2769.458984	1446.510864
2772.393555	1431.04834
2775.328125	1425.679443
2778.261719	1470.008667
2781.193359	1459.59314
2784.124023	1461.815063
2787.054688	1449.701538
2789.983398	1403.832886
2792.911133	1413.63147
2795.837891	1393.887451
2798.762695	1412.134766
2801.6875	1419.411499
2804.611328	1446.132935
2807.533203	1420.452026
2810.455078	1444.655273
2813.375	1476.490967
2816.293945	1433.016968
2819.211914	1470.79834
2822.129883	1445.924805
2825.045898	1439.674927
2827.959961	1497.843384
2830.874023	1515.35083
2833.787109	1571.892334
2836.698242	1544.462769
2839.609375	1632.465454
2842.518555	1691.658325
2845.427734	1813.759888
2848.334961	1888.358643
2851.241211	1997.017822
2854.146484	1941.615723
2857.050781	1944.876343
2859.954102	2014.523804
2862.856445	2079.113037
2865.757813	2095.20166
2868.657227	2245.068604
2871.556641	2315.777344
2874.454102	2343.052734
2877.351563	2388.259277
2880.24707	2450.563477
2883.141602	2494.987549
2886.036133	2491.625977
2888.928711	2414.800781
2891.820313	2461.822266
2894.710938	2466.136475
2897.599609	2517.485352
2900.488281	2503.857666
2903.375977	2580.072998
2906.262695	2584.434326
2909.147461	2679.572998
2912.032227	2714.812744
2914.915039	2762.075439
2917.797852	2876.241211
2920.678711	2885.860596
2923.558594	3010.447754
2926.4375	3025.270752
2929.31543	3094.192383
2932.192383	3103.9021
2935.068359	3166.88623
2937.943359	3154.281494
2940.817383	3072.883789
2943.69043	2991.426514
2946.561523	2860.866211
2949.432617	2833.497314
2952.301758	2717.421387
2955.170898	2677.920898
2958.038086	2609.956299
2960.905273	2539.356201
2963.770508	2610.980469
2966.634766	2595.53418
2969.499023	2476.528076
2972.361328	2424.766113
2975.222656	2424.777588
2978.083008	2296.077148
2980.942383	2241.599854
2983.800781	2201.778564
2986.657227	2135.120117
2989.513672	2123.778564
2992.369141	1966.176514
2995.223633	1920.136597
2998.076172	1856.742798
3000.928711	1797.634521
3003.779297	1748.016357
3006.629883	1739.108765
3009.478516	1643.468018
3012.327148	1676.159424
3015.173828	1668.95105
3018.019531	1554.948364
3020.865234	1545.953491
3023.708984	1563.885376
3026.551758	1485.355469
3029.393555	1429.374634
3032.234375	1456.850342
3035.074219	1468.684082
3037.913086	1512.730225
3040.750977	1474.091431
3043.587891	1485.072144
3046.423828	1468.177979
3049.258789	1487.008545
3052.091797	1480.565674
3054.924805	1479.35144
3057.756836	1513.03894
3060.586914	1555.479004
3063.416992	1558.655273
3066.246094	1537.375122
3069.073242	1528.312988
3071.900391	1530.607788
3074.725586	1546.020508
3077.550781	1501.960449
3080.374023	1517.373291
3083.196289	1491.653687
3086.018555	1509.700317
3088.838867	1460.306763
3091.658203	1503.7677
3094.477539	1449.952881
3097.294922	1460.99353
3100.111328	1457.128174
3102.926758	1463.790649
3105.741211	1479.23645
3108.554688	1451.661133
3111.367188	1453.056763
3114.178711	1463.241211
3116.990234	1447.937744
3119.799805	1443.176392
3122.607422	1392.663696
3125.415039	1446.843628
3128.22168	1469.367798
3131.027344	1491.907715
3133.832031	1480.984741
3136.635742	1479.748413
3139.438477	1434.428711
3142.240234	1418.180908
3145.041016	1413.390869
3147.839844	1435.956909
3150.638672	1444.412476
3153.436523	1420.195068
3156.233398	1405.678833
3159.02832	1416.783203
3161.823242	1409.328003
3164.617188	1431.938843
3167.410156	1428.906982
3170.201172	1440.034058
3172.992188	1444.970825
3175.782227	1396.768066
3178.570313	1434.475342
3181.358398	1434.096313
3184.144531	1451.449829
3186.930664	1420.032227
3189.71582	1402.788452
3192.499023	1400.621338
3195.282227	1395.788574
3198.063477	1452.23938
3200.844727	1454.903931
