399.333984	920.340698
403.220703	919.468506
407.103516	893.785522
410.986328	894.173279
414.867188	850.628967
418.748047	875.839844
422.625	888.327332
426.501953	877.87439
430.375	859.758484
434.248047	848.007385
438.119141	884.122559
441.988281	858.321472
445.855469	851.664978
449.722656	855.868652
453.585938	855.599487
457.449219	832.939026
461.310547	830.739136
465.169922	857.35022
469.027344	833.37915
472.882813	855.527954
476.736328	824.482605
480.589844	835.101013
484.441406	833.53656
488.289063	806.292419
492.136719	850.954163
495.984375	837.828674
499.828125	852.331299
503.669922	864.916992
507.511719	857.569763
511.351563	850.216003
515.189453	846.075073
519.025391	853.525452
522.859375	856.470825
526.691406	874.247131
530.523438	856.563354
534.351563	850.479187
538.179688	843.743958
542.005859	861.544434
545.830078	855.453735
549.654297	815.7453
553.474609	849.075989
557.294922	826.797668
561.113281	833.625122
564.927734	804.197998
568.744141	798.065491
572.556641	806.832825
576.367188	829.87085
580.177734	817.903198
583.986328	794.244995
587.792969	816.00824
591.597656	778.690002
595.400391	810.860413
599.201172	799.507751
603.001953	815.457092
606.800781	795.638916
610.597656	777.105164
614.392578	799.575928
618.185547	797.3125
621.976563	817.855652
625.767578	826.680908
629.556641	825.077759
633.34375	811.075195
637.128906	798.365967
640.912109	864.014343
644.693359	838.249451
648.474609	820.305847
652.253906	799.077087
656.03125	831.47345
659.806641	824.62915
663.580078	850.516174
667.353516	884.940369
671.123047	845.344116
674.892578	844.393372
678.660156	836.227051
682.425781	838.55188
686.191406	878.294556
689.953125	839.266479
693.714844	838.309875
697.474609	853.783813
701.232422	866.640503
704.988281	859.115479
708.744141	849.609436
712.498047	905.274841
716.248047	897.097168
719.998047	899.455322
723.748047	944.005493
727.494141	900.219971
731.240234	911.818665
734.982422	930.027588
738.724609	891.46228
742.464844	911.659363
746.205078	880.983826
749.941406	909.788452
753.677734	900.252441
757.412109	935.044861
761.144531	929.483093
764.875	939.811646
768.605469	940.872498
772.332031	961.819946
776.058594	976.153442
779.783203	1001.777039
783.505859	1006.183411
787.228516	1001.297363
790.947266	1017.663574
794.666016	978.220886
798.382813	956.030273
802.097656	977.053101
805.8125	1014.728271
809.523438	988.530029
813.234375	984.951965
816.943359	963.382141
820.650391	969.787659
824.357422	994.868774
828.060547	950.594116
831.763672	965.677307
835.464844	962.078857
839.164063	968.496033
842.861328	970.240845
846.558594	967.975952
850.253906	969.721436
853.947266	979.496887
857.638672	1001.99762
861.328125	960.233704
865.017578	974.705933
868.705078	955.680969
872.390625	970.162964
876.074219	965.2052
879.755859	946.151428
883.4375	950.577209
887.117188	922.769958
890.794922	921.814087
894.470703	969.252625
898.146484	955.538635
901.818359	912.885742
905.490234	897.789978
909.160156	923.078613
912.830078	899.217529
916.496094	895.551758
920.162109	939.746399
923.826172	917.884766
927.488281	906.125061
931.148438	924.054565
934.808594	901.482788
938.466797	911.993835
942.123047	896.155884
945.777344	897.207397
949.429688	897.58313
953.082031	912.16925
956.732422	905.104431
960.380859	901.419678
964.027344	897.054077
967.673828	913.019043
971.318359	903.90741
974.960938	902.928589
978.601563	908.056641
982.240234	934.236206
985.878906	912.211731
989.515625	905.797607
993.150391	910.254639
996.783203	909.274475
1000.416016	967.485352
1004.044922	1017.576782
1007.673828	949.226624
1011.302734	929.867065
1014.927734	896.179565
1018.552734	893.144165
1022.175781	876.4646
1025.796875	900.029968
1029.416016	923.614685
1033.035156	895.99939
1036.650391	917.552002
1040.265625	889.227173
1043.880859	908.059326
1047.492188	930.327209
1051.103516	902.655884
1054.712891	909.192993
1058.320313	924.639221
1061.925781	931.87561
1065.53125	940.48877
1069.134766	970.367737
1072.736328	952.93335
1076.335938	920.384644
1079.935547	970.890564
1083.533203	941.069458
1087.128906	936.649658
1090.722656	959.037659
1094.316406	977.317444
1097.90625	977.722778
1101.496094	987.764893
1105.085938	944.102417
1108.671875	914.870605
1112.257813	915.938843
1115.841797	951.48175
1119.423828	943.598572
1123.003906	959.170349
1126.583984	929.192627
1130.162109	933.720886
1133.738281	900.252686
1137.314453	881.271667
1140.886719	876.104309
1144.458984	871.624146
1148.029297	883.057251
1151.599609	930.501099
1155.166016	896.947021
1158.732422	920.183533
1162.296875	921.256714
1165.861328	911.928345
1169.421875	919.936218
1172.982422	936.279114
1176.541016	895.69928
1180.097656	867.58905
1183.654297	920.760254
1187.208984	907.23584
1190.761719	904.827881
1194.3125	906.592285
1197.863281	950.121521
1201.412109	972.099609
1204.958984	982.252808
1208.503906	945.023499
1212.048828	1007.463928
1215.591797	1008.575989
1219.132813	1000.617615
1222.671875	1029.649902
1226.210938	1050.325684
1229.748047	1087.086914
1233.283203	1067.264771
1236.816406	1078.19165
1240.349609	1078.634644
1243.880859	1079.077637
1247.410156	1062.718872
1250.939453	1050.548584
1254.464844	1056.585083
1257.990234	1091.364746
1261.513672	1074.983032
1265.037109	1071.916382
1268.558594	1032.353149
1272.078125	1032.074341
1275.595703	1054.271118
1279.111328	1024.488525
1282.626953	1043.888062
1286.140625	1068.929199
1289.652344	1089.065796
1293.164063	1081.065796
1296.673828	1125.162964
1300.181641	1127.736572
1303.6875	1140.177612
1307.193359	1144.168823
1310.697266	1138.289429
1314.199219	1160.626831
1317.699219	1149.102051
1321.199219	1122.738892
1324.697266	1124.610474
1328.193359	1163.231689
1331.689453	1147.446045
1335.181641	1169.84021
1338.673828	1139.892212
1342.166016	1138.233887
1345.654297	1099.750244
1349.142578	1088.863892
1352.628906	1068.046265
1356.115234	1072.026855
1359.597656	1064.661499
1363.080078	1067.933716
1366.5625	1085.406006
1370.041016	1051.049805
1373.519531	1050.767456
1376.996094	1073.228394
1380.470703	1046.645996
1383.945313	1060.587036
1387.417969	1068.846436
1390.888672	1062.162109
1394.357422	1048.35022
1397.826172	1046.639038
1401.292969	1044.213379
1404.757813	1038.220215
1408.222656	1039.355469
1411.683594	1072.605225
1415.144531	1030.204834
1418.605469	1071.333862
1422.0625	1036.043213
1425.519531	1061.481689
1428.976563	1090.516113
1432.429688	1066.635498
1435.882813	1109.292847
1439.333984	1158.428101
1442.783203	1144.572632
1446.232422	1158.650879
1449.679688	1194.245239
1453.125	1201.183105
1456.570313	1150.733276
1460.011719	1184.213623
1463.453125	1150.229248
1466.894531	1146.38501
1470.332031	1094.392822
1473.769531	1112.807251
1477.207031	1137.70874
1480.640625	1168.38562
1484.074219	1109.119629
1487.505859	1110.287964
1490.935547	1066.796875
1494.365234	1040.565186
1497.792969	1022.242004
1501.21875	996.691772
1504.644531	989.879333
1508.066406	985.948181
1511.490234	993.566772
1514.910156	997.579407
1518.330078	985.696716
1521.748047	1004.890747
1525.164063	990.831177
1528.580078	970.971863
1531.992188	996.696716
1535.40625	963.789307
1538.816406	965.626282
1542.226563	995.727539
1545.634766	996.853455
1549.041016	1024.815186
1552.447266	1044.092407
1555.851563	1056.852051
1559.253906	1080.514038
1562.65625	1090.392456
1566.056641	1112.632935
1569.455078	1121.804443
1572.851563	1103.344971
1576.248047	1114.702515
1579.642578	1087.489868
1583.035156	1122.151855
1586.427734	1094.191406
1589.818359	1049.446167
1593.207031	1067.365112
1596.595703	1046.641724
1599.982422	1062.384399
1603.367188	1039.452026
1606.751953	1061.776245
1610.132813	1081.926392
1613.513672	1076.513306
1616.894531	1068.171265
1620.273438	1073.718994
1623.650391	1072.685669
1627.025391	1063.599121
1630.400391	1062.560303
1633.773438	1108.406128
1637.144531	1106.651001
1640.513672	1128.355835
1643.882813	1144.943359
1647.251953	1171.81665
1650.617188	1202.381348
1653.982422	1183.034546
1657.345703	1177.630127
1660.707031	1202.353516
1664.068359	1220.479248
1667.427734	1193.016724
1670.787109	1180.248291
1674.142578	1160.108398
1677.498047	1173.09021
1680.853516	1154.404053
1684.205078	1129.806885
1687.556641	1110.350708
1690.90625	1087.190918
1694.255859	1072.128906
1697.603516	1050.411255
1700.949219	1049.352783
1704.294922	1018.004333
1707.638672	1006.584961
1710.980469	1029.905396
1714.320313	1016.262207
1717.660156	1022.586121
1720.998047	975.618469
1724.335938	964.158203
1727.669922	1000.10083
1731.003906	979.747375
1734.337891	960.118958
1737.669922	978.30127
1741	995.013855
1744.328125	968.686768
1747.65625	947.53656
1750.982422	950.884277
1754.306641	980.245544
1757.630859	969.482544
1760.953125	998.130249
1764.273438	973.97229
1767.59375	937.885254
1770.912109	964.319824
1774.228516	963.212219
1777.544922	977.008301
1780.859375	945.337463
1784.171875	952.424438
1787.484375	941.609802
1790.792969	951.686157
1794.103516	987.905273
1797.410156	974.850098
1800.716797	997.655029
1804.023438	955.436401
1807.326172	977.503357
1810.628906	986.868225
1813.929688	982.018982
1817.230469	969.677734
1820.529297	985.042603
1823.826172	959.952942
1827.123047	960.332092
1830.417969	944.961975
1833.710938	946.835571
1837.001953	984.737427
1840.292969	949.835693
1843.583984	968.238159
1846.871094	969.371521
1850.158203	961.484619
1853.443359	1003.226074
1856.728516	987.822388
1860.011719	944.558777
1863.292969	991.612793
1866.574219	1003.301819
1869.853516	970.541809
1873.130859	967.154846
1876.408203	1005.995667
1879.683594	964.898682
1882.957031	994.712158
1886.230469	964.903015
1889.501953	985.675842
1892.771484	946.016357
1896.041016	953.191345
1899.308594	964.908936
1902.574219	953.184204
1905.839844	947.504272
1909.103516	966.04657
1912.365234	974.757141
1915.626953	950.893921
1918.886719	1002.05188
1922.146484	953.915222
1925.402344	980.081055
1928.658203	952.387146
1931.914063	944.409668
1935.167969	985.031799
1938.419922	990.736267
1941.669922	962.242004
1944.919922	989.231689
1948.167969	1000.268372
1951.416016	954.241638
1954.662109	947.002625
1957.90625	1024.290283
1961.150391	982.789246
1964.392578	965.644287
1967.632813	978.22113
1970.873047	983.180176
1974.111328	993.484131
1977.347656	961.048706
1980.583984	990.442627
1983.818359	1009.164124
1987.050781	1007.265625
1990.283203	954.141418
1993.513672	981.283142
1996.744141	986.256958
1999.970703	984.345581
2003.199219	969.414978
2006.423828	975.155334
2009.648438	967.106018
2012.871094	975.916016
2016.09375	987.800293
2019.314453	978.978577
2022.533203	991.640381
2025.751953	961.313721
2028.96875	967.064941
2032.183594	951.304626
2035.398438	967.049377
2038.611328	1001.262512
2041.824219	998.574829
2045.035156	973.565918
2048.244141	980.873779
2051.451172	1018.995728
2054.658203	1003.21106
2057.865234	1002.830139
2061.068359	1010.15979
2064.271484	990.495422
2067.474609	977.760986
2070.673828	990.492859
2073.875	985.47113
2077.072266	971.174011
2080.269531	995.511108
2083.464844	986.618713
2086.660156	1010.206726
2089.853516	985.062622
2093.044922	993.185608
2096.236328	1004.412354
2099.425781	1021.070496
2102.613281	986.590454
2105.800781	990.073853
2108.986328	976.496155
2112.169922	978.426025
2115.353516	1004.419739
2118.535156	979.183472
2121.716797	1011.411621
2124.896484	993.929138
2128.074219	957.775024
2131.251953	985.365295
2134.427734	1007.530579
2137.603516	980.678833
2140.777344	981.057678
2143.949219	983.773376
2147.119141	981.815552
2150.289063	997.005493
2153.458984	998.170105
2156.625	998.555237
2159.791016	993.477539
2162.957031	987.614929
2166.121094	998.930115
2169.283203	996.18988
2172.445313	996.573853
2175.603516	983.6651
2178.763672	994.995239
2181.921875	992.248352
2185.078125	971.494019
2188.232422	989.880066
2191.386719	1018.464661
2194.539063	1021.991516
2197.691406	969.07019
2200.841797	974.148926
2203.990234	984.723877
2207.138672	995.306641
2210.285156	960.353271
2213.429688	983.503113
2216.574219	986.238464
2219.71875	976.397339
2222.859375	966.548401
2226	1000.749878
2229.140625	1000.346924
2232.279297	985.770996
2235.416016	956.21814
2238.550781	993.619019
2241.685547	973.505188
2244.820313	980.186951
2247.951172	978.984924
2251.082031	988.830078
2254.212891	999.472046
2257.341797	988.798035
2260.46875	976.5354
2263.595703	982.441895
2266.720703	1000.212952
2269.84375	975.28418
2272.966797	980.405029
2276.087891	998.194946
2279.208984	962.941528
2282.328125	997.374023
2285.445313	977.150269
2288.5625	1013.992493
2291.677734	992.966064
2294.792969	1013.973938
2297.90625	1000.074341
2301.017578	1003.632141
2304.128906	980.18573
2307.238281	974.20282
2310.345703	1009.551025
2313.453125	999.598145
2316.558594	975.317932
2319.664063	1029.010498
2322.767578	1035.771729
2325.871094	1093.51001
2328.972656	1077.991699
2332.072266	1076.808228
2335.169922	1046.918945
2338.267578	1000.256042
2341.365234	984.677612
2344.460938	970.683594
2347.554688	1030.945068
2350.648438	1015.359863
2353.740234	1000.561707
2356.830078	996.145203
2359.919922	998.123352
2363.007813	1014.504211
2366.095703	1010.08728
2369.181641	1008.068848
2372.265625	969.202881
2375.349609	992.007141
2378.431641	970.740356
2381.513672	1018.421204
2384.59375	1030.840698
2387.673828	992.710876
2390.75	1010.749329
2393.828125	999.888733
2396.902344	1005.088196
2399.976563	991.001831
2403.050781	1025.146729
2406.123047	1011.056885
2409.193359	1002.588562
2412.262695	976.404724
2415.331055	977.579468
2418.398438	986.004944
2421.464844	987.183777
2424.530273	1014.966797
2427.59375	1004.866394
2430.65625	1001.212341
2433.717773	1008.047363
2436.77832	986.628723
2439.837891	1008.809082
2442.895508	1024.541992
2445.953125	995.829895
2449.008789	1005.100464
2452.063477	1012.759949
2455.117188	1014.760437
2458.168945	1004.619385
2461.220703	996.899902
2464.270508	1020.769653
2467.319336	1004.945557
2470.367188	987.487854
2473.413086	1013.813477
2476.458984	993.100037
2479.50293	982.110718
2482.545898	994.659912
2485.587891	1014.528809
2488.628906	1025.474121
2491.668945	998.221802
2494.707031	1036.817139
2497.745117	1019.310059
2500.78125	1002.603394
2503.816406	1033.91626
2506.850586	995.212891
2509.882813	1011.881104
2512.915039	1033.451782
2515.945313	1019.979126
2518.974609	1009.758728
2522.00293	1055.014526
2525.030273	1021.944153
2528.056641	997.014221
2531.081055	1061.103271
2534.105469	1019.008362
2537.12793	1024.295166
2540.149414	996.874451
2543.169922	1016.063904
2546.188477	1031.175537
2549.207031	1030.743042
2552.223633	1003.282654
2555.239258	1022.502319
2558.254883	1017.147583
2561.267578	1043.765747
2564.280273	1038.414429
2567.291992	1007.622253
2570.301758	1035.907593
2573.311523	1039.579346
2576.319336	1029.288818
2579.326172	1032.138672
2582.332031	1034.990234
2585.335938	983.566772
2588.339844	1013.550598
2591.341797	1073.184448
2594.34375	1002.780884
2597.34375	1055.865845
2600.342773	1016.71167
2603.34082	1015.442261
2606.336914	1062.81897
2609.333008	1042.593994
2612.327148	1043.807617
2615.320313	1054.927246
2618.313477	1066.05481
2621.304688	1075.538452
2624.293945	1046.189209
2627.283203	1023.431458
2630.271484	1032.082031
2633.257813	1060.593872
2636.243164	1015.470032
2639.227539	1087.047852
2642.210938	1068.402832
2645.193359	1042.286865
2648.174805	1049.304688
2651.155273	1051.352661
2654.133789	1020.223816
2657.112305	1056.282104
2660.088867	1055.843994
2663.064453	1061.217896
2666.039063	1020.077332
2669.012695	1081.948853
2671.984375	1072.374268
2674.956055	1063.624023
2677.925781	1053.203247
2680.895508	1078.560059
2683.863281	1048.155884
2686.830078	1073.529053
2689.795898	1058.09668
2692.760742	1035.984863
2695.723633	1052.209717
2698.686523	1075.118774
2701.647461	1072.178833
2704.608398	1063.393555
2707.567383	1077.981567
2710.525391	1073.368042
2713.482422	1096.32605
2716.438477	1057.442627
2719.392578	1063.686646
2722.34668	1094.194702
2725.299805	1132.256714
2728.250977	1110.908325
2731.201172	1097.081177
2734.150391	1090.783447
2737.098633	1135.604126
2740.045898	1110.032471
2742.992188	1095.344849
2745.9375	1089.036255
2748.881836	1131.40332
2751.824219	1081.442139
2754.765625	1074.280762
2757.707031	1110.806763
2760.646484	1096.085327
2763.584961	1101.533691
2766.522461	1102.779907
2769.458984	1119.173584
2772.393555	1098.540039
2775.328125	1126.733154
2778.261719	1088.396118
2781.193359	1097.223022
2784.124023	1092.567627
2787.054688	1110.678833
2789.983398	1133.86499
2792.911133	1094.614868
2795.837891	1077.286743
2798.762695	1117.376953
2801.6875	1102.578613
2804.611328	1102.982666
2807.533203	1100.850342
2810.455078	1124.090698
2813.375	1102.503052
2816.293945	1134.224854
2819.211914	1149.034668
2822.129883	1119.808228
2825.045898	1126.996826
2827.959961	1133.342773
2830.874023	1136.301147
2833.787109	1133.323364
2836.698242	1206.717651
2839.609375	1236.870605
2842.518555	1281.482178
2845.427734	1335.470947
2848.334961	1468.534546
2851.241211	1529.431641
2854.146484	1533.391602
2857.050781	1522.890869
2859.954102	1573.660522
2862.856445	1634.683472
2865.757813	1620.800415
2868.657227	1729.597412
2871.556641	1805.232422
2874.454102	1840.848267
2877.351563	1911.460449
2880.24707	1907.036743
2883.141602	1946.141479
2886.036133	1920.379272
2888.928711	1962.079102
2891.820313	1947.411621
2894.710938	1975.473633
2897.599609	1975.336548
2900.488281	2037.645752
2903.375977	2027.26123
2906.262695	2033.98999
2909.147461	2056.137695
2912.032227	2172.535645
2914.915039	2285.5896
2917.797852	2325.854736
2920.678711	2314.69165
2923.558594	2481.110107
2926.4375	2469.135986
2929.31543	2490.635986
2932.192383	2502.703369
2935.068359	2617.87915
2937.943359	2495.0625
2940.817383	2514.021484
2943.69043	2389.356689
2946.561523	2377.315186
2949.432617	2247.345459
2952.301758	2155.166748
2955.170898	2143.886963
2958.038086	2110.195801
2960.905273	2042.000977
2963.770508	2046.187744
2966.634766	1994.308838
2969.499023	1959.650024
2972.361328	1907.701416
2975.222656	1950.702637
2978.083008	1857.248169
2980.942383	1857.053955
2983.800781	1762.633057
2986.657227	1751.161743
2989.513672	1657.498779
2992.369141	1609.633911
2995.223633	1554.808594
2998.076172	1497.345337
3000.928711	1444.171875
3003.779297	1429.95874
3006.629883	1381.057007
3009.478516	1339.057739
3012.327148	1306.571411
3015.173828	1275.797241
3018.019531	1273.651123
3020.865234	1277.582886
3023.708984	1196.372314
3026.551758	1188.979736
3029.393555	1214.620728
3032.234375	1183.745239
3035.074219	1198.091187
3037.913086	1186.335693
3040.750977	1212.011353
3043.587891	1228.995117
3046.423828	1242.505493
3049.258789	1228.133057
3052.091797	1212.878052
3054.924805	1215.056885
3057.756836	1266.101196
3060.586914	1249.969604
3063.416992	1227.713867
3066.246094	1243.002808
3069.073242	1273.157227
3071.900391	1240.395508
3074.725586	1202.363281
3077.550781	1208.91626
3080.374023	1186.596436
3083.196289	1170.387939
3086.018555	1162.04895
3088.838867	1160.711792
3091.658203	1211.076294
3094.477539	1141.377686
3097.294922	1168.970215
3100.111328	1161.491699
3102.926758	1178.57959
3105.741211	1197.435303
3108.554688	1169.759644
3111.367188	1165.783691
3114.178711	1198.715332
3116.990234	1200.900391
3119.799805	1150.319702
3122.607422	1159.526611
3125.415039	1168.739868
3128.22168	1179.720093
3131.027344	1152.837769
3133.832031	1179.677979
3136.635742	1192.435669
3139.438477	1139.960815
3142.240234	1148.303223
3145.041016	1170.767578
3147.839844	1147.353394
3150.638672	1143.346069
3153.436523	1130.50354
3156.233398	1131.787964
3159.02832	1112.744873
3161.823242	1129.053833
3164.617188	1126.800537
3167.410156	1153.742798
3170.201172	1141.760254
3172.992188	1114.717041
3175.782227	1166.48291
3178.570313	1144.744995
3181.358398	1120.332397
3184.144531	1170.381104
3186.930664	1117.576904
3189.71582	1155.237549
3192.499023	1173.397583
3195.282227	1144.511108
3198.063477	1152.020996
3200.844727	1151.132813
