399.333984	981.993408
403.220703	967.158752
407.103516	934.498901
410.986328	908.811035
414.867188	895.834534
418.748047	929.982666
422.625	901.709595
426.501953	905.288025
430.375	904.404663
434.248047	883.739868
438.119141	905.82666
441.988281	923.461914
445.855469	859.331909
449.722656	886.549561
453.585938	876.701721
457.449219	894.353882
461.310547	868.5
465.169922	865.674011
469.027344	848.752808
472.882813	878.598389
476.736328	865.514343
480.589844	871.660767
484.441406	856.636902
488.289063	846.093445
492.136719	890.130188
495.984375	904.006836
499.828125	911.467407
503.669922	924.721619
507.511719	887.16333
511.351563	877.891479
515.189453	880.201416
519.025391	890.887268
522.859375	930.582275
526.691406	891.654724
530.523438	915.258606
534.351563	893.712952
538.179688	907.654175
542.005859	919.023743
545.830078	912.311707
549.654297	903.008057
553.474609	884.642761
557.294922	899.255676
561.113281	847.864075
564.927734	856.645691
568.744141	884.868103
572.556641	904.689636
576.367188	864.232727
580.177734	835.415833
583.986328	878.601074
587.792969	847.817627
591.597656	858.572327
595.400391	861.539185
599.201172	871.008484
603.001953	865.529053
606.800781	843.780579
610.597656	848.697754
614.392578	828.876343
618.185547	875.480408
621.976563	884.326782
625.767578	851.455261
629.556641	864.864075
633.34375	891.334412
637.128906	882.576294
640.912109	920.178589
644.693359	902.931213
648.474609	910.506775
652.253906	852.043762
656.03125	885.116882
659.806641	899.238464
663.580078	927.121521
667.353516	934.722351
671.123047	934.465637
674.892578	926.341492
678.660156	913.61908
682.425781	920.569824
686.191406	926.21344
689.953125	905.593445
693.714844	908.607056
697.474609	954.344971
701.232422	926.476868
704.988281	911.741211
708.744141	939.111267
712.498047	966.504333
716.248047	982.064514
719.998047	1003.568115
723.748047	1008.609192
727.494141	993.209717
731.240234	984.394653
734.982422	951.809631
738.724609	958.8172
742.464844	975.079163
746.205078	966.901184
749.941406	987.146912
753.677734	980.289551
757.412109	990.631409
761.144531	1024.814697
764.875	1004.055298
768.605469	1011.769226
772.332031	1023.466614
776.058594	1071.646729
779.783203	1130.482178
783.505859	1146.889771
787.228516	1107.535767
790.947266	1067.483887
794.666016	1063.94812
798.382813	1046.447632
802.097656	1090.122559
805.8125	1099.898926
809.523438	1099.032349
813.234375	1085.511597
816.943359	1092.632568
820.650391	1094.427002
824.357422	1052.213745
828.060547	1025.974609
831.763672	1040.422241
835.464844	1038.858154
839.164063	1037.292603
842.861328	1028.375122
846.558594	1054.879883
850.253906	1078.731567
853.947266	1022.316406
857.638672	1031.448486
861.328125	1053.310669
865.017578	1052.414429
868.705078	1049.506592
872.390625	1019.106934
876.074219	1036.304443
879.755859	995.136536
883.4375	1010.323914
887.117188	1007.390808
890.794922	990.345459
894.470703	1024.369629
898.146484	1048.335449
901.818359	1022.539612
905.490234	1002.778931
909.160156	1003.199951
912.830078	1000.253174
916.496094	1008.759216
920.162109	1017.272095
923.826172	1008.931335
927.488281	1007.330383
931.148438	999.652893
934.808594	987.241821
938.466797	972.793396
942.123047	988.069336
945.777344	965.495239
949.429688	986.86792
953.082031	1022.468628
956.732422	1013.419067
960.380859	1013.84314
964.027344	1041.368652
967.673828	1013.335938
971.318359	1004.266235
974.960938	982.299438
978.601563	1020.036682
982.240234	1009.599731
985.878906	1029.040039
989.515625	1009.763855
993.150391	1014.944092
996.783203	1038.490723
1000.416016	1060.015625
1004.044922	1076.112915
1007.673828	1026.172485
1011.302734	1013.657288
1014.927734	1025.665527
1018.552734	983.140381
1022.175781	981.503906
1025.796875	1020.807312
1029.416016	1023.963074
1033.035156	1044.877319
1036.650391	1014.567932
1040.265625	1025.242676
1043.880859	1032.507202
1047.492188	1037.041138
1051.103516	1028.57605
1054.712891	1052.965942
1058.320313	1017.788086
1061.925781	1027.803955
1065.53125	1033.715088
1069.134766	1030.715698
1072.736328	1062.702515
1076.335938	1078.929688
1079.935547	1033.373657
1083.533203	1057.844482
1087.128906	1060.345093
1090.722656	1073.847168
1094.316406	1093.550171
1097.90625	1085.05896
1101.496094	1073.118774
1105.085938	1041.198364
1108.671875	1047.141113
1112.257813	1066.183105
1115.841797	1039.045654
1119.423828	1051.891724
1123.003906	1072.338623
1126.583984	1043.098145
1130.162109	1055.960938
1133.738281	1012.179749
1137.314453	962.83252
1140.886719	1011.634216
1144.458984	989.224243
1148.029297	982.712646
1151.599609	1006.658203
1155.166016	1030.623291
1158.732422	1013.033386
1162.296875	1025.236084
1165.861328	1019.417969
1169.421875	1018.451233
1172.982422	1050.797974
1176.541016	1062.341064
1180.097656	1040.551147
1183.654297	1070.861572
1187.208984	1026.11499
1190.761719	1007.064392
1194.3125	1033.918823
1197.863281	1039.913208
1201.412109	1078.640625
1204.958984	1093.714111
1208.503906	1105.315063
1212.048828	1125.989136
1215.591797	1139.704834
1219.132813	1130.404785
1222.671875	1184.620972
1226.210938	1220.025879
1229.748047	1246.377197
1233.283203	1223.824951
1236.816406	1249.499634
1240.349609	1272.397095
1243.880859	1240.72937
1247.410156	1224.437012
1250.939453	1213.033447
1254.464844	1238.054321
1257.990234	1203.515259
1261.513672	1223.643433
1265.037109	1227.652954
1268.558594	1184.644653
1272.078125	1190.74707
1275.595703	1188.425537
1279.111328	1207.182007
1282.626953	1256.18042
1286.140625	1245.443115
1289.652344	1259.32019
1293.164063	1253.501465
1296.673828	1264.576172
1300.181641	1299.609009
1303.6875	1307.187622
1307.193359	1316.182007
1310.697266	1306.141357
1314.199219	1322.197388
1317.699219	1344.618774
1321.199219	1330.339722
1324.697266	1311.103638
1328.193359	1341.320679
1331.689453	1352.473267
1335.181641	1358.683716
1338.673828	1321.737305
1342.166016	1314.490234
1345.654297	1290.241455
1349.142578	1236.926758
1352.628906	1227.509033
1356.115234	1248.570923
1359.597656	1289.51001
1363.080078	1233.268311
1366.5625	1260.036377
1370.041016	1258.419189
1373.519531	1251.827026
1376.996094	1249.493774
1380.470703	1220.849854
1383.945313	1197.873047
1387.417969	1239.634155
1390.888672	1257.936035
1394.357422	1212.867188
1397.826172	1214.072754
1401.292969	1206.013062
1404.757813	1192.241943
1408.222656	1177.032593
1411.683594	1208.911011
1415.144531	1202.262695
1418.605469	1230.605469
1422.0625	1238.250244
1425.519531	1222.312256
1428.976563	1256.417603
1432.429688	1279.104126
1435.882813	1318.984985
1439.333984	1378.944702
1442.783203	1392.39624
1446.232422	1372.897461
1449.679688	1385.639893
1453.125	1376.161499
1456.570313	1377.436279
1460.011719	1369.381592
1463.453125	1358.447998
1466.894531	1371.927002
1470.332031	1397.632324
1473.769531	1358.660034
1477.207031	1403.078247
1480.640625	1329.542358
1484.074219	1397.015625
1487.505859	1314.776733
1490.935547	1271.368408
1494.365234	1233.689575
1497.792969	1198.142578
1501.21875	1167.615112
1504.644531	1181.073242
1508.066406	1151.235229
1511.490234	1163.974976
1514.910156	1144.940918
1518.330078	1137.453491
1521.748047	1165.384033
1525.164063	1141.263916
1528.580078	1206.841309
1531.992188	1196.470337
1535.40625	1177.401489
1538.816406	1167.734131
1542.226563	1204.438965
1545.634766	1154.900024
1549.041016	1177.123169
1552.447266	1220.405396
1555.851563	1239.768799
1559.253906	1261.325928
1562.65625	1273.456299
1566.056641	1288.503052
1569.455078	1367.540039
1572.851563	1362.998413
1576.248047	1389.012451
1579.642578	1304.405518
1583.035156	1272.888672
1586.427734	1255.916016
1589.818359	1259.335327
1593.207031	1248.904663
1596.595703	1226.06604
1599.982422	1265.229858
1603.367188	1231.429443
1606.751953	1247.988647
1610.132813	1250.680542
1613.513672	1264.336792
1616.894531	1288.23938
1620.273438	1248.527466
1623.650391	1217.564087
1627.025391	1253.187744
1630.400391	1270.532227
1633.773438	1260.784424
1637.144531	1300.864624
1640.513672	1306.517212
1643.882813	1349.580933
1647.251953	1376.536011
1650.617188	1414.523071
1653.982422	1380.574097
1657.345703	1382.595093
1660.707031	1408.135254
1664.068359	1443.988647
1667.427734	1445.300781
1670.787109	1392.163208
1674.142578	1410.38562
1677.498047	1377.073853
1680.853516	1358.469116
1684.205078	1341.323242
1687.556641	1350.705566
1690.90625	1360.094971
1694.255859	1280.946899
1697.603516	1256.359741
1700.949219	1227.321777
1704.294922	1238.89209
1707.638672	1257.122559
1710.980469	1214.001831
1714.320313	1177.503174
1717.660156	1202.389648
1720.998047	1165.856689
1724.335938	1174.466187
1727.669922	1157.153687
1731.003906	1170.212646
1734.337891	1164.005249
1737.669922	1160.759277
1741	1163.446533
1744.328125	1133.474854
1747.65625	1157.687622
1750.982422	1166.31897
1754.306641	1156.377563
1757.630859	1127.841309
1760.953125	1191.508667
1764.273438	1142.129395
1767.59375	1144.81543
1770.912109	1119.206787
1774.228516	1138.274048
1777.544922	1176.7323
1780.859375	1172.725464
1784.171875	1128.440308
1787.484375	1139.333008
1790.792969	1146.501831
1794.103516	1163.383545
1797.410156	1135.45752
1800.716797	1139.643433
1804.023438	1123.646973
1807.326172	1131.570435
1810.628906	1172.42041
1813.929688	1095.041016
1817.230469	1142.647339
1820.529297	1143.8479
1823.826172	1114.324707
1827.123047	1158.245972
1830.417969	1172.202881
1833.710938	1135.902588
1837.001953	1148.359985
1840.292969	1160.07605
1843.583984	1176.307983
1846.871094	1116.655884
1850.158203	1163.70459
1853.443359	1145.362305
1856.728516	1166.126953
1860.011719	1153.039063
1863.292969	1179.09314
1866.574219	1184.076904
1869.853516	1150.634644
1873.130859	1126.965332
1876.408203	1155.311401
1879.683594	1181.41626
1882.957031	1176.598022
1886.230469	1153.65564
1889.501953	1135.981934
1892.771484	1122.827759
1896.041016	1132.339966
1899.308594	1156.983276
1902.574219	1129.447632
1905.839844	1200.272949
1909.103516	1192.416382
1912.365234	1195.914185
1915.626953	1181.22998
1918.886719	1166.533936
1922.146484	1147.276489
1925.402344	1171.242432
1928.658203	1146.658936
1931.914063	1136.480103
1935.167969	1177.177612
1938.419922	1182.957275
1941.669922	1184.180908
1944.919922	1144.345581
1948.167969	1199.561401
1951.416016	1180.246216
1954.662109	1181.469482
1957.90625	1168.223999
1961.150391	1178.585205
1964.392578	1197.337891
1967.632813	1197.806274
1970.873047	1178.443237
1974.111328	1159.827881
1977.347656	1210.661865
1980.583984	1153.098145
1983.818359	1152.020874
1987.050781	1192.975464
1990.283203	1230.139038
1993.513672	1192.377563
1996.744141	1176.775146
1999.970703	1187.185059
2003.199219	1171.567871
2006.423828	1176.621094
2009.648438	1151.02478
2012.871094	1215.103516
2016.09375	1151.155518
2019.314453	1212.982056
2022.533203	1191.963989
2025.751953	1172.464966
2028.96875	1193.660767
2032.183594	1171.841309
2035.398438	1153.848267
2038.611328	1175.829834
2041.824219	1153.977051
2045.035156	1172.896851
2048.244141	1154.875
2051.451172	1173.809204
2054.658203	1148.838501
2057.865234	1166.24292
2061.068359	1166.696045
2064.271484	1218.833984
2067.474609	1193.84082
2070.673828	1141.0354
2073.875	1154.607666
2077.072266	1216.092163
2080.269531	1155.503906
2083.464844	1172.189697
2086.660156	1196.623169
2089.853516	1178.515625
2093.044922	1175.876099
2096.236328	1184.850342
2099.425781	1173.688721
2102.613281	1183.443604
2105.800781	1182.351318
2108.986328	1199.096924
2112.169922	1195.681641
2115.353516	1217.102173
2118.535156	1183.406494
2121.716797	1176.872925
2124.896484	1178.882324
2128.074219	1163.012451
2131.251953	1168.906128
2134.427734	1230.821167
2137.603516	1198.607422
2140.777344	1201.406372
2143.949219	1177.723877
2147.119141	1236.620117
2150.289063	1180.972046
2153.458984	1215.73999
2156.625	1231.811523
2159.791016	1194.046021
2162.957031	1187.480103
2166.121094	1191.84314
2169.283203	1198.553223
2172.445313	1200.578369
2175.603516	1197.131348
2178.763672	1198.374756
2181.921875	1186.315918
2185.078125	1211.040405
2188.232422	1227.169312
2191.386719	1239.393188
2194.539063	1184.224854
2197.691406	1203.497314
2200.841797	1239.255493
2203.990234	1208.346436
2207.138672	1219.800171
2210.285156	1217.913208
2213.429688	1244.304199
2216.574219	1200.77478
2219.71875	1210.6698
2222.859375	1233.941772
2226	1258.018066
2229.140625	1233.315186
2232.279297	1248.748169
2235.416016	1244.501343
2238.550781	1245.766602
2241.685547	1235.208618
2244.820313	1255.396362
2247.951172	1234.578003
2251.082031	1231.894409
2254.212891	1248.945313
2257.341797	1251.792969
2260.46875	1266.493774
2263.595703	1232.201904
2266.720703	1250.068481
2269.84375	1247.382935
2272.966797	1234.408203
2276.087891	1270.501953
2279.208984	1227.433594
2282.328125	1234.240479
2285.445313	1271.959595
2288.5625	1253.418457
2291.677734	1284.035156
2294.792969	1221.053101
2297.90625	1235.012451
2301.017578	1221.985718
2304.128906	1273.28833
2307.238281	1293.639648
2310.345703	1277.439819
2313.453125	1229.418213
2316.558594	1256.935059
2319.664063	1286.859985
2322.767578	1312.826782
2325.871094	1342.795166
2328.972656	1368.80249
2332.072266	1354.179932
2335.169922	1329.18042
2338.267578	1301.768555
2341.365234	1252.790771
2344.460938	1258.855225
2347.554688	1285.686768
2350.648438	1308.543945
2353.740234	1277.074707
2356.830078	1275.161743
2359.919922	1270.847778
2363.007813	1290.532593
2366.095703	1247.802002
2369.181641	1318.736572
2372.265625	1302.416504
2375.349609	1286.884888
2378.431641	1273.746094
2381.513672	1288.663696
2384.59375	1295.57019
2387.673828	1308.099243
2390.75	1290.130371
2393.828125	1346.838013
2396.902344	1302.356567
2399.976563	1338.214233
2403.050781	1300.127319
2406.123047	1296.598022
2409.193359	1305.940063
2412.262695	1292.750122
2415.331055	1322.228638
2418.398438	1334.812256
2421.464844	1334.51123
2424.530273	1309.218506
2427.59375	1332.2948
2430.65625	1301.333984
2433.717773	1338.95166
2436.77832	1327.34668
2439.837891	1318.15564
2442.895508	1355.821411
2445.953125	1348.250244
2449.008789	1311.56311
2452.063477	1346.032349
2455.117188	1291.513306
2458.168945	1341.381348
2461.220703	1320.021851
2464.270508	1301.886353
2467.319336	1326.690186
2470.367188	1349.080322
2473.413086	1316.335449
2476.458984	1338.737793
2479.50293	1323.008667
2482.545898	1325.942627
2485.587891	1297.199829
2488.628906	1305.813721
2491.668945	1308.74353
2494.707031	1301.916992
2497.745117	1317.862915
2500.78125	1323.241211
2503.816406	1334.321899
2506.850586	1305.504272
2509.882813	1317.400757
2512.915039	1330.935913
2515.945313	1324.912964
2518.974609	1311.544434
2522.00293	1326.723633
2525.030273	1321.507568
2528.056641	1321.186768
2531.081055	1333.118286
2534.105469	1356.498779
2537.12793	1352.102295
2540.149414	1330.528931
2543.169922	1349.025269
2546.188477	1359.351318
2549.207031	1314.013062
2552.223633	1329.24707
2555.239258	1338.75708
2558.254883	1344.175659
2561.267578	1365.176636
2564.280273	1328.776733
2567.291992	1341.581665
2570.301758	1372.454468
2573.311523	1300.705933
2576.319336	1349.658081
2579.326172	1300.034424
2582.332031	1372.862427
2585.335938	1328.966431
2588.339844	1328.639771
2591.341797	1382.630249
2594.34375	1351.037354
2597.34375	1372.955078
2600.342773	1336.390869
2603.34082	1308.865479
2606.336914	1359.649658
2609.333008	1347.783691
2612.327148	1341.684692
2615.320313	1355.391602
2618.313477	1370.759888
2621.304688	1337.401489
2624.293945	1340.378296
2627.283203	1348.317139
2630.271484	1333.932983
2633.257813	1357.593262
2636.243164	1357.270386
2639.227539	1319.69104
2642.210938	1398.862305
2645.193359	1371.212036
2648.174805	1360.946533
2651.155273	1337.406738
2654.133789	1376.887451
2657.112305	1374.90918
2660.088867	1330.595825
2663.064453	1374.268799
2666.039063	1363.148926
2669.012695	1352.020508
2671.984375	1394.08667
2674.956055	1422.87793
2677.925781	1356.02002
2680.895508	1345.703369
2683.863281	1372.010254
2686.830078	1395.837646
2689.795898	1363.861572
2692.760742	1393.537231
2695.723633	1339.858154
2698.686523	1363.707642
2701.647461	1370.886963
2704.608398	1348.022461
2707.567383	1386.095581
2710.525391	1368.230957
2713.482422	1420.544434
2716.438477	1404.350708
2719.392578	1408.214111
2722.34668	1415.426147
2725.299805	1367.411255
2728.250977	1412.285156
2731.201172	1411.131104
2734.150391	1425.893677
2737.098633	1460.780762
2740.045898	1386.702148
2742.992188	1415.729004
2745.9375	1406.182373
2748.881836	1437.755127
2751.824219	1382.868896
2754.765625	1426.214844
2757.707031	1427.579834
2760.646484	1384.39624
2763.584961	1405.086182
2766.522461	1388.779297
2769.458984	1397.704712
2772.393555	1404.110962
2775.328125	1377.679688
2778.261719	1427.045654
2781.193359	1374.478271
2784.124023	1382.57019
2787.054688	1396.571167
2789.983398	1422.393188
2792.911133	1385.780762
2795.837891	1380.37915
2798.762695	1385.108276
2801.6875	1390.685425
2804.611328	1406.408569
2807.533203	1314.763672
2810.455078	1398.135376
2813.375	1402.878052
2816.293945	1421.166748
2819.211914	1396.284668
2822.129883	1451.007202
2825.045898	1426.964355
2827.959961	1431.724731
2830.874023	1470.407593
2833.787109	1474.338257
2836.698242	1575.861206
2839.609375	1671.515625
2842.518555	1745.159668
2845.427734	1885.12085
2848.334961	1940.199341
2851.241211	1994.467285
2854.146484	2043.671753
2857.050781	2035.058716
2859.954102	2056.227051
2862.856445	2146.373535
2865.757813	2211.033936
2868.657227	2261.256836
2871.556641	2310.663574
2874.454102	2471.80127
2877.351563	2525.584229
2880.24707	2562.340576
2883.141602	2549.616211
2886.036133	2560.790283
2888.928711	2583.930908
2891.820313	2546.417969
2894.710938	2508.022461
2897.599609	2549.124756
2900.488281	2593.678223
2903.375977	2581.784424
2906.262695	2633.229492
2909.147461	2710.402344
2912.032227	2772.210205
2914.915039	2791.213135
2917.797852	2897.673584
2920.678711	2901.297607
2923.558594	2961.546143
2926.4375	3076.764893
2929.31543	3060.708984
2932.192383	3105.619629
2935.068359	3136.81543
2937.943359	3121.621338
2940.817383	3129.629883
2943.69043	2991.426514
2946.561523	2878.934814
2949.432617	2749.146484
2952.301758	2682.980225
2955.170898	2548.718994
2958.038086	2553.94873
2960.905273	2568.663086
2963.770508	2519.578857
2966.634766	2427.329102
2969.499023	2409.221924
2972.361328	2352.256348
2975.222656	2305.611328
2978.083008	2295.213379
2980.942383	2225.180908
2983.800781	2214.745361
2986.657227	2084.963379
2989.513672	2016.508301
2992.369141	1960.118774
2995.223633	1893.299805
2998.076172	1852.41272
3000.928711	1792.436523
3003.779297	1768.815674
3006.629883	1739.975708
3009.478516	1654.742432
3012.327148	1624.104736
3015.173828	1548.314453
3018.019531	1580.126221
3020.865234	1558.112671
3023.708984	1519.575317
3026.551758	1485.355469
3029.393555	1485.888794
3032.234375	1454.241089
3035.074219	1473.034424
3037.913086	1468.340576
3040.750977	1475.832886
3043.587891	1478.975098
3046.423828	1449.008911
3049.258789	1474.805664
3052.091797	1491.029053
3054.924805	1485.457275
3057.756836	1495.587402
3060.586914	1520.563599
3063.416992	1473.082031
3066.246094	1516.411011
3069.073242	1505.593628
3071.900391	1504.383789
3074.725586	1483.934937
3077.550781	1475.717651
3080.374023	1455.243164
3083.196289	1441.756836
3086.018555	1422.130737
3088.838867	1446.290649
3091.658203	1477.478027
3094.477539	1435.050171
3097.294922	1411.007568
3100.111328	1408.878906
3102.926758	1419.034424
3105.741211	1410.761353
3108.554688	1470.981445
3111.367188	1473.262451
3114.178711	1404.360107
3116.990234	1395.189575
3119.799805	1394.806641
3122.607422	1400.581543
3125.415039	1398.439453
3128.22168	1405.979858
3131.027344	1393.269165
3133.832031	1371.739014
3136.635742	1372.22644
3139.438477	1357.725952
3142.240234	1438.465942
3145.041016	1431.918457
3147.839844	1421.835693
3150.638672	1439.998047
3153.436523	1417.545532
3156.233398	1395.07666
3159.02832	1383.197632
3161.823242	1358.047607
3164.617188	1331.994995
3167.410156	1362.549072
3170.201172	1377.192993
3172.992188	1396.273926
3175.782227	1382.59668
3178.570313	1371.567505
3181.358398	1396.870117
3184.144531	1396.477417
3186.930664	1387.214478
3189.71582	1375.282837
3192.499023	1405.946899
3195.282227	1412.658813
3198.063477	1372.299561
3200.844727	1375.852417
