399.333984	1008.052734
403.220703	1005.310974
407.103516	1010.836426
410.986328	960.99762
414.867188	961.41449
418.748047	952.276794
422.625	929.111328
426.501953	933.976746
430.375	955.428894
434.248047	925.215027
438.119141	928.169128
441.988281	949.645874
445.855469	911.083496
449.722656	943.437012
453.585938	931.055969
457.449219	932.738159
461.310547	928.021362
465.169922	901.530334
469.027344	944.838013
472.882813	915.126526
476.736328	930.2677
480.589844	939.648987
484.441406	929.787903
488.289063	918.634094
492.136719	956.279846
495.984375	943.842285
499.828125	951.320007
503.669922	953.016296
507.511719	956.000549
511.351563	939.034912
515.189453	922.054443
519.025391	955.304321
522.859375	957.649048
526.691406	945.811584
530.523438	942.993713
534.351563	949.207031
538.179688	956.070984
542.005859	964.878052
545.830078	937.510132
549.654297	929.510071
553.474609	941.549622
557.294922	929.66217
561.113281	917.764282
564.927734	905.208374
568.744141	908.188171
572.556641	915.706665
576.367188	914.154602
580.177734	892.493896
583.986328	881.196655
587.792969	892.610474
591.597656	891.0448
595.400391	912.867737
599.201172	892.458679
603.001953	898.043274
606.800781	852.237915
610.597656	883.192383
614.392578	910.266357
618.185547	919.775513
621.976563	941.022766
625.767578	929.038086
629.556641	878.561035
633.34375	929.832764
637.128906	898.243347
640.912109	926.70929
644.693359	955.852661
648.474609	917.043091
652.253906	907.626038
656.03125	932.218445
659.806641	941.77887
663.580078	970.989563
667.353516	960.268372
671.123047	944.295227
674.892578	942.731079
678.660156	958.873718
682.425781	984.871948
686.191406	972.163086
689.953125	938.42865
693.714844	961.822632
697.474609	979.97821
701.232422	969.874634
704.988281	987.390747
708.744141	1008.211914
712.498047	1006.665588
716.248047	973.501892
719.998047	1006.862854
723.748047	1032.341187
727.494141	1024.865845
731.240234	1050.372925
734.982422	1012.535339
738.724609	1006.361816
742.464844	1011.413391
746.205078	1038.278687
749.941406	1045.99231
753.677734	1047.758911
757.412109	1007.175049
761.144531	1036.069092
764.875	1021.937561
768.605469	1040.922974
772.332031	1048.655518
776.058594	1086.899048
779.783203	1121.857666
783.505859	1135.606689
787.228516	1103.55188
790.947266	1082.0979
794.666016	1083.220215
798.382813	1104.953003
802.097656	1130.694458
805.8125	1123.187744
809.523438	1082.390503
813.234375	1092.171143
816.943359	1085.970093
820.650391	1127.086548
824.357422	1141.565186
828.060547	1120.700439
831.763672	1073.790405
835.464844	1074.24353
839.164063	1118.111938
842.861328	1133.284058
846.558594	1121.729004
850.253906	1090.769409
853.947266	1114.645996
857.638672	1107.75293
861.328125	1142.369995
865.017578	1106.006592
868.705078	1056.208374
872.390625	1106.267334
876.074219	1106.73291
879.755859	1088.409668
883.4375	1092.223999
887.117188	1130.964111
890.794922	1101.876953
894.470703	1061.338379
898.146484	1066.491333
901.818359	1091.8302
905.490234	1085.558594
909.160156	1088.034302
912.830078	1042.688232
916.496094	1078.839966
920.162109	1088.730591
923.826172	1082.443115
927.488281	1067.378906
931.148438	1088.075928
934.808594	1052.067505
938.466797	1094.392578
942.123047	1038.081055
945.777344	1031.078613
949.429688	1060.595581
953.082031	1061.716309
956.732422	1058.775879
960.380859	1074.118408
964.027344	1052.209229
967.673828	1060.105225
971.318359	1091.741211
974.960938	1071.846069
978.601563	1064.150024
982.240234	1068.668457
985.878906	1084.737305
989.515625	1076.356567
993.150391	1095.160767
996.783203	1085.416626
1000.416016	1130.093628
1004.044922	1140.775024
1007.673828	1064.305054
1011.302734	1066.792603
1014.927734	1075.415405
1018.552734	1059.500854
1022.175781	1086.543213
1025.796875	1070.619385
1029.416016	1116.802368
1033.035156	1095.41394
1036.650391	1075.373657
1040.265625	1108.62915
1043.880859	1094.731079
1047.492188	1101.343262
1051.103516	1101.117065
1054.712891	1083.089844
1058.320313	1130.799561
1061.925781	1120.306396
1065.53125	1113.917114
1069.134766	1066.375854
1072.736328	1101.807739
1076.335938	1122.169189
1079.935547	1115.082275
1083.533203	1123.101196
1087.128906	1122.192871
1090.722656	1128.158325
1094.316406	1136.879517
1097.90625	1129.09436
1101.496094	1139.887573
1105.085938	1123.144531
1108.671875	1102.253784
1112.257813	1107.53479
1115.841797	1125.230591
1119.423828	1111.211426
1123.003906	1087.519775
1126.583984	1130.770752
1130.162109	1074.607788
1133.738281	1049.48877
1137.314453	1063.055542
1140.886719	1058.654785
1144.458984	1085.379639
1148.029297	1069.911133
1151.599609	1041.275024
1155.166016	1101.270874
1158.732422	1108.654907
1162.296875	1070.293701
1165.861328	1113.731445
1169.421875	1123.210205
1172.982422	1117.427246
1176.541016	1089.420288
1180.097656	1068.336182
1183.654297	1065.997192
1187.208984	1097.720581
1190.761719	1082.17688
1194.3125	1090.972168
1197.863281	1117.871948
1201.412109	1146.882568
1204.958984	1156.411133
1208.503906	1153.402588
1212.048828	1163.638306
1215.591797	1181.554443
1219.132813	1221.116333
1222.671875	1206.261108
1226.210938	1261.927246
1229.748047	1246.377197
1233.283203	1261.567139
1236.816406	1257.890259
1240.349609	1259.106567
1243.880859	1295.31311
1247.410156	1307.046265
1250.939453	1294.976318
1254.464844	1237.353638
1257.990234	1245.571777
1261.513672	1223.643433
1265.037109	1234.668091
1268.558594	1247.105103
1272.078125	1255.339478
1275.595703	1225.651733
1279.111328	1242.315308
1282.626953	1263.912964
1286.140625	1291.857178
1289.652344	1277.612061
1293.164063	1315.4375
1296.673828	1346.252563
1300.181641	1353.847412
1303.6875	1339.603027
1307.193359	1331.691284
1310.697266	1342.109619
1314.199219	1373.702393
1317.699219	1372.852295
1321.199219	1387.535767
1324.697266	1371.148804
1328.193359	1383.016113
1331.689453	1356.008301
1335.181641	1378.487549
1338.673828	1382.588135
1342.166016	1355.545898
1345.654297	1356.807129
1349.142578	1313.437744
1352.628906	1314.682007
1356.115234	1315.927124
1359.597656	1318.591431
1363.080078	1333.320557
1366.5625	1306.888428
1370.041016	1281.854736
1373.519531	1284.508179
1376.996094	1289.295654
1380.470703	1272.755615
1383.945313	1284.654785
1387.417969	1311.507324
1390.888672	1258.647949
1394.357422	1293.345093
1397.826172	1299.570923
1401.292969	1259.471069
1404.757813	1253.565308
1408.222656	1264.061646
1411.683594	1274.566162
1415.144531	1295.787842
1418.605469	1265.602417
1422.0625	1264.687134
1425.519531	1283.785278
1428.976563	1326.496704
1432.429688	1347.065552
1435.882813	1391.267944
1439.333984	1385.388428
1442.783203	1446.831543
1446.232422	1421.622314
1449.679688	1399.259766
1453.125	1420.623169
1456.570313	1439.851318
1460.011719	1416.032471
1463.453125	1435.27356
1466.894531	1422.925293
1470.332031	1401.22522
1473.769531	1378.069458
1477.207031	1392.290894
1480.640625	1415.156738
1484.074219	1341.595703
1487.505859	1321.977051
1490.935547	1328.994141
1494.365234	1263.234619
1497.792969	1268.79126
1501.21875	1220.262329
1504.644531	1233.741699
1508.066406	1244.344604
1511.490234	1250.623291
1514.910156	1194.061401
1518.330078	1219.835815
1521.748047	1251.414307
1525.164063	1207.078247
1528.580078	1211.182495
1531.992188	1226.870728
1535.40625	1224.468628
1538.816406	1245.244995
1542.226563	1239.948975
1545.634766	1286.847168
1549.041016	1288.815674
1552.447266	1347.379883
1555.851563	1319.613403
1559.253906	1349.190308
1562.65625	1324.307373
1566.056641	1363.356812
1569.455078	1362.450806
1572.851563	1403.000977
1576.248047	1402.109497
1579.642578	1387.386719
1583.035156	1387.215698
1586.427734	1316.380737
1589.818359	1308.892578
1593.207031	1321.812134
1596.595703	1325.989258
1599.982422	1316.30603
1603.367188	1354.791382
1606.751953	1359.716187
1610.132813	1317.890015
1613.513672	1366.653076
1616.894531	1367.931763
1620.273438	1374.331055
1623.650391	1341.95459
1627.025391	1373.968018
1630.400391	1326.918945
1633.773438	1369.940186
1637.144531	1353.63208
1640.513672	1369.57019
1643.882813	1384.787354
1647.251953	1453.580933
1650.617188	1422.597656
1653.982422	1463.55542
1657.345703	1489.852783
1660.707031	1479.42395
1664.068359	1449.135254
1667.427734	1479.870361
1670.787109	1473.838867
1674.142578	1457.496582
1677.498047	1441.877319
1680.853516	1382.043457
1684.205078	1417.970215
1687.556641	1398.629028
1690.90625	1334.279785
1694.255859	1343.666016
1697.603516	1299.911499
1700.949219	1292.306396
1704.294922	1257.360962
1707.638672	1285.945557
1710.980469	1287.936157
1714.320313	1244.070679
1717.660156	1231.986816
1720.998047	1274.669922
1724.335938	1249.999268
1727.669922	1240.865845
1731.003906	1269.521362
1734.337891	1272.991699
1737.669922	1262.37207
1741	1255.453735
1744.328125	1231.456909
1747.65625	1250.51062
1750.982422	1248.035645
1754.306641	1218.804199
1757.630859	1252.000488
1760.953125	1256.959839
1764.273438	1247.785767
1767.59375	1229.671753
1770.912109	1258.456055
1774.228516	1216.493164
1777.544922	1222.937134
1780.859375	1256.22522
1784.171875	1231.364746
1787.484375	1278.112183
1790.792969	1236.818726
1794.103516	1244.028809
1797.410156	1231.075073
1800.716797	1265.19104
1804.023438	1239.525513
1807.326172	1290.872803
1810.628906	1228.535034
1813.929688	1258.211792
1817.230469	1248.974854
1820.529297	1251.715698
1823.826172	1288.92981
1827.123047	1275.195068
1830.417969	1233.700317
1833.710938	1222.933472
1837.001953	1238.427368
1840.292969	1242.67041
1843.583984	1244.662964
1846.871094	1254.922852
1850.158203	1272.707886
1853.443359	1261.177002
1856.728516	1248.13208
1860.011719	1235.829102
1863.292969	1245.351196
1866.574219	1264.672485
1869.853516	1265.170532
1873.130859	1261.145752
1876.408203	1276.724609
1879.683594	1225.172363
1882.957031	1258.861816
1886.230469	1241.991821
1889.501953	1221.331665
1892.771484	1236.168335
1896.041016	1226.827637
1899.308594	1248.483276
1902.574219	1230.061523
1905.839844	1255.518799
1909.103516	1291.595215
1912.365234	1232.268799
1915.626953	1251.69458
1918.886719	1298.422729
1922.146484	1263.293091
1925.402344	1263.030151
1928.658203	1284.015137
1931.914063	1291.351196
1935.167969	1249.327148
1938.419922	1265.012207
1941.669922	1252.586792
1944.919922	1285.773071
1948.167969	1298.447266
1951.416016	1311.891968
1954.662109	1255.311401
1957.90625	1288.549561
1961.150391	1253.246704
1964.392578	1223.250977
1967.632813	1216.867432
1970.873047	1259.294312
1974.111328	1267.417114
1977.347656	1244.248901
1980.583984	1243.971558
1983.818359	1271.195435
1987.050781	1255.642944
1990.283203	1256.133301
1993.513672	1281.098389
1996.744141	1273.182007
1999.970703	1294.345581
2003.199219	1293.319092
2006.423828	1299.185791
2009.648438	1263.675049
2012.871094	1269.534058
2016.09375	1268.495117
2019.314453	1297.376709
2022.533203	1244.15564
2025.751953	1289.17395
2028.96875	1297.357178
2032.183594	1307.851807
2035.398438	1272.231079
2038.611328	1232.737183
2041.824219	1286.299805
2045.035156	1303.731689
2048.244141	1299.619263
2051.451172	1279.328735
2054.658203	1297.547974
2057.865234	1256.428223
2061.068359	1273.109741
2064.271484	1286.718384
2067.474609	1323.488647
2070.673828	1284.629883
2073.875	1326.833374
2077.072266	1311.123535
2080.269531	1298.492676
2083.464844	1265.748291
2086.660156	1352.099121
2089.853516	1272.146851
2093.044922	1291.21875
2096.236328	1268.486816
2099.425781	1304.615112
2102.613281	1280.320068
2105.800781	1311.053101
2108.986328	1316.214478
2112.169922	1305.085327
2115.353516	1230.297729
2118.535156	1270.375977
2121.716797	1302.716797
2124.896484	1285.347046
2128.074219	1267.963501
2131.251953	1304.228638
2134.427734	1295.396484
2137.603516	1306.793457
2140.777344	1261.359863
2143.949219	1280.541138
2147.119141	1271.684937
2150.289063	1300.238525
2153.458984	1253.171387
2156.625	1281.739258
2159.791016	1312.670288
2162.957031	1278.824707
2166.121094	1290.252197
2169.283203	1300.125488
2172.445313	1306.879639
2175.603516	1347.261475
2178.763672	1298.500122
2181.921875	1291.957397
2185.078125	1268.969971
2188.232422	1272.591064
2191.386719	1276.2146
2194.539063	1309.622559
2197.691406	1291.30957
2200.841797	1320.042358
2203.990234	1293.872192
2207.138672	1292.014771
2210.285156	1294.081909
2213.429688	1289.080322
2216.574219	1295.076538
2219.71875	1286.92627
2222.859375	1295.284912
2226	1308.370239
2229.140625	1291.557251
2232.279297	1307.012695
2235.416016	1315.390625
2238.550781	1284.376709
2241.685547	1322.705811
2244.820313	1297.978882
2247.951172	1330.031006
2251.082031	1292.660522
2254.212891	1302.629395
2257.341797	1316.554565
2260.46875	1330.48999
2263.595703	1303.33606
2266.720703	1306.206909
2269.84375	1286.932129
2272.966797	1287.424438
2276.087891	1306.915039
2279.208984	1285.241821
2282.328125	1291.278564
2285.445313	1305.244507
2288.5625	1284.337646
2291.677734	1302.276611
2294.792969	1278.178345
2297.90625	1338.988403
2301.017578	1260.892334
2304.128906	1269.31665
2307.238281	1330.192139
2310.345703	1274.260132
2313.453125	1324.845337
2316.558594	1330.123657
2319.664063	1325.855713
2322.767578	1309.642212
2325.871094	1360.316895
2328.972656	1400.672119
2332.072266	1421.131714
2335.169922	1347.519409
2338.267578	1329.686401
2341.365234	1301.466064
2344.460938	1289.987427
2347.554688	1302.456543
2350.648438	1303.750854
2353.740234	1288.263062
2356.830078	1270.36499
2359.919922	1285.243774
2363.007813	1295.33313
2366.095703	1291.022827
2369.181641	1300.320679
2372.265625	1285.595581
2375.349609	1322.943359
2378.431641	1321.040527
2381.513672	1323.14563
2384.59375	1296.372437
2387.673828	1304.08667
2390.75	1336.693848
2393.828125	1273.753784
2396.902344	1295.929077
2399.976563	1317.317139
2403.050781	1333.092896
2406.123047	1302.228394
2409.193359	1297.893555
2412.262695	1313.678833
2415.331055	1277.134277
2418.398438	1305.00647
2421.464844	1312.75293
2424.530273	1299.544556
2427.59375	1296.809937
2430.65625	1263.415405
2433.717773	1301.018677
2436.77832	1375.789917
2439.837891	1348.848022
2442.895508	1342.085449
2445.953125	1297.327026
2449.008789	1312.371704
2452.063477	1367.064087
2455.117188	1355.44165
2458.168945	1333.286133
2461.220703	1346.746216
2464.270508	1359.405884
2467.319336	1330.742432
2470.367188	1303.678589
2473.413086	1296.059204
2476.458984	1320.887939
2479.50293	1299.470459
2482.545898	1321.070801
2485.587891	1313.445313
2488.628906	1314.752075
2491.668945	1336.381592
2494.707031	1285.653198
2497.745117	1358.53772
2500.78125	1353.351807
2503.816406	1342.462891
2506.850586	1308.761963
2509.882813	1310.068359
2512.915039	1309.745239
2515.945313	1295.561035
2518.974609	1261.790527
2522.00293	1294.085938
2525.030273	1327.221313
2528.056641	1319.553589
2531.081055	1350.272339
2534.105469	1328.715088
2537.12793	1335.752808
2540.149414	1307.631104
2543.169922	1331.027344
2546.188477	1343.801758
2549.207031	1334.480591
2552.223633	1321.057007
2555.239258	1311.719727
2558.254883	1354.011108
2561.267578	1291.383301
2564.280273	1326.31604
2567.291992	1325.991455
2570.301758	1345.366577
2573.311523	1338.479004
2576.319336	1352.94397
2579.326172	1354.270996
2582.332031	1324.360107
2585.335938	1334.723145
2588.339844	1315.476807
2591.341797	1353.825439
2594.34375	1332.924683
2597.34375	1310.36084
2600.342773	1319.912476
2603.34082	1329.471069
2606.336914	1349.755249
2609.333008	1325.513062
2612.327148	1368.089233
2615.320313	1359.518799
2618.313477	1370.759888
2621.304688	1343.18396
2624.293945	1349.468384
2627.283203	1279.702637
2630.271484	1339.721802
2633.257813	1356.765991
2636.243164	1341.546021
2639.227539	1371.021484
2642.210938	1340.058716
2645.193359	1353.812988
2648.174805	1384.153931
2651.155273	1361.451904
2654.133789	1348.686157
2657.112305	1314.336792
2660.088867	1360.478149
2663.064453	1357.661377
2666.039063	1349.858032
2669.012695	1332.076782
2671.984375	1350.859131
2674.956055	1354.686157
2677.925781	1412.59021
2680.895508	1364.012329
2683.863281	1377.005371
2686.830078	1372.518188
2689.795898	1401.353149
2692.760742	1342.696411
2695.723633	1369.039795
2698.686523	1375.384644
2701.647461	1366.715088
2704.608398	1366.38562
2707.567383	1361.880615
2710.525391	1378.254639
2713.482422	1378.763794
2716.438477	1417.725464
2719.392578	1423.266235
2722.34668	1418.772339
2725.299805	1417.622192
2728.250977	1439.911377
2731.201172	1401.081543
2734.150391	1392.382568
2737.098633	1385.353149
2740.045898	1374.9646
2742.992188	1435.857788
2745.9375	1416.250488
2748.881836	1434.397827
2751.824219	1430.727783
2754.765625	1420.335205
2757.707031	1424.218872
2760.646484	1389.439575
2763.584961	1406.767944
2766.522461	1429.996948
2769.458984	1417.900391
2772.393555	1363.704956
2775.328125	1365.048096
2778.261719	1427.045654
2781.193359	1353.410278
2784.124023	1372.453857
2787.054688	1418.498047
2789.983398	1386.116211
2792.911133	1394.220337
2795.837891	1404.018677
2798.762695	1419.735962
2801.6875	1383.92627
2804.611328	1423.312622
2807.533203	1407.769409
2810.455078	1426.893066
2813.375	1398.647339
2816.293945	1439.788452
2819.211914	1399.671631
2822.129883	1426.442505
2825.045898	1452.385376
2827.959961	1447.830566
2830.874023	1447.511963
2833.787109	1496.394043
2836.698242	1542.765625
2839.609375	1572.192383
2842.518555	1618.624878
2845.427734	1765.336304
2848.334961	1894.307617
2851.241211	1926.454834
2854.146484	1958.625
2857.050781	1951.682617
2859.954102	1980.480225
2862.856445	2021.218018
2865.757813	2067.947021
2868.657227	2188.835205
2871.556641	2251.852783
2874.454102	2314.915771
2877.351563	2365.229736
2880.24707	2389.982178
2883.141602	2427.55542
2886.036133	2391.721924
2888.928711	2460.072998
2891.820313	2369.535889
2894.710938	2425.105469
2897.599609	2451.640625
2900.488281	2467.929443
2903.375977	2483.373779
2906.262695	2532.214844
2909.147461	2615.345459
2912.032227	2634.285156
2914.915039	2708.085205
2917.797852	2777.651611
2920.678711	2855.844238
2923.558594	2886.906982
2926.4375	2970.343994
2929.31543	3014.347656
2932.192383	3009.427979
2935.068359	2990.757324
2937.943359	3060.598389
2940.817383	2988.624512
2943.69043	2868.432373
2946.561523	2752.454346
2949.432617	2668.238525
2952.301758	2558.130371
2955.170898	2487.563721
2958.038086	2479.846191
2960.905273	2449.71167
2963.770508	2448.009766
2966.634766	2421.291016
2969.499023	2351.407471
2972.361328	2250.396973
2975.222656	2214.941162
2978.083008	2257.204346
2980.942383	2176.788818
2983.800781	2107.55249
2986.657227	2049.507813
2989.513672	1936.055542
2992.369141	1929.829956
2995.223633	1868.194214
2998.076172	1813.441895
3000.928711	1745.654663
3003.779297	1723.750366
3006.629883	1692.293335
3009.478516	1627.857178
3012.327148	1596.342285
3015.173828	1581.294189
3018.019531	1530.638672
3020.865234	1505.133301
3023.708984	1510.018188
3026.551758	1504.476563
3029.393555	1481.541626
3032.234375	1463.808472
3035.074219	1439.101563
3037.913086	1486.618652
3040.750977	1510.660767
3043.587891	1494.653198
3046.423828	1515.22937
3049.258789	1512.285889
3052.091797	1514.571655
3054.924805	1517.730835
3057.756836	1499.077759
3060.586914	1517.944946
3063.416992	1511.502563
3066.246094	1535.628174
3069.073242	1551.032349
3071.900391	1505.257935
3074.725586	1435.840332
3077.550781	1482.715698
3080.374023	1475.369873
3083.196289	1468.893799
3086.018555	1445.774536
3088.838867	1426.142456
3091.658203	1424.898804
3094.477539	1421.024048
3097.294922	1477.655518
3100.111328	1409.756104
3102.926758	1407.625977
3105.741211	1415.150757
3108.554688	1456.930298
3111.367188	1427.579956
3114.178711	1411.390625
3116.990234	1416.288818
3119.799805	1442.296875
3122.607422	1450.727905
3125.415039	1438.922974
3128.22168	1419.185669
3131.027344	1398.553467
3133.832031	1406.098633
3136.635742	1389.853027
3139.438477	1427.37561
3142.240234	1397.014038
3145.041016	1418.684448
3147.839844	1429.778931
3150.638672	1409.979736
3153.436523	1403.414185
3156.233398	1393.30957
3159.02832	1425.621582
3161.823242	1410.212158
3164.617188	1436.361206
3167.410156	1409.442017
3170.201172	1457.735718
3172.992188	1382.99292
3175.782227	1426.882202
3178.570313	1385.743896
3181.358398	1414.596924
3184.144531	1415.097168
3186.930664	1427.12793
3189.71582	1376.170166
3192.499023	1397.070923
3195.282227	1424.20166
3198.063477	1406.05188
3200.844727	1451.351074
