399.363281	1958.272705
403.25	1935.595459
407.134766	1938.980103
411.017578	1925.183594
414.898438	1898.003784
418.777344	1914.114258
422.654297	1946.169556
426.53125	1919.599243
430.404297	1891.092041
434.277344	1920.624878
438.148438	1944.4375
442.017578	1940.17041
445.884766	1911.620361
449.751953	1860.03418
453.615234	1896.009399
457.478516	1916.021729
461.339844	1939.250854
465.199219	1858.771973
469.056641	1952.458008
472.912109	1921.259277
476.765625	1902.855469
480.619141	1910.732666
484.470703	1915.407715
488.320313	1922.654053
492.167969	1909.354614
496.013672	1917.888428
499.857422	1963.067871
503.699219	1961.985229
507.541016	1976.984497
511.380859	1898.671631
515.21875	1942.630737
519.054688	1947.976685
522.888672	1975.238037
526.720703	1985.114746
530.552734	1937.593872
534.380859	1962.948364
538.208984	1960.565063
542.035156	1963.991699
545.859375	1949.975586
549.683594	1974.083984
553.503906	1991.099243
557.324219	1929.200806
561.140625	1956.565796
564.957031	1944.455933
568.773438	1942.052002
572.585938	1925.387939
576.396484	1954.092773
580.207031	1921.203125
584.015625	1925.271606
587.820313	1923.500488
591.626953	1920.428467
595.429688	1948.540161
599.230469	1953.275146
603.03125	1963.215942
606.828125	1934.130737
610.625	1933.657227
614.419922	1970.296753
618.214844	1963.32312
622.005859	1979.803467
625.796875	1970.218994
629.583984	1948.233276
633.371094	1981.692017
637.15625	1968.17749
640.941406	1989.263916
644.722656	1997.300659
648.503906	2000.768188
652.283203	2031.048584
656.060547	1967.804932
659.835938	1998.750366
663.609375	2031.03125
667.382813	2067.924072
671.152344	2072.737793
674.921875	2032.319702
678.689453	2029.906616
682.455078	2104.26001
686.220703	2080.868896
689.982422	2087.008789
693.744141	2030.082886
697.503906	2038.834351
701.261719	2056.79834
705.017578	2080.697266
708.773438	2066.446045
712.525391	2108.144775
716.277344	2155.147705
720.027344	2158.040771
723.775391	2123.359863
727.523438	2117.007568
731.267578	2140.339355
735.011719	2147.188965
738.753906	2151.402344
742.494141	2164.206787
746.232422	2143.976318
749.970703	2203.731445
753.707031	2196.72876
757.439453	2249.276367
761.171875	2163.504395
764.904297	2186.939941
768.632813	2199.793213
772.361328	2253.754883
776.087891	2255.372559
779.8125	2262.961914
783.535156	2263.256104
787.255859	2270.189941
790.976563	2232.622803
794.695313	2234.231689
798.412109	2183.984375
802.126953	2266.052002
805.839844	2320.241699
809.552734	2262.642578
813.263672	2244.95166
816.972656	2204.593018
820.679688	2261.511963
824.384766	2287.138428
828.089844	2318.789795
831.791016	2312.427246
835.492188	2297.379395
839.193359	2254.265137
842.890625	2332.060059
846.587891	2291.59668
850.28125	2275.174316
853.974609	2328.988525
857.666016	2344.025879
861.357422	2282.068848
865.044922	2285.709473
868.732422	2292.703369
872.417969	2298.361572
876.101563	2306.036133
879.785156	2347.939209
883.464844	2290.522217
887.144531	2357.973389
890.822266	2325.37085
894.5	2339.119141
898.173828	2347.498779
901.847656	2338.394043
905.519531	2292.265625
909.189453	2343.051514
912.857422	2329.889893
916.523438	2285.045654
920.189453	2277.914551
923.853516	2332.149414
927.515625	2356.742188
931.177734	2379.329834
934.835938	2355.342041
938.494141	2319.173828
942.150391	2374.212402
945.804688	2375.206787
949.458984	2351.174561
953.109375	2345.39209
956.759766	2340.281006
960.408203	2389.345215
964.056641	2338.852295
967.701172	2352.03125
971.345703	2372.001465
974.988281	2368.922852
978.628906	2377.378418
982.267578	2347.139893
985.90625	2341.328125
989.542969	2411.617188
993.177734	2421.46167
996.810547	2438.794678
1000.443359	2528.941162
1004.074219	2555.180664
1007.703125	2430.953857
1011.330078	2444.229736
1014.955078	2369.601563
1018.580078	2353.544434
1022.203125	2376.351807
1025.824219	2388.942139
1029.443359	2440.452881
1033.0625	2444.201172
1036.679688	2417.207031
1040.294922	2474.943604
1043.908203	2452.725098
1047.519531	2451.009277
1051.130859	2419.180176
1054.740234	2442.779053
1058.347656	2451.328857
1061.953125	2479.071045
1065.558594	2467.076904
1069.162109	2544.2229
1072.763672	2510.976807
1076.363281	2564.181885
1079.962891	2553.57373
1083.560547	2519.601074
1087.15625	2515.836426
1090.75	2602.128174
1094.34375	2567.443604
1097.933594	2603.599121
1101.523438	2538.5979
1105.113281	2585.099609
1108.699219	2595.815674
1112.285156	2527.971436
1115.869141	2543.497803
1119.451172	2563.864502
1123.03125	2615.300049
1126.611328	2632.950684
1130.189453	2603.652832
1133.765625	2557.748291
1137.341797	2527.01123
1140.914063	2549.492188
1144.486328	2511.807129
1148.056641	2564.749512
1151.626953	2569.270996
1155.193359	2595.959717
1158.759766	2638.606689
1162.324219	2611.968506
1165.888672	2602.644531
1169.449219	2633.551025
1173.009766	2712.37207
1176.568359	2625.30957
1180.125	2653.483154
1183.681641	2642.068848
1187.236328	2710.592773
1190.789063	2601.127441
1194.339844	2657.165527
1197.890625	2658.260254
1201.439453	2709.492432
1204.986328	2751.709473
1208.53125	2699.179443
1212.076172	2740.72876
1215.619141	2853.455811
1219.160156	2874.167725
1222.699219	2835.560059
1226.238281	2909.355225
1229.775391	2911.25
1233.310547	2955.081543
1236.84375	2877.983398
1240.376953	2973.599121
1243.908203	2937.031738
1247.4375	2985.843262
1250.964844	2963.256592
1254.492188	2970.078125
1258.017578	2963.58667
1261.541016	2964.101318
1265.064453	2990.571777
1268.583984	3012.150635
1272.103516	2990.918701
1275.623047	3038.501709
1279.138672	3013.748047
1282.654297	3011.468018
1286.167969	3019.734131
1289.679688	3127.907715
1293.191406	3108.777588
1296.701172	3139.622803
1300.208984	3160.630615
1303.714844	3149.239502
1307.220703	3233.7146
1310.722656	3213.173828
1314.226563	3234.948486
1317.726563	3256.740234
1321.226563	3296.202148
1324.724609	3237.503418
1328.220703	3272.747803
1331.714844	3238.734619
1335.208984	3389.293457
1338.701172	3338.31665
1342.191406	3280.926758
1345.681641	3229.862549
1349.169922	3256.683594
1352.65625	3160.916504
1356.140625	3179.221436
1359.625	3225.203613
1363.107422	3252.063477
1366.587891	3207.956055
1370.068359	3150.318604
1373.544922	3195.650146
1377.021484	3194.818848
1380.498047	3125.726563
1383.970703	3181.770996
1387.443359	3206.549072
1390.914063	3214.972412
1394.384766	3191.353027
1397.851563	3136.364258
1401.318359	3186.10791
1404.785156	3178.133057
1408.248047	3166.583984
1411.710938	3194.98877
1415.171875	3167.015137
1418.630859	3251.865479
1422.089844	3172.445313
1425.546875	3148.7146
1429.001953	3239.37915
1432.457031	3231.393311
1435.908203	3323.594482
1439.361328	3416.585693
1442.810547	3382.874268
1446.257813	3443.002197
1449.705078	3458.01709
1453.152344	3487.385986
1456.595703	3435.709473
1460.039063	3507.436035
1463.480469	3429.158203
1466.919922	3368.055176
1470.359375	3374.447998
1473.796875	3357.841553
1477.232422	3304.543457
1480.666016	3317.390869
1484.099609	3307.216064
1487.53125	3282.631592
1490.962891	3262.348389
1494.390625	3231.23877
1497.818359	3204.428467
1501.246094	3248.273193
1504.669922	3255.356445
1508.09375	3236.460693
1511.515625	3228.379639
1514.935547	3215.957275
1518.355469	3247.605957
1521.773438	3237.348389
1525.189453	3297.958984
1528.605469	3255.153076
1532.019531	3365.761719
1535.431641	3310.637207
1538.841797	3361.22998
1542.251953	3406.790039
1545.660156	3430.63623
1549.068359	3437.819336
1552.472656	3543.685059
1555.876953	3506.640137
1559.28125	3526.20459
1562.681641	3528.349121
1566.082031	3591.540527
1569.480469	3655.508789
1572.878906	3611.883789
1576.273438	3650.443359
1579.667969	3615.514404
1583.0625	3596.576904
1586.453125	3622.789795
1589.84375	3548.450439
1593.234375	3595.077393
1596.621094	3635.176514
1600.007813	3516.240479
1603.392578	3588.456299
1606.777344	3555.573486
1610.160156	3591.334229
1613.541016	3525.537109
1616.919922	3557.656982
1620.298828	3501.300049
1623.675781	3441.23877
1627.050781	3474.824707
1630.425781	3471.089844
1633.798828	3521.562744
1637.169922	3509.779785
1640.541016	3491.388184
1643.910156	3560.997314
1647.277344	3582.23291
1650.642578	3589.537598
1654.007813	3543.973877
1657.371094	3586.530029
1660.734375	3526.963135
1664.09375	3625.422363
1667.453125	3584.945068
1670.8125	3617.280762
1674.167969	3602.530029
1677.523438	3547.264648
1680.878906	3508.897949
1684.230469	3438.809326
1687.582031	3474.095947
1690.933594	3384.020996
1694.28125	3439.234619
1697.628906	3338.738037
1700.974609	3380.683594
1704.320313	3338.443604
1707.664063	3299.864258
1711.005859	3345.538818
1714.345703	3297.314697
1717.685547	3281.608643
1721.023438	3319.185303
1724.361328	3253.858643
1727.695313	3231.446533
1731.03125	3308.324951
1734.363281	3296.294678
1737.695313	3231.593262
1741.025391	3321.916748
1744.353516	3320.267334
1747.681641	3338.665527
1751.007813	3328.8479
1754.332031	3300.442383
1757.65625	3300.265381
1760.978516	3324.631592
1764.298828	3272.378174
1767.619141	3355.555176
1770.9375	3298.802979
1774.253906	3338.102783
1777.570313	3323.030518
1780.884766	3345.222412
1784.197266	3409.943359
1787.509766	3348.619141
1790.818359	3331.284668
1794.128906	3331.110107
1797.435547	3404.888916
1800.742188	3332.252686
1804.048828	3323.104492
1807.351563	3295.250732
1810.654297	3382.596436
1813.955078	3404.891357
1817.255859	3368.797852
1820.554688	3367.132813
1823.851563	3352.726074
1827.148438	3366.794922
1830.443359	3446.121582
1833.736328	3350.69751
1837.027344	3367.781982
1840.318359	3406.654053
1843.609375	3400.486572
1846.896484	3409.342529
1850.183594	3366.33374
1853.46875	3387.966309
1856.753906	3372.750244
1860.037109	3390.637451
1863.318359	3388.96167
1866.599609	3382.76416
1869.878906	3356.216064
1873.15625	3384.675049
1876.433594	3373.941406
1879.708984	3434.114014
1882.982422	3385.654053
1886.255859	3448.896973
1889.527344	3362.637451
1892.796875	3406.273438
1896.066406	3460.525879
1899.333984	3420.294922
1902.599609	3391.378906
1905.865234	3430.550781
1909.128906	3413.728027
1912.390625	3433.24585
1915.652344	3456.566406
1918.912109	3432.151611
1922.169922	3372.835938
1925.427734	3417.397949
1928.683594	3414.185059
1931.939453	3408.691406
1935.191406	3384.205566
1938.445313	3396.928711
1941.695313	3426.38208
1944.945313	3415.558594
1948.193359	3423.742432
1951.441406	3441.063232
1954.6875	3443.933105
1957.931641	3467.366211
1961.173828	3496.911621
1964.416016	3463.98291
1967.658203	3498.123047
1970.896484	3457.539795
1974.134766	3487.124268
1977.373047	3438.106689
1980.607422	3411.958984
1983.84375	3515.660156
1987.076172	3426.088867
1990.308594	3435.83667
1993.539063	3489.951904
1996.767578	3482.132568
1999.996094	3419.960449
2003.222656	3426.654785
2006.449219	3474.719238
2009.673828	3497.531738
2012.896484	3453.664307
2016.119141	3463.446533
2019.339844	3483.209717
2022.558594	3498.382324
2025.777344	3488.995605
2028.994141	3545.65918
2032.208984	3485.565918
2035.423828	3522.283936
2038.636719	3592.097656
2041.847656	3507.331299
2045.058594	3479.450195
2048.267578	3485.422852
2051.476563	3530.68042
2054.683594	3455.771729
2057.888672	3499.509766
2061.09375	3486.218262
2064.296875	3475.229736
2067.498047	3488.927002
2070.699219	3520.390137
2073.898438	3516.350586
2077.097656	3539.348633
2080.292969	3522.944824
2083.490234	3581.529297
2086.683594	3595.294678
2089.876953	3524.723877
2093.068359	3559.377197
2096.259766	3498.803711
2099.449219	3551.290527
2102.636719	3525.540771
2105.824219	3573.425049
2109.009766	3511.983887
2112.195313	3525.758057
2115.378906	3528.675049
2118.560547	3508.298096
2121.742188	3632.39209
2124.921875	3518.006592
2128.099609	3589.334473
2131.277344	3562.724365
2134.453125	3571.881348
2137.626953	3574.818359
2140.800781	3550.504883
2143.972656	3607.958496
2147.144531	3545.455566
2150.314453	3559.296631
2153.482422	3557.551025
2156.650391	3533.179688
2159.816406	3636.77832
2162.980469	3579.626709
2166.144531	3523.991943
2169.306641	3544.883789
2172.46875	3615.033447
2175.628906	3570.29248
2178.787109	3556.805664
2181.945313	3541.742188
2185.101563	3540.757568
2188.255859	3585.193115
2191.410156	3577.955322
2194.564453	3580.899658
2197.714844	3611.286621
2200.865234	3627.578125
2204.013672	3565.416992
2207.162109	3627.228271
2210.308594	3548.527344
2213.455078	3547.534424
2216.599609	3492.315918
2219.742188	3558.907959
2222.884766	3578.363037
2226.025391	3587.604248
2229.164063	3633.056396
2232.302734	3592.720459
2235.439453	3582.283936
2238.576172	3489.102295
2241.710938	3602.374023
2244.84375	3623.469238
2247.976563	3584.625488
2251.107422	3600.993408
2254.236328	3575.531006
2257.365234	3602.962891
2260.492188	3611.453369
2263.619141	3583.591797
2266.744141	3606.312012
2269.867188	3636.16748
2272.990234	3620.150146
2276.111328	3616.785156
2279.232422	3550.857178
2282.351563	3618.759277
2285.46875	3620.142334
2288.585938	3642.138428
2291.701172	3616.564209
2294.816406	3581.44873
2297.929688	3515.35083
2301.041016	3623.88501
2304.152344	3604.615723
2307.261719	3622.678223
2310.369141	3636.779053
2313.476563	3624.647217
2316.583984	3653.873047
2319.6875	3640.14502
2322.791016	3719.553955
2325.894531	3745.660889
2328.996094	3767.803223
2332.095703	3781.193848
2335.195313	3693.330322
2338.292969	3681.973877
2341.388672	3617.942627
2344.484375	3612.933105
2347.578125	3611.911865
2350.671875	3644.441406
2353.763672	3649.023926
2356.853516	3582.455566
2359.943359	3646.999756
2363.03125	3664.387207
2366.119141	3672.182129
2369.205078	3599.913086
2372.289063	3622.906982
2375.373047	3630.692627
2378.457031	3646.499512
2381.537109	3657.505859
2384.617188	3654.080078
2387.697266	3593.671875
2390.773438	3662.471436
2393.851563	3688.756836
2396.925781	3651.590088
2400	3668.244629
2403.074219	3704.207764
2406.146484	3674.241211
2409.216797	3653.906738
2412.286133	3590.893555
2415.355469	3679.220459
2418.421875	3741.835205
2421.488281	3661.85791
2424.553711	3660.824219
2427.617188	3706.564453
2430.679688	3678.921387
2433.741211	3715.823486
2436.801758	3774.552002
2439.861328	3789.708496
2442.918945	3770.131592
2445.976563	3668.091797
2449.032227	3691.308838
2452.086914	3735.574219
2455.140625	3669.818115
2458.192383	3681.726074
2461.243164	3692.83252
2464.293945	3725.819824
2467.342773	3723.171875
2470.390625	3662.958008
2473.436523	3699.213379
2476.482422	3731.438232
2479.526367	3672.780029
2482.569336	3718.821045
2485.611328	3704.787354
2488.652344	3728.121094
2491.692383	3729.523438
2494.730469	3750.442627
2497.768555	3694.094482
2500.804688	3667.813721
2503.839844	3630.114746
2506.873047	3683.601318
2509.90625	3733.053711
2512.938477	3721.415039
2515.96875	3745.641602
2518.998047	3713.606445
2522.026367	3751.717529
2525.053711	3799.651367
2528.079102	3754.532715
2531.104492	3728.16748
2534.12793	3739.371094
2537.150391	3727.693115
2540.171875	3814.139404
2543.192383	3712.489014
2546.211914	3727.792236
2549.230469	3761.936035
2552.24707	3780.543701
2555.262695	3763.933594
2558.277344	3812.880127
2561.291016	3835.624512
2564.303711	3805.890137
2567.31543	3857.366211
2570.325195	3800.527832
2573.333984	3866.819336
2576.341797	3768.867188
2579.348633	3798.215332
2582.354492	3760.174072
2585.359375	3815.855225
2588.363281	3812.343262
2591.365234	3792.368164
2594.366211	3827.53833
2597.366211	3758.959229
2600.365234	3878.181152
2603.363281	3795.555908
2606.360352	3858.810547
2609.355469	3857.773926
2612.350586	3843.533203
2615.34375	3806.168457
2618.335938	3877.775391
2621.327148	3815.611572
2624.317383	3829.427246
2627.306641	3841.598877
2630.293945	3822.353027
2633.280273	3871.757813
2636.266602	3935.267822
2639.250977	3863.046387
2642.234375	3886.015625
2645.216797	3850.175537
2648.197266	3853.263184
2651.177734	3891.176514
2654.157227	3921.651855
2657.134766	3869.173096
2660.111328	3894.680664
2663.086914	3885.330566
2666.061523	3910.861328
2669.035156	3863.282959
2672.007813	3894.641846
2674.978516	3951.802979
2677.949219	3879.226563
2680.917969	3891.482422
2683.885742	3889.593506
2686.852539	3941.003906
2689.818359	3908.303467
2692.783203	3913.083496
2695.74707	3953.718262
2698.708984	3965.189453
2701.670898	3967.48999
2704.630859	3896.338623
2707.589844	3920.323486
2710.547852	4000.291016
2713.504883	3927.398926
2716.460938	3961.450439
2719.416016	4033.156738
2722.369141	3925.05835
2725.322266	4040.318604
2728.273438	4028.414551
2731.223633	4039.112549
2734.173828	3979.444092
2737.12207	3924.759521
2740.069336	4052.803711
2743.014648	4026.619629
2745.959961	3972.728027
2748.904297	4028.74707
2751.84668	4068.013916
2754.788086	4050.192627
2757.729492	4032.357422
2760.668945	4012.826904
2763.607422	3989.076904
2766.544922	4030.92041
2769.481445	4039.134033
2772.416016	4017.04834
2775.350586	3955.366455
2778.28418	4012.418945
2781.21582	3976.8125
2784.146484	3990.918213
2787.077148	4051.417236
2790.005859	4022.532471
2792.933594	4028.228027
2795.860352	4052.500732
2798.785156	4034.561523
2801.709961	4008.15918
2804.633789	4020.615723
2807.555664	4013.633789
2810.477539	4019.333252
2813.397461	4058.034912
2816.316406	4020.584473
2819.234375	4050.845703
2822.151367	4030.304443
2825.067383	4088.552734
2827.982422	4110.39209
2830.896484	4036.424316
2833.80957	4156.661621
2836.720703	4178.547363
2839.631836	4225.066895
2842.541016	4333.612793
2845.450195	4396.362305
2848.357422	4572.186523
2851.263672	4712.431152
2854.168945	4708.197266
2857.073242	4737.140137
2859.976563	4865.680176
2862.878906	4900.658691
2865.779297	4933.106934
2868.679688	5037.146973
2871.579102	5224.790527
2874.476563	5313.663086
2877.374023	5371.892578
2880.269531	5344.837402
2883.164063	5415.922363
2886.057617	5446.070801
2888.950195	5452.323242
2891.841797	5528.647949
2894.732422	5504.158691
2897.62207	5578.845215
2900.510742	5532.112305
2903.398438	5565.784668
2906.28418	5739.874023
2909.169922	5814.749512
2912.053711	5863.121094
2914.9375	5928.666504
2917.819336	6169.147461
2920.700195	6240.851563
2923.581055	6328.907227
2926.459961	6349.224609
2929.337891	6395.311523
2932.214844	6472.349609
2935.09082	6603.569336
2937.96582	6504.541992
2940.838867	6408.020996
2943.711914	6289.065918
2946.583984	6102.050781
2949.454102	5917.480957
2952.324219	5768.939941
2955.193359	5682.307129
2958.060547	5675.744629
2960.926758	5645.041016
2963.792969	5563.438965
2966.657227	5458.486816
2969.520508	5422.490234
2972.382813	5479.693359
2975.244141	5391.000488
2978.104492	5267.688965
2980.963867	5178.853027
2983.822266	5080.443359
2986.679688	5032.117676
2989.536133	4946.558105
2992.390625	4841.896484
2995.245117	4842.774902
2998.098633	4674.778809
3000.950195	4588.962402
3003.801758	4479.683594
3006.651367	4447.483887
3009.500977	4400.51709
3012.348633	4330.090332
3015.195313	4252.668945
3018.041992	4214.260254
3020.886719	4271.359863
3023.730469	4247.698242
3026.573242	4190.991211
3029.415039	4217.710449
3032.255859	4153.12207
3035.095703	4131.990723
3037.93457	4210.067383
3040.772461	4143.662598
3043.609375	4128.599121
3046.445313	4217.211426
3049.280273	4148.120117
3052.114258	4210.643066
3054.946289	4221.746094
3057.77832	4312.260254
3060.609375	4267.541016
3063.438477	4247.238281
3066.267578	4192.853027
3069.094727	4236.296387
3071.921875	4184.48877
3074.74707	4128.270996
3077.572266	4096.505371
3080.395508	4180.226074
3083.21875	4149.330078
3086.040039	4057.112061
3088.860352	4115.500977
3091.679688	4132.743652
3094.499023	4086.003174
3097.316406	4110.26123
3100.132813	4118.745117
3102.948242	4084.23291
3105.762695	4127.827148
3108.576172	4104.708496
3111.388672	4078.058105
3114.201172	4057.539551
3117.011719	4002.719238
3119.821289	4040.201416
3122.629883	4100.583008
3125.436523	4050.117188
3128.243164	4101.739746
3131.048828	4068.850586
3133.853516	4024.483887
3136.657227	4103.470703
3139.459961	4042.331787
3142.261719	4087.86499
3145.0625	4069.02417
3147.861328	4047.52124
3150.660156	4046.308594
3153.458008	4133.415039
3156.254883	4040.343994
3159.049805	4046.195557
3161.844727	4016.684326
3164.638672	4013.685303
3167.430664	4003.60498
3170.222656	4006.792969
3173.013672	4046.283691
3175.802734	3993.687012
3178.591797	3961.430908
3181.379883	4034.625977
3184.166016	4003.246338
3186.952148	3995.791992
3189.737305	3994.542236
3192.520508	3954.236572
3195.303711	4108.353516
3198.084961	3973.90625
3200.866211	4014.764404
