399.363281	1437.719238
403.25	1456.147705
407.134766	1447.237427
411.017578	1451.683838
414.898438	1466.320923
418.777344	1425.553345
422.654297	1436.367432
426.53125	1439.540039
430.404297	1423.580933
434.277344	1401.864746
438.148438	1395.449951
442.017578	1427.347168
445.884766	1444.57666
449.751953	1448.397827
453.615234	1421.527466
457.478516	1432.378174
461.339844	1421.477295
465.199219	1446.422974
469.056641	1412.457275
472.912109	1411.14502
476.765625	1398.291016
480.619141	1450.848389
484.470703	1436.074463
488.320313	1398.819092
492.167969	1413.551758
496.013672	1434.079468
499.857422	1437.269165
503.699219	1437.24585
507.541016	1437.865356
511.380859	1435.266968
515.21875	1439.10498
519.054688	1455.829102
522.888672	1467.411743
526.720703	1404.860352
530.552734	1458.355469
534.380859	1451.239624
538.208984	1407.965942
542.035156	1436.988281
545.859375	1454.405273
549.683594	1455.67688
553.503906	1451.775879
557.324219	1428.462524
561.140625	1440.078979
564.957031	1422.567383
568.773438	1446.498291
572.585938	1431.565796
576.396484	1404.301636
580.207031	1449.658691
584.015625	1436.004761
587.820313	1412.601074
591.626953	1396.970459
595.429688	1450.847046
599.230469	1439.11853
603.03125	1449.48938
606.828125	1434.496582
610.625	1410.378784
614.419922	1403.82019
618.214844	1438.94519
622.005859	1418.05542
625.796875	1472.774536
629.583984	1438.183594
633.371094	1466.204102
637.15625	1451.163696
640.941406	1464.192261
644.722656	1492.911987
648.503906	1466.097046
652.283203	1458.22229
656.060547	1474.545288
659.835938	1435.251953
663.609375	1479.732544
667.382813	1473.813477
671.152344	1527.521973
674.921875	1487.526855
678.689453	1473.07605
682.455078	1517.665527
686.220703	1484.178101
689.982422	1478.899902
693.744141	1510.407959
697.503906	1494.619385
701.261719	1515.639404
705.017578	1520.231323
708.773438	1483.366089
712.525391	1539.959595
716.277344	1550.494385
720.027344	1557.743042
723.775391	1551.812744
727.523438	1574.23584
731.267578	1544.554443
735.011719	1577.553589
738.753906	1569.638916
742.494141	1609.281982
746.232422	1638.383911
749.970703	1606.019775
753.707031	1595.456055
757.439453	1645.763672
761.171875	1625.276489
764.904297	1602.122314
768.632813	1631.29248
772.361328	1625.354858
776.087891	1627.369629
779.8125	1680.469727
783.535156	1604.190674
787.255859	1667.948853
790.976563	1660.019043
794.695313	1687.303467
798.412109	1670.731323
802.126953	1694.716919
805.839844	1636.212891
809.552734	1684.833252
813.263672	1646.919434
816.972656	1686.25708
820.679688	1677.637939
824.384766	1656.341675
828.089844	1639.696655
831.791016	1695.112671
835.492188	1683.810181
839.193359	1686.52417
842.890625	1661.175171
846.587891	1698.6427
850.28125	1689.995728
853.974609	1692.715088
857.666016	1720.201782
861.357422	1655.973022
865.044922	1698.204346
868.732422	1678.813721
872.417969	1682.202148
876.101563	1727.179443
879.785156	1722.537842
883.464844	1687.682617
887.144531	1719.285645
890.822266	1684.398926
894.5	1663.597656
898.173828	1684.469971
901.847656	1686.522949
905.519531	1687.904297
909.189453	1691.97937
912.857422	1675.850342
916.523438	1681.944458
920.189453	1681.30188
923.853516	1689.425781
927.515625	1728.592407
931.177734	1675.993164
934.835938	1693.577393
938.494141	1732.793701
942.150391	1701.07959
945.804688	1695.707031
949.458984	1694.387939
953.109375	1702.540771
956.759766	1703.253418
960.408203	1747.987549
964.056641	1734.490601
967.701172	1737.927368
971.345703	1700.002319
974.988281	1745.48645
978.628906	1720.426514
982.267578	1750.340454
985.90625	1730.015381
989.542969	1704.236572
993.177734	1727.381836
996.810547	1739.664429
1000.443359	1799.582764
1004.074219	1790.123901
1007.703125	1760.228394
1011.330078	1696.927612
1014.955078	1740.570068
1018.580078	1692.88855
1022.203125	1716.784668
1025.824219	1731.147217
1029.443359	1777.605469
1033.0625	1792.004395
1036.679688	1753.807373
1040.294922	1754.537476
1043.908203	1743.643433
1047.519531	1766.943115
1051.130859	1766.309448
1054.740234	1774.574951
1058.347656	1760.244629
1061.953125	1755.494629
1065.558594	1791.869751
1069.162109	1837.875366
1072.763672	1801.591553
1076.363281	1816.06665
1079.962891	1798.281738
1083.560547	1823.75708
1087.15625	1777.097168
1090.75	1869.269897
1094.34375	1854.226685
1097.933594	1836.418091
1101.523438	1841.997925
1105.113281	1827.611694
1108.699219	1844.902954
1112.285156	1864.275635
1115.869141	1838.158081
1119.451172	1870.64856
1123.03125	1845.20105
1126.611328	1867.365356
1130.189453	1882.641235
1133.765625	1856.474731
1137.341797	1824.75647
1140.914063	1840.723633
1144.486328	1816.581055
1148.056641	1841.553833
1151.626953	1851.315186
1155.193359	1868.703125
1158.759766	1826.514526
1162.324219	1902.827393
1165.888672	1916.095703
1169.449219	1919.661621
1173.009766	1905.878662
1176.568359	1903.887573
1180.125	1896.337402
1183.681641	1929.085571
1187.236328	1906.939209
1190.789063	1904.247803
1194.339844	1902.94519
1197.890625	1887.023682
1201.439453	1913.565918
1204.986328	1965.208252
1208.53125	1993.894287
1212.076172	1994.714966
1215.619141	1985.073486
1219.160156	2050.783936
1222.699219	2068.381104
1226.238281	2106.943115
1229.775391	2061.69873
1233.310547	2075.126953
1236.84375	2089.264893
1240.376953	2109.709473
1243.908203	2095.880371
1247.4375	2074.338379
1250.964844	2139.624023
1254.492188	2080.946533
1258.017578	2116.146729
1261.541016	2104.392822
1265.064453	2074.38916
1268.583984	2108.926514
1272.103516	2102.770264
1275.623047	2084.667969
1279.138672	2174.76123
1282.654297	2134.880615
1286.167969	2190.608154
1289.679688	2180.952393
1293.191406	2207.182861
1296.701172	2184.146484
1300.208984	2267.454834
1303.714844	2272.61084
1307.220703	2253.096191
1310.722656	2277.996338
1314.226563	2276.105713
1317.726563	2272.095215
1321.226563	2304.799316
1324.724609	2326.933594
1328.220703	2320.110352
1331.714844	2273.689209
1335.208984	2341.102051
1338.701172	2409.984375
1342.191406	2291.339844
1345.681641	2348.926514
1349.169922	2267.706055
1352.65625	2270.75708
1356.140625	2312.09668
1359.625	2288.922852
1363.107422	2311.143555
1366.587891	2285.81958
1370.068359	2276.808105
1373.544922	2240.791504
1377.021484	2280.084473
1380.498047	2224.840576
1383.970703	2222.189209
1387.443359	2225.228271
1390.914063	2300.171875
1394.384766	2275.468262
1397.851563	2304.18042
1401.318359	2232.413818
1404.785156	2261.130859
1408.248047	2267.042969
1411.710938	2255.832031
1415.171875	2256.748047
1418.630859	2270.520508
1422.089844	2270.013184
1425.546875	2274.508545
1429.001953	2345.510742
1432.457031	2355.762207
1435.908203	2373.893799
1439.361328	2373.424561
1442.810547	2427.389648
1446.257813	2439.121582
1449.705078	2442.260498
1453.152344	2448.269775
1456.595703	2460.73999
1460.039063	2387.094971
1463.480469	2400.26709
1466.919922	2399.08374
1470.359375	2387.120117
1473.796875	2385.929199
1477.232422	2355.970459
1480.666016	2347.570313
1484.099609	2317.570313
1487.53125	2311.306885
1490.962891	2351.138184
1494.390625	2305.248047
1497.818359	2314.109131
1501.246094	2322.255615
1504.669922	2321.750244
1508.09375	2288.763672
1511.515625	2357.562012
1514.935547	2296.389893
1518.355469	2324.054443
1521.773438	2337.281738
1525.189453	2362.813965
1528.605469	2339.166504
1532.019531	2347.347412
1535.431641	2391.015625
1538.841797	2349.239014
1542.251953	2390.043213
1545.660156	2434.504639
1549.068359	2483.353027
1552.472656	2467.664307
1555.876953	2526.000244
1559.28125	2466.745605
1562.681641	2485.172363
1566.082031	2450.561279
1569.480469	2490.806152
1572.878906	2517.990723
1576.273438	2482.621582
1579.667969	2464.693359
1583.0625	2542.872314
1586.453125	2573.761475
1589.84375	2548.558594
1593.234375	2476.673584
1596.621094	2536.016846
1600.007813	2528.27832
1603.392578	2535.131836
1606.777344	2469.696045
1610.160156	2515.249023
1613.541016	2496.524658
1616.919922	2543.585693
1620.298828	2565.084473
1623.675781	2457.086914
1627.050781	2505.650879
1630.425781	2509.583252
1633.798828	2516.448486
1637.169922	2519.654053
1640.541016	2512.597168
1643.910156	2504.066895
1647.277344	2470.581299
1650.642578	2525.889404
1654.007813	2543.788818
1657.371094	2503.665283
1660.734375	2530.388428
1664.09375	2513.753662
1667.453125	2517.699463
1670.8125	2533.420898
1674.167969	2501.307129
1677.523438	2488.313721
1680.878906	2456.155029
1684.230469	2490.299316
1687.582031	2454.427979
1690.933594	2459.832031
1694.28125	2378.170654
1697.628906	2455.149902
1700.974609	2403.697021
1704.320313	2410.564697
1707.664063	2394.526367
1711.005859	2361.469971
1714.345703	2370.545898
1717.685547	2399.606934
1721.023438	2370.952393
1724.361328	2323.761719
1727.695313	2339.502197
1731.03125	2375.264648
1734.363281	2362.863525
1737.695313	2327.459229
1741.025391	2350.643799
1744.353516	2333.762695
1747.681641	2392.611084
1751.007813	2357.903076
1754.332031	2335.800537
1757.65625	2315.166992
1760.978516	2345.092529
1764.298828	2359.415771
1767.619141	2378.960449
1770.9375	2351.607178
1774.253906	2406.175537
1777.570313	2370.612305
1780.884766	2387.208008
1784.197266	2393.374512
1787.509766	2346.570313
1790.818359	2371.38501
1794.128906	2367.843506
1797.435547	2346.370361
1800.742188	2346.551514
1804.048828	2402.054932
1807.351563	2362.618408
1810.654297	2380.013184
1813.955078	2408.648193
1817.255859	2384.141357
1820.554688	2382.087402
1823.851563	2407.008545
1827.148438	2357.730957
1830.443359	2382.661133
1833.736328	2415.113281
1837.027344	2392.04834
1840.318359	2390.739746
1843.609375	2428.489746
1846.896484	2442.973877
1850.183594	2404.846191
1853.46875	2417.075195
1856.753906	2400.724121
1860.037109	2439.302002
1863.318359	2447.039551
1866.599609	2421.640381
1869.878906	2429.375977
1873.15625	2422.794189
1876.433594	2449.387939
1879.708984	2396.033936
1882.982422	2433.957764
1886.255859	2443.975342
1889.527344	2448.713135
1892.796875	2439.097412
1896.066406	2436.276611
1899.333984	2453.870605
1902.599609	2417.01001
1905.865234	2390.714844
1909.128906	2421.9375
1912.390625	2435.76416
1915.652344	2454.904785
1918.912109	2464.206055
1922.169922	2406.7854
1925.427734	2369.041992
1928.683594	2419.298096
1931.939453	2474.907227
1935.191406	2412.082031
1938.445313	2429.742188
1941.695313	2461.097168
1944.945313	2462.821533
1948.193359	2455.418945
1951.441406	2454.858643
1954.6875	2448.968262
1957.931641	2503.23584
1961.173828	2470.693848
1964.416016	2474.708984
1967.658203	2455.09082
1970.896484	2435.456543
1974.134766	2481.428467
1977.373047	2471.71167
1980.607422	2450.531738
1983.84375	2475.171387
1987.076172	2463.9104
1990.308594	2454.933594
1993.539063	2465.070068
1996.767578	2428.540771
1999.996094	2447.093506
2003.222656	2466.425781
2006.449219	2442.874756
2009.673828	2492.872559
2012.896484	2421.781494
2016.119141	2476.4104
2019.339844	2423.669678
2022.558594	2474.503174
2025.777344	2447.825195
2028.994141	2412.676758
2032.208984	2508.900635
2035.423828	2535.244873
2038.636719	2439.334961
2041.847656	2450.285156
2045.058594	2505.111816
2048.267578	2482.988525
2051.476563	2497.047607
2054.683594	2510.346436
2057.888672	2521.342773
2061.09375	2486.080078
2064.296875	2476.24585
2067.498047	2481.837891
2070.699219	2534.526611
2073.898438	2470.635986
2077.097656	2466.186523
2080.292969	2502.69751
2083.490234	2506.76123
2086.683594	2469.831299
2089.876953	2480.074707
2093.068359	2491.873779
2096.259766	2488.193115
2099.449219	2490.706543
2102.636719	2504.84668
2105.824219	2515.120605
2109.009766	2533.157959
2112.195313	2506.205566
2115.378906	2457.497803
2118.560547	2517.463867
2121.742188	2523.875488
2124.921875	2551.273682
2128.099609	2473.740967
2131.277344	2514.361084
2134.453125	2527.781006
2137.626953	2495.290039
2140.800781	2467.445068
2143.972656	2510.459961
2147.144531	2537.143555
2150.314453	2503.823975
2153.482422	2501.671143
2156.650391	2467.531006
2159.816406	2511.40625
2162.980469	2531.892822
2166.144531	2464.919922
2169.306641	2493.998047
2172.46875	2511.373535
2175.628906	2511.559326
2178.787109	2478.108643
2181.945313	2534.622803
2185.101563	2485.497559
2188.255859	2527.17749
2191.410156	2547.736084
2194.564453	2486.801025
2197.714844	2550.480957
2200.865234	2550.67749
2204.013672	2532.826904
2207.162109	2609.155273
2210.308594	2534.774658
2213.455078	2573.454834
2216.599609	2544.581299
2219.742188	2555.778564
2222.884766	2514.291504
2226.025391	2522.337646
2229.164063	2513.861084
2232.302734	2517.187744
2235.439453	2599.282471
2238.576172	2560.881348
2241.710938	2573.687256
2244.84375	2483.200195
2247.976563	2520.439941
2251.107422	2501.67627
2254.236328	2570.529541
2257.365234	2522.547852
2260.492188	2528.254395
2263.619141	2537.126221
2266.744141	2534.143799
2269.867188	2549.351318
2272.990234	2494.936279
2276.111328	2525.179443
2279.232422	2531.688232
2282.351563	2558.006348
2285.46875	2545.511719
2288.585938	2560.754883
2291.701172	2565.698486
2294.816406	2550.016846
2297.929688	2549.40332
2301.041016	2514.645752
2304.152344	2547.378418
2307.261719	2534.841797
2310.369141	2515.935791
2313.476563	2586.875244
2316.583984	2575.928711
2319.6875	2523.589844
2322.791016	2569.931396
2325.894531	2646.57251
2328.996094	2661.922119
2332.095703	2650.980225
2335.195313	2608.135498
2338.292969	2525.374512
2341.388672	2591.768311
2344.484375	2542.463867
2347.578125	2591.345215
2350.671875	2561.973633
2353.763672	2546.964355
2356.853516	2540.737305
2359.943359	2547.30127
2363.03125	2537.868164
2366.119141	2583.653809
2369.205078	2586.236572
2372.289063	2579.208496
2375.373047	2590.604492
2378.457031	2577.960449
2381.537109	2589.363281
2384.617188	2576.708008
2387.697266	2612.193359
2390.773438	2538.521484
2393.851563	2525.830566
2396.925781	2539.642822
2400	2511.67041
2403.074219	2584.985352
2406.146484	2569.073242
2409.216797	2579.70166
2412.286133	2534.795898
2415.355469	2591.317871
2418.421875	2595.520508
2421.488281	2577.967285
2424.553711	2617.638428
2427.617188	2558.948975
2430.679688	2592.187256
2433.741211	2596.395264
2436.801758	2608.679688
2439.861328	2608.857178
2442.918945	2619.538574
2445.976563	2606.786133
2449.032227	2599.684082
2452.086914	2607.136475
2455.140625	2605.692383
2458.192383	2566.19873
2461.243164	2571.215576
2464.293945	2602.159912
2467.342773	2647.715088
2470.390625	2590.338867
2473.436523	2608.346924
2476.482422	2596.347412
2479.526367	2657.388184
2482.569336	2597.490967
2485.611328	2635.020752
2488.652344	2602.696533
2491.692383	2593.920898
2494.730469	2616.039551
2497.768555	2634.919922
2500.804688	2626.144775
2503.839844	2586.42627
2506.873047	2609.387207
2509.90625	2625.847168
2512.938477	2600.752441
2515.96875	2570.746094
2518.998047	2611.67749
2522.026367	2681.197021
2525.053711	2583.436523
2528.079102	2640.748047
2531.104492	2568.220459
2534.12793	2567.549072
2537.150391	2619.194824
2540.171875	2616.905273
2543.192383	2591.706787
2546.211914	2646.691406
2549.230469	2634.583252
2552.24707	2606.904297
2555.262695	2644.749268
2558.277344	2657.213379
2561.291016	2577.854492
2564.303711	2638.695801
2567.31543	2641.323486
2570.325195	2645.594238
2573.333984	2609.630859
2576.341797	2587.60498
2579.348633	2603.363525
2582.354492	2701.340576
2585.359375	2630.801758
2588.363281	2670.450195
2591.365234	2644.287842
2594.366211	2614.812256
2597.366211	2646.260986
2600.365234	2639.83252
2603.363281	2663.89502
2606.360352	2645.099121
2609.355469	2661.756836
2612.350586	2651.196289
2615.34375	2619.990967
2618.335938	2585.45874
2621.327148	2680.593018
2624.317383	2654.320313
2627.306641	2652.827881
2630.293945	2637.274902
2633.280273	2627.500732
2636.266602	2668.202637
2639.250977	2709.762207
2642.234375	2667.70166
2645.216797	2655.436279
2648.197266	2734.333252
2651.177734	2693.891357
2654.157227	2704.844971
2657.134766	2703.359619
2660.111328	2642.107666
2663.086914	2671.320557
2666.061523	2630.7771
2669.035156	2680.781006
2672.007813	2684.268555
2674.978516	2670.294434
2677.949219	2689.585938
2680.917969	2735.522461
2683.885742	2715.722168
2686.852539	2697.572266
2689.818359	2681.907715
2692.783203	2688.734375
2695.74707	2669.71875
2698.708984	2674.04248
2701.670898	2721.756592
2704.630859	2721.093262
2707.589844	2701.224121
2710.547852	2703.057373
2713.504883	2733.30249
2716.460938	2693.351563
2719.416016	2784.65918
2722.369141	2743.023438
2725.322266	2800.94165
2728.273438	2788.580322
2731.223633	2787.096436
2734.173828	2793.150879
2737.12207	2743.057373
2740.069336	2828.746338
2743.014648	2847.401367
2745.959961	2756.997803
2748.904297	2768.924316
2751.84668	2724.60376
2754.788086	2750.804932
2757.729492	2767.781982
2760.668945	2762.075684
2763.607422	2697.503906
2766.544922	2764.948975
2769.481445	2741.562256
2772.416016	2766.981934
2775.350586	2720.84082
2778.28418	2734.476563
2781.21582	2728.739014
2784.146484	2762.619141
2787.077148	2748.453125
2790.005859	2765.490967
2792.933594	2715.86792
2795.860352	2755.700684
2798.785156	2717.860352
2801.709961	2745.893311
2804.633789	2744.364014
2807.555664	2720.849854
2810.477539	2793.741211
2813.397461	2767.688232
2816.316406	2734.843994
2819.234375	2768.868164
2822.151367	2736.846191
2825.067383	2782.757813
2827.982422	2765.126709
2830.896484	2796.665527
2833.80957	2816.350342
2836.720703	2861.507324
2839.631836	2897.358398
2842.541016	2997.776611
2845.450195	3020.959229
2848.357422	3136.791748
2851.263672	3154.089844
2854.168945	3154.390137
2857.073242	3273.799316
2859.976563	3193.288818
2862.878906	3327.271484
2865.779297	3339.556641
2868.679688	3381.670654
2871.579102	3464.726563
2874.476563	3522.262695
2877.374023	3476.633057
2880.269531	3571.757568
2883.164063	3610.614746
2886.057617	3570.942139
2888.950195	3585.053955
2891.841797	3617.974609
2894.732422	3664.595215
2897.62207	3677.898926
2900.510742	3607.378662
2903.398438	3667.73584
2906.28418	3711.014893
2909.169922	3772.308105
2912.053711	3866.198975
2914.9375	3850.462402
2917.819336	3984.741211
2920.700195	4007.626709
2923.581055	4120.610352
2926.459961	4192.479492
2929.337891	4169.101074
2932.214844	4161.164063
2935.09082	4181.573242
2937.96582	4142.691895
2940.838867	4093.464111
2943.711914	4013.236084
2946.583984	3894.230469
2949.454102	3835.388428
2952.324219	3819.554932
2955.193359	3788.204834
2958.060547	3697.376709
2960.926758	3671.129639
2963.792969	3596.575195
2966.657227	3557.33252
2969.520508	3603.488037
2972.382813	3526.236084
2975.244141	3531.826416
2978.104492	3463.129639
2980.963867	3412.529785
2983.822266	3373.130615
2986.679688	3298.246582
2989.536133	3223.307861
2992.390625	3216.680664
2995.245117	3261.124756
2998.098633	3159.24292
3000.950195	3030.43042
3003.801758	2994.255371
3006.651367	2992.731934
3009.500977	2929.630859
3012.348633	2920.273438
3015.195313	2859.703125
3018.041992	2816.452637
3020.886719	2849.599609
3023.730469	2803.706787
3026.573242	2786.46167
3029.415039	2828.326416
3032.255859	2826.732422
3035.095703	2860.80957
3037.93457	2826.150146
3040.772461	2808.008301
3043.609375	2850.82373
3046.445313	2769.069824
3049.280273	2796.211426
3052.114258	2829.475342
3054.946289	2854.912109
3057.77832	2904.79834
3060.609375	2856.956543
3063.438477	2836.14917
3066.267578	2783.006104
3069.094727	2816.333008
3071.921875	2770.136719
3074.74707	2825.343018
3077.572266	2814.105957
3080.395508	2831.737793
3083.21875	2798.609375
3086.040039	2792.603027
3088.860352	2807.616211
3091.679688	2729.749023
3094.499023	2733.353027
3097.316406	2803.606934
3100.132813	2732.671143
3102.948242	2753.82959
3105.762695	2725.84082
3108.576172	2749.645264
3111.388672	2714.605713
3114.201172	2726.99707
3117.011719	2742.03418
3119.821289	2715.74707
3122.629883	2714.953857
3125.436523	2783.685547
3128.243164	2730.97168
3131.048828	2740.749512
3133.853516	2777.845215
3136.657227	2762.087158
3139.459961	2743.672119
3142.261719	2732.299072
3145.0625	2757.090332
3147.861328	2723.648193
3150.660156	2692.830322
3153.458008	2729.11377
3156.254883	2755.703613
3159.049805	2687.741455
3161.844727	2730.249023
3164.638672	2747.136719
3167.430664	2757.842285
3170.222656	2704.828613
3173.013672	2725.264893
3175.802734	2728.886719
3178.591797	2767.951416
3181.379883	2711.318115
3184.166016	2659.077637
3186.952148	2700.818359
3189.737305	2670.718018
3192.520508	2703.61499
3195.303711	2719.664307
3198.084961	2708.189453
3200.866211	2724.17749
