399.363281	955.301514
403.25	929.009521
407.134766	969.490051
411.017578	939.362305
414.898438	921.942139
418.777344	911.513367
422.654297	924.016296
426.53125	893.177856
430.404297	910.147827
434.277344	904.161316
438.148438	877.103455
442.017578	880.037781
445.884766	902.141663
449.751953	891.026733
453.615234	901.643616
457.478516	858.53125
461.339844	874.902954
465.199219	863.115601
469.056641	891.673706
472.912109	873.474426
476.765625	874.492859
480.619141	888.981384
484.470703	859.848022
488.320313	880.119751
492.167969	882.42627
496.013672	873.169312
499.857422	886.401672
503.699219	886.140808
507.541016	861.432556
511.380859	895.271973
515.21875	913.042847
519.054688	873.497498
522.888672	904.162781
526.720703	915.512451
530.552734	904.296448
534.380859	865.323364
538.208984	897.328125
542.035156	866.713867
545.859375	887.11615
549.683594	913.999634
553.503906	889.172302
557.324219	873.380615
561.140625	865.341858
564.957031	877.368591
568.773438	858.959595
572.585938	842.47876
576.396484	846.730286
580.207031	874.33551
584.015625	837.074585
587.820313	839.381104
591.626953	859.224487
595.429688	838.801392
599.230469	808.610413
603.03125	799.852844
606.828125	815.158386
610.625	814.20575
614.419922	809.345276
618.214844	824.022461
622.005859	854.352295
625.796875	856.673645
629.583984	827.037048
633.371094	858.711426
637.15625	879.967957
640.941406	872.50708
644.722656	883.333496
648.503906	862.140869
652.283203	850.084717
656.060547	848.485046
659.835938	864.554443
663.609375	904.863037
667.382813	870.532532
671.152344	893.839539
674.921875	892.253906
678.689453	888.043152
682.455078	876.610962
686.220703	867.794495
689.982422	888.522034
693.744141	909.266907
697.503906	893.8797
701.261719	912.671387
705.017578	884.115479
708.773438	908.18335
712.525391	914.495056
716.277344	953.745056
720.027344	939.653748
723.775391	956.533691
727.523438	934.517029
731.267578	928.975952
735.011719	930.030518
738.753906	942.971924
742.494141	951.960327
746.232422	960.295227
749.970703	979.21582
753.707031	1000.136597
757.439453	952.253235
761.171875	984.434265
764.904297	980.215393
768.632813	951.476868
772.361328	1012.20105
776.087891	1011.303467
779.8125	1052.200928
783.535156	1057.292358
787.255859	1041.140015
790.976563	1005.045532
794.695313	972.242981
798.412109	983.291565
802.126953	1018.958496
805.839844	1031.366455
809.552734	1033.799316
813.263672	1026.910522
816.972656	1010.688293
820.679688	1009.11554
824.384766	1014.876038
828.089844	1013.303162
831.791016	1027.745483
835.492188	1013.490845
839.193359	1028.612793
842.890625	1013.677673
846.587891	1026.806396
850.28125	1009.851074
853.974609	1027.003052
857.666016	1047.515869
861.357422	1003.092468
865.044922	1020.26239
868.732422	989.863403
872.417969	998.325623
876.101563	1001.428711
879.785156	1003.192078
883.464844	965.349121
887.144531	980.53009
890.822266	1001.098633
894.5	1003.535889
898.173828	1008.664612
901.847656	980.833862
905.519531	1031.04834
909.189453	973.578308
912.857422	1004.297791
916.523438	960.244751
920.189453	973.456299
923.853516	979.934387
927.515625	972.923584
931.177734	992.23114
934.835938	998.049255
938.494141	990.36084
942.150391	969.148987
945.804688	975.640015
949.458984	966.578979
953.109375	979.840637
956.759766	934.89386
960.408203	988.788025
964.056641	977.683594
967.701172	999.782715
971.345703	975.111023
974.988281	957.202271
978.628906	978.641052
982.267578	962.076172
985.90625	957.72345
989.542969	973.752441
993.177734	976.198425
996.810547	1003.809509
1000.443359	1104.243042
1004.074219	1125.804199
1007.703125	999.61908
1011.330078	995.267395
1014.955078	934.346741
1018.580078	945.644897
1022.203125	939.218262
1025.824219	947.115601
1029.443359	979.594421
1033.0625	1003.221985
1036.679688	980.410461
1040.294922	984.919556
1043.908203	974.388977
1047.519531	960.429016
1051.130859	984.780823
1054.740234	976.974731
1058.347656	960.942871
1061.953125	981.898438
1065.558594	978.193604
1069.162109	967.627625
1072.763672	1012.623413
1076.363281	1028.143555
1079.962891	963.340698
1083.560547	1004.955383
1087.15625	1021.17804
1090.75	989.977478
1094.34375	1016.523376
1097.933594	997.679382
1101.523438	1011.171509
1105.113281	1003.327148
1108.699219	1011.320984
1112.285156	973.834167
1115.869141	974.927063
1119.451172	988.436401
1123.03125	1024.03833
1126.611328	996.848633
1130.189453	997.951782
1133.765625	987.31012
1137.341797	933.805298
1140.914063	943.872192
1144.486328	922.817627
1148.056641	943.960693
1151.626953	979.660095
1155.193359	975.909119
1158.759766	989.477539
1162.324219	967.703796
1165.888672	979.892578
1169.449219	994.866211
1173.009766	1019.568726
1176.568359	990.827026
1180.125	995.403442
1183.681641	984.000366
1187.236328	969.806824
1190.789063	934.041199
1194.339844	975.476868
1197.890625	1041.308594
1201.439453	1023.632385
1204.986328	1021.96405
1208.53125	1040.504761
1212.076172	1053.482788
1215.619141	1042.75647
1219.160156	1092.728027
1222.699219	1119.006104
1226.238281	1115.276123
1229.775391	1112.940063
1233.310547	1161.623779
1236.84375	1126.44104
1240.376953	1159.78064
1243.908203	1186.849121
1247.4375	1137.630737
1250.964844	1134.596069
1254.492188	1111.239502
1258.017578	1141.135132
1261.541016	1126.877441
1265.064453	1102.084961
1268.583984	1106.046021
1272.103516	1124.753906
1275.623047	1130.833984
1279.138672	1112.325317
1282.654297	1140.899292
1286.167969	1153.321777
1289.679688	1171.382446
1293.191406	1154.970337
1296.701172	1192.760864
1300.208984	1196.770996
1303.714844	1218.401245
1307.220703	1245.688599
1310.722656	1275.11377
1314.226563	1226.952148
1317.726563	1274.744873
1321.226563	1223.012451
1324.724609	1218.567139
1328.220703	1252.280029
1331.714844	1239.358643
1335.208984	1292.910767
1338.701172	1303.344482
1342.191406	1255.741943
1345.681641	1211.640991
1349.169922	1196.549683
1352.65625	1181.445679
1356.140625	1179.091309
1359.625	1158.292847
1363.107422	1174.375977
1366.587891	1201.829956
1370.068359	1154.027832
1373.544922	1174.390747
1377.021484	1153.546387
1380.498047	1153.304932
1383.970703	1145.238403
1387.443359	1171.322632
1390.914063	1154.001465
1394.384766	1106.75354
1397.851563	1130.003174
1401.318359	1131.888062
1404.785156	1122.365112
1408.248047	1150.64209
1411.710938	1121.136353
1415.171875	1122.305664
1418.630859	1126.33252
1422.089844	1148.939697
1425.546875	1137.969116
1429.001953	1148.442139
1432.457031	1181.100342
1435.908203	1192.314453
1439.361328	1237.903809
1442.810547	1304.301147
1446.257813	1306.262817
1449.705078	1349.085449
1453.152344	1292.979004
1456.595703	1266.240845
1460.039063	1300.48584
1463.480469	1241.418457
1466.919922	1267.779297
1470.359375	1229.489014
1473.796875	1200.512817
1477.232422	1163.601929
1480.666016	1174.144897
1484.099609	1204.128906
1487.53125	1163.57373
1490.962891	1104.977417
1494.390625	1071.55481
1497.818359	1061.174072
1501.246094	1083.238525
1504.669922	1061.309692
1508.09375	1057.407349
1511.515625	1043.3927
1514.935547	1061.150391
1518.355469	1057.965088
1521.773438	1073.573608
1525.189453	1071.113403
1528.605469	1055.627563
1532.019531	1098.758301
1535.431641	1064.443726
1538.841797	1068.494507
1542.251953	1113.131104
1545.660156	1133.878906
1549.068359	1143.763916
1552.472656	1159.461182
1555.876953	1188.962158
1559.28125	1207.59436
1562.681641	1153.596558
1566.082031	1158.420776
1569.480469	1210.505615
1572.878906	1210.992065
1576.273438	1223.120483
1579.667969	1239.625732
1583.0625	1184.052246
1586.453125	1235.522095
1589.84375	1207.595459
1593.234375	1186.93689
1596.621094	1166.261475
1600.007813	1190.808105
1603.392578	1190.555786
1606.777344	1195.414673
1610.160156	1227.307007
1613.541016	1225.606445
1616.919922	1191.00354
1620.298828	1190.017822
1623.675781	1202.933472
1627.050781	1174.867065
1630.425781	1191.447876
1633.798828	1199.983276
1637.169922	1194.600342
1640.541016	1239.802124
1643.910156	1255.700806
1647.277344	1254.001709
1650.642578	1282.397095
1654.007813	1329.173828
1657.371094	1351.009521
1660.734375	1351.549316
1664.09375	1330.032227
1667.453125	1365.86853
1670.8125	1309.02002
1674.167969	1289.66748
1677.523438	1289.445801
1680.878906	1239.12793
1684.230469	1245.518188
1687.582031	1219.472534
1690.933594	1185.29248
1694.28125	1140.754517
1697.628906	1141.209106
1700.974609	1118.771484
1704.320313	1078.585449
1707.664063	1081.232178
1711.005859	1098.667603
1714.345703	1093.187866
1717.685547	1075.124512
1721.023438	1093.317749
1724.361328	1068.574829
1727.695313	1075.667236
1731.03125	1039.780396
1734.363281	1042.417969
1737.695313	1037.640381
1741.025391	1055.860596
1744.353516	1040.691895
1747.681641	1044.818115
1751.007813	1051.918945
1754.332031	1023.352661
1757.65625	1030.450073
1760.978516	1026.396362
1764.298828	1029.035645
1767.619141	1029.443848
1770.9375	1041.021729
1774.253906	1025.045654
1777.570313	1047.063965
1780.884766	1049.715454
1784.197266	1017.314697
1787.509766	1016.225342
1790.818359	1041.259766
1794.128906	1043.165405
1797.435547	1034.614136
1800.742188	1062.67395
1804.048828	1056.365967
1807.351563	1046.31311
1810.654297	1041.489502
1813.955078	1035.91333
1817.255859	998.883423
1820.554688	1028.492432
1823.851563	1043.136963
1827.148438	1047.297363
1830.443359	1042.461182
1833.736328	1056.377563
1837.027344	1057.545044
1840.318359	1061.716797
1843.609375	1049.365967
1846.896484	1040.762451
1850.183594	1055.456177
1853.46875	1092.722534
1856.753906	1016.414368
1860.037109	1052.188965
1863.318359	1057.121094
1866.599609	1053.771362
1869.878906	1051.172241
1873.15625	1061.385864
1876.433594	1065.574341
1879.708984	1098.433716
1882.982422	1065.658325
1886.255859	1060.79248
1889.527344	1045.348145
1892.796875	1051.804077
1896.066406	1050.705688
1899.333984	1061.705444
1902.599609	1059.09668
1905.865234	1060.269531
1909.128906	1058.414673
1912.390625	1061.859863
1915.652344	1062.276733
1918.912109	1068.757446
1922.169922	1026.713135
1925.427734	1034.70166
1928.683594	1049.526123
1931.939453	1056.770264
1935.191406	1059.462891
1938.445313	1064.436768
1941.695313	1053.452881
1944.945313	1048.543091
1948.193359	1049.714478
1951.441406	1086.651611
1954.6875	1075.658081
1957.931641	1061.609619
1961.173828	1054.406494
1964.416016	1049.483887
1967.658203	1071.243042
1970.896484	1089.205078
1974.134766	1075.896118
1977.373047	1080.896729
1980.607422	1061.464355
1983.84375	1058.059448
1987.076172	1109.676758
1990.308594	1087.17395
1993.539063	1086.068726
1996.767578	1078.076172
1999.996094	1112.176025
2003.222656	1084.277832
2006.449219	1137.556885
2009.673828	1087.422729
2012.896484	1101.645996
2016.119141	1106.677002
2019.339844	1101.737793
2022.558594	1103.702026
2025.777344	1058.0625
2028.994141	1089.199463
2032.208984	1099.613037
2035.423828	1069.292236
2038.636719	1098.162109
2041.847656	1092.434814
2045.058594	1057.457275
2048.267578	1070.957153
2051.476563	1102.182373
2054.683594	1087.970947
2057.888672	1095.331177
2061.09375	1092.672241
2064.296875	1083.839722
2067.498047	1094.292969
2070.699219	1086.997681
2073.898438	1074.290283
2077.097656	1078.570313
2080.292969	1115.315796
2083.490234	1122.707397
2086.683594	1100.710938
2089.876953	1094.947144
2093.068359	1106.209229
2096.259766	1113.607666
2099.449219	1091.57251
2102.636719	1099.745483
2105.824219	1105.598633
2109.009766	1088.187622
2112.195313	1078.521973
2115.378906	1126.288452
2118.560547	1102.652344
2121.742188	1104.632568
2124.921875	1092.625854
2128.099609	1114.81604
2131.277344	1104.359009
2134.453125	1098.561646
2137.626953	1088.089722
2140.800781	1104.082397
2143.972656	1102.95105
2147.144531	1124.415894
2150.314453	1099.125732
2153.482422	1079.274536
2156.650391	1099.974243
2159.816406	1080.107544
2162.980469	1091.454346
2166.144531	1065.320313
2169.306641	1067.293579
2172.46875	1135.706665
2175.628906	1131.452759
2178.787109	1102.946045
2181.945313	1093.980469
2185.101563	1131.194946
2188.255859	1118.317139
2191.410156	1106.995972
2194.564453	1081.558594
2197.714844	1086.678955
2200.865234	1136.510376
2204.013672	1121.254517
2207.162109	1139.73938
2210.308594	1099.344604
2213.455078	1085.627197
2216.599609	1112.763184
2219.742188	1139.133545
2222.884766	1107.326416
2226.025391	1123.486572
2229.164063	1137.297852
2232.302734	1090.492676
2235.439453	1131.869385
2238.576172	1155.942383
2241.710938	1122.490234
2244.84375	1121.343506
2247.976563	1121.773193
2251.107422	1115.889771
2254.236328	1147.89624
2257.365234	1112.795898
2260.492188	1159.83667
2263.619141	1104.953979
2266.744141	1131.469482
2269.867188	1165.914917
2272.990234	1107.805542
2276.111328	1126.435791
2279.232422	1114.988159
2282.351563	1130.466187
2285.46875	1117.425659
2288.585938	1124.19519
2291.701172	1155.555786
2294.816406	1117.119995
2297.929688	1140.564331
2301.041016	1131.471558
2304.152344	1128.726074
2307.261719	1122.005249
2310.369141	1148.665771
2313.476563	1130.813599
2316.583984	1157.497314
2319.6875	1169.0802
2322.791016	1170.322021
2325.894531	1209.793457
2328.996094	1242.124146
2332.095703	1205.932983
2335.195313	1192.83728
2338.292969	1160.587524
2341.388672	1156.241455
2344.484375	1167.857056
2347.578125	1145.142944
2350.671875	1100.841797
2353.763672	1114.846313
2356.853516	1143.251831
2359.943359	1163.680786
2363.03125	1144.920898
2366.119141	1108.537964
2369.205078	1157.80127
2372.289063	1110.982056
2375.373047	1165.090942
2378.457031	1140.68335
2381.537109	1166.777222
2384.617188	1176.044189
2387.697266	1150.809692
2390.773438	1128.766968
2393.851563	1174.169922
2396.925781	1150.511963
2400	1143.714233
2403.074219	1157.012085
2406.146484	1141.363403
2409.216797	1157.083862
2412.286133	1122.104004
2415.355469	1138.633789
2418.421875	1171.286987
2421.488281	1178.98291
2424.553711	1155.24353
2427.617188	1150.035034
2430.679688	1140.78833
2433.741211	1172.695801
2436.801758	1165.872314
2439.861328	1148.543335
2442.918945	1157.057129
2445.976563	1158.302246
2449.032227	1140.949951
2452.086914	1122.775391
2455.140625	1177.41687
2458.192383	1190.813354
2461.243164	1179.924805
2464.293945	1171.458008
2467.342773	1170.278687
2470.390625	1169.098145
2473.436523	1164.672241
2476.482422	1159.431396
2479.526367	1129.836426
2482.569336	1167.612305
2485.611328	1174.549927
2488.652344	1157.115112
2491.692383	1196.56897
2494.730469	1177.502319
2497.768555	1153.540161
2500.804688	1149.904785
2503.839844	1192.670654
2506.873047	1206.149414
2509.90625	1194.381592
2512.938477	1198.09021
2515.96875	1178.156738
2518.998047	1176.967651
2522.026367	1149.667236
2525.053711	1165.6073
2528.079102	1162.77832
2531.104492	1159.946899
2534.12793	1211.863525
2537.150391	1186.158447
2540.171875	1202.140869
2543.192383	1236.950928
2546.211914	1203.859985
2549.230469	1243.608521
2552.24707	1167.90625
2555.262695	1177.355835
2558.277344	1190.090698
2561.291016	1209.394165
2564.303711	1178.677612
2567.31543	1207.016724
2570.325195	1200.080322
2573.333984	1184.92688
2576.341797	1243.693359
2579.348633	1212.930664
2582.354492	1187.899292
2585.359375	1190.809937
2588.363281	1191.254517
2591.365234	1206.512939
2594.366211	1192.966919
2597.366211	1204.118774
2600.365234	1254.826782
2603.363281	1267.657959
2606.360352	1252.464355
2609.355469	1214.163574
2612.350586	1189.036377
2615.34375	1201.860962
2618.335938	1209.740356
2621.327148	1235.798828
2624.317383	1232.953247
2627.306641	1194.557861
2630.293945	1238.005737
2633.280273	1260.803223
2636.266602	1239.754272
2639.250977	1273.331543
2642.234375	1205.062378
2645.216797	1271.79248
2648.197266	1242.426636
2651.177734	1222.159424
2654.157227	1252.473389
2657.134766	1242.981201
2660.111328	1237.631958
2663.086914	1218.992432
2666.061523	1216.121704
2669.035156	1266.432251
2672.007813	1291.009399
2674.978516	1260.718262
2677.949219	1261.185425
2680.917969	1284.954834
2683.885742	1270.445068
2686.852539	1266.751221
2689.818359	1259.721802
2692.783203	1271.022949
2695.74707	1245.646362
2698.708984	1224.421143
2701.670898	1269.096191
2704.630859	1249.532715
2707.589844	1265.859497
2710.547852	1292.221802
2713.504883	1284.343018
2716.460938	1292.340576
2719.416016	1351.354126
2722.369141	1293.295044
2725.322266	1322.22522
2728.273438	1299.272461
2731.223633	1296.401855
2734.173828	1342.119873
2737.12207	1295.681885
2740.069336	1303.704956
2743.014648	1325.152954
2745.959961	1322.285034
2748.904297	1253.108276
2751.84668	1308.14563
2754.788086	1287.628662
2757.729492	1266.255981
2760.668945	1299.503662
2763.607422	1275.596436
2766.544922	1285.318481
2769.481445	1293.36438
2772.416016	1283.738159
2775.350586	1308.630981
2778.28418	1253.512329
2781.21582	1257.343628
2784.146484	1273.822876
2787.077148	1283.567261
2790.005859	1315.253418
2792.933594	1307.296265
2795.860352	1289.201782
2798.785156	1289.674561
2801.709961	1290.99231
2804.633789	1281.322998
2807.555664	1290.247559
2810.477539	1316.094849
2813.397461	1311.5
2816.316406	1289.126343
2819.234375	1265.04248
2822.151367	1331.57605
2825.067383	1321.047363
2827.982422	1334.245728
2830.896484	1356.78125
2833.80957	1365.760254
2836.720703	1362.016357
2839.631836	1447.405884
2842.541016	1452.180664
2845.450195	1572.495972
2848.357422	1652.955811
2851.263672	1756.428467
2854.168945	1786.835815
2857.073242	1832.578979
2859.976563	1877.504028
2862.878906	1931.826782
2865.779297	2046.660156
2868.679688	2114.715576
2871.579102	2185.377197
2874.476563	2261.205811
2877.374023	2302.11792
2880.269531	2325.140869
2883.164063	2375.494385
2886.057617	2407.098389
2888.950195	2389.181885
2891.841797	2340.489502
2894.732422	2424.257568
2897.62207	2425.993896
2900.510742	2529.527832
2903.398438	2598.050781
2906.28418	2579.305176
2909.169922	2652.176758
2912.053711	2708.82373
2914.9375	2784.36499
2917.819336	2916.54248
2920.700195	2926.176514
2923.581055	3007.024414
2926.459961	3131.700439
2929.337891	3148.289307
2932.214844	3155.442139
2935.09082	3171.190918
2937.96582	3188.669678
2940.838867	3141.675781
2943.711914	3069.704102
2946.583984	2921.963379
2949.454102	2815.429932
2952.324219	2661.46167
2955.193359	2602.991211
2958.060547	2523.797852
2960.926758	2514.366211
2963.792969	2500.615723
2966.657227	2459.251953
2969.520508	2368.672119
2972.382813	2373.843262
2975.244141	2307.344727
2978.104492	2311.632568
2980.963867	2190.621338
2983.822266	2190.546631
2986.679688	2079.780518
2989.536133	2017.378906
2992.390625	1958.393433
2995.245117	1877.72229
2998.098633	1777.940063
3000.950195	1737.862549
3003.801758	1683.889526
3006.651367	1661.087646
3009.500977	1633.932617
3012.348633	1518.264526
3015.195313	1510.99939
3018.041992	1483.76001
3020.886719	1473.870972
3023.730469	1437.040894
3026.573242	1419.305054
3029.415039	1392.861694
3032.255859	1427.282471
3035.095703	1409.523071
3037.93457	1386.528198
3040.772461	1396.603271
3043.609375	1419.750366
3046.445313	1438.557129
3049.280273	1446.045654
3052.114258	1477.082031
3054.946289	1489.822754
3057.77832	1465.924072
3060.609375	1476.923462
3063.438477	1455.62207
3066.267578	1517.288696
3069.094727	1501.22876
3071.921875	1465.05188
3074.74707	1445.463257
3077.572266	1367.251343
3080.395508	1353.73877
3083.21875	1398.866943
3086.040039	1340.694702
3088.860352	1300.000732
3091.679688	1385.46814
3094.499023	1343.883911
3097.316406	1333.839844
3100.132813	1361.51062
3102.948242	1354.975464
3105.762695	1322.098633
3108.576172	1319.935059
3111.388672	1287.900269
3114.201172	1320.875488
3117.011719	1366.181763
3119.821289	1359.632446
3122.629883	1341.641113
3125.436523	1349.159058
3128.243164	1340.834839
3131.048828	1365.971313
3133.853516	1291.570313
3136.657227	1330.807739
3139.459961	1323.345703
3142.261719	1319.405884
3145.0625	1341.048706
3147.861328	1307.986572
3150.660156	1327.87439
3153.458008	1330.994995
3156.254883	1316.447144
3159.049805	1349.615723
3161.844727	1299.697632
3164.638672	1309.887207
3167.430664	1324.507568
3170.222656	1338.25293
3173.013672	1310.393799
3175.802734	1324.143311
3178.591797	1352.078613
3181.379883	1334.830078
3184.166016	1322.888916
3186.952148	1306.50415
3189.737305	1302.529541
3192.520508	1344.706665
3195.303711	1351.397095
3198.084961	1345.656616
3200.866211	1355.427124
