399.363281	1165.04834
403.25	1130.581055
407.134766	1136.797119
411.017578	1130.926025
414.898438	1105.31189
418.777344	1093.688599
422.654297	1112.005859
426.53125	1074.236084
430.404297	1071.512451
434.277344	1052.834229
438.148438	1062.227173
442.017578	1106.114258
445.884766	1080.397705
449.751953	1084.061157
453.615234	1064.067383
457.478516	1090.756958
461.339844	1071.388062
465.199219	1073.772095
469.056641	1081.923096
472.912109	1095.848389
476.765625	1087.345947
480.619141	1087.174194
484.470703	1094.060303
488.320313	1076.557861
492.167969	1111.703003
496.013672	1107.685059
499.857422	1092.735962
503.699219	1093.207153
507.541016	1113.621948
511.380859	1111.527466
515.21875	1074.6604
519.054688	1115.062012
522.888672	1070.430786
526.720703	1087.654541
530.552734	1064.257568
534.380859	1080.847656
538.208984	1096.160522
542.035156	1099.861206
545.859375	1106.795288
549.683594	1101.453613
553.503906	1087.700195
557.324219	1094.637085
561.140625	1080.221069
564.957031	1114.355225
568.773438	1033.86084
572.585938	1074.484375
576.396484	1084.670654
580.207031	1068.271973
584.015625	1071.325684
587.820313	1082.821045
591.626953	1075.491821
595.429688	1060.359375
599.230469	1056.263672
603.03125	1055.415527
606.828125	1073.432861
610.625	1076.49585
614.419922	1063.283081
618.214844	1063.738159
622.005859	1084.395264
625.796875	1093.986572
629.583984	1120.543945
633.371094	1113.845337
637.15625	1112.363037
640.941406	1074.307007
644.722656	1080.646118
648.503906	1084.375854
652.283203	1092.03186
656.060547	1102.965088
659.835938	1112.598511
663.609375	1120.930176
667.382813	1089.967041
671.152344	1098.295532
674.921875	1123.676147
678.689453	1117.596436
682.455078	1127.258789
686.220703	1119.861938
689.982422	1113.115112
693.744141	1129.356812
697.503906	1095.659912
701.261719	1148.729736
705.017578	1126.194702
708.773438	1147.733154
712.525391	1137.028809
716.277344	1176.373413
720.027344	1165.012573
723.775391	1154.960083
727.523438	1158.748291
731.267578	1185.631958
735.011719	1199.336792
738.753906	1172.11145
742.494141	1164.020874
746.232422	1218.709106
749.970703	1205.341309
753.707031	1201.22229
757.439453	1235.480713
761.171875	1207.537354
764.904297	1198.776978
768.632813	1219.825195
772.361328	1232.936401
776.087891	1238.100708
779.8125	1252.557007
783.535156	1245.122681
787.255859	1257.601563
790.976563	1276.733398
794.695313	1222.115479
798.412109	1225.291626
802.126953	1262.391113
805.839844	1267.58252
809.552734	1238.828369
813.263672	1252.671021
816.972656	1276.518677
820.679688	1283.056396
824.384766	1238.922241
828.089844	1247.450195
831.791016	1233.294556
835.492188	1261.856201
839.193359	1232.999512
842.890625	1248.220093
846.587891	1275.486084
850.28125	1277.361206
853.974609	1259.834961
857.666016	1275.091187
861.357422	1246.164917
865.044922	1288.223633
868.732422	1241.182861
872.417969	1242.375732
876.101563	1248.264404
879.785156	1263.552246
883.464844	1248.643433
887.144531	1239.094604
890.822266	1253.052979
894.5	1209.217041
898.173828	1229.898438
901.847656	1264.723999
905.519531	1214.779541
909.189453	1237.508179
912.857422	1223.209106
916.523438	1231.808716
920.189453	1207.382446
923.853516	1230.819214
927.515625	1232.01001
931.177734	1249.401245
934.835938	1208.058228
938.494141	1232.884399
942.150391	1224.615112
945.804688	1210.253418
949.458984	1232.405029
953.109375	1213.297119
956.759766	1219.220703
960.408203	1236.662231
964.056641	1245.310059
967.701172	1219.395996
971.345703	1211.768677
974.988281	1247.55127
978.628906	1239.928711
982.267578	1228.225708
985.90625	1234.172729
989.542969	1229.931519
993.177734	1271.913208
996.810547	1286.045898
1000.443359	1322.642334
1004.074219	1331.362061
1007.703125	1293.104004
1011.330078	1303.861694
1014.955078	1251.929199
1018.580078	1240.860718
1022.203125	1272.071289
1025.824219	1265.095337
1029.443359	1226.71167
1033.0625	1232.685913
1036.679688	1258.478027
1040.294922	1240.547485
1043.908203	1290.979858
1047.519531	1281.940186
1051.130859	1233.200195
1054.740234	1232.34375
1058.347656	1255.458496
1061.953125	1282.018188
1065.558594	1259.92981
1069.162109	1291.998901
1072.763672	1292.535645
1076.363281	1284.836304
1079.962891	1315.581421
1083.560547	1285.90332
1087.15625	1309.114502
1090.75	1292.470581
1094.34375	1328.770752
1097.933594	1329.321777
1101.523438	1282.377441
1105.113281	1290.483887
1108.699219	1300.663452
1112.285156	1269.49939
1115.869141	1312.083618
1119.451172	1275.379517
1123.03125	1304.889771
1126.611328	1348.921265
1130.189453	1296.992065
1133.765625	1289.928589
1137.341797	1251.064087
1140.914063	1237.060303
1144.486328	1260.400146
1148.056641	1241.543579
1151.626953	1265.596191
1155.193359	1291.746216
1158.759766	1284.657837
1162.324219	1313.609375
1165.888672	1284.331909
1169.449219	1301.512573
1173.009766	1342.999023
1176.568359	1313.001953
1180.125	1307.29187
1183.681641	1293.237793
1187.236328	1279.171753
1190.789063	1295.695313
1194.339844	1301.099609
1197.890625	1303.027832
1201.439453	1323.062256
1204.986328	1366.798584
1208.53125	1359.695068
1212.076172	1397.206909
1215.619141	1401.966797
1219.160156	1348.116577
1222.699219	1432.439453
1226.238281	1468.644775
1229.775391	1409.86377
1233.310547	1425.819824
1236.84375	1429.202637
1240.376953	1455.671509
1243.908203	1449.271484
1247.4375	1449.166626
1250.964844	1465.869995
1254.492188	1461.567139
1258.017578	1459.363159
1261.541016	1419.991821
1265.064453	1450.739502
1268.583984	1470.283203
1272.103516	1449.823242
1275.623047	1457.441284
1279.138672	1432.039795
1282.654297	1412.943726
1286.167969	1490.879395
1289.679688	1505.560669
1293.191406	1481.543335
1296.701172	1464.546997
1300.208984	1524.315796
1303.714844	1546.079956
1307.220703	1538.957642
1310.722656	1552.987061
1314.226563	1543.038696
1317.726563	1585.313965
1321.226563	1519.585815
1324.724609	1558.353149
1328.220703	1503.866821
1331.714844	1591.44104
1335.208984	1637.356812
1338.701172	1551.70166
1342.191406	1585.604248
1345.681641	1545.178711
1349.169922	1511.803955
1352.65625	1515.964111
1356.140625	1493.184814
1359.625	1546.281982
1363.107422	1483.048706
1366.587891	1529.795288
1370.068359	1553.143921
1373.544922	1504.044312
1377.021484	1488.309448
1380.498047	1535.132813
1383.970703	1471.738037
1387.443359	1542.786987
1390.914063	1507.819214
1394.384766	1497.749512
1397.851563	1492.658569
1401.318359	1474.733154
1404.785156	1483.17627
1408.248047	1528.720337
1411.710938	1475.817993
1415.171875	1510.686157
1418.630859	1481.302124
1422.089844	1536.921143
1425.546875	1497.515869
1429.001953	1519.576294
1432.457031	1534.500488
1435.908203	1595.9552
1439.361328	1610.921631
1442.810547	1640.941162
1446.257813	1674.567383
1449.705078	1664.493286
1453.152344	1653.693604
1456.595703	1616.340332
1460.039063	1653.5979
1463.480469	1642.779297
1466.919922	1601.065186
1470.359375	1575.12561
1473.796875	1601.642212
1477.232422	1572.804443
1480.666016	1590.707275
1484.099609	1561.840942
1487.53125	1584.07312
1490.962891	1524.926392
1494.390625	1486.629272
1497.818359	1477.136963
1501.246094	1516.678101
1504.669922	1492.03833
1508.09375	1472.430786
1511.515625	1495.40918
1514.935547	1533.575317
1518.355469	1487.221436
1521.773438	1504.448853
1525.189453	1541.217285
1528.605469	1503.491455
1532.019531	1510.611816
1535.431641	1551.046509
1538.841797	1528.490356
1542.251953	1525.482422
1545.660156	1545.671265
1549.068359	1585.458496
1552.472656	1621.649414
1555.876953	1644.077759
1559.28125	1622.954468
1562.681641	1593.822876
1566.082031	1651.876099
1569.480469	1665.626587
1572.878906	1675.751221
1576.273438	1677.1521
1579.667969	1647.253784
1583.0625	1681.412476
1586.453125	1636.192627
1589.84375	1636.849365
1593.234375	1642.609863
1596.621094	1632.328369
1600.007813	1618.390015
1603.392578	1714.663086
1606.777344	1669.345093
1610.160156	1656.134033
1613.541016	1675.068604
1616.919922	1636.990112
1620.298828	1609.120605
1623.675781	1695.375244
1627.050781	1573.809448
1630.425781	1627.164917
1633.798828	1656.387207
1637.169922	1639.460815
1640.541016	1691.438965
1643.910156	1682.580444
1647.277344	1692.058472
1650.642578	1730.905762
1654.007813	1760.237305
1657.371094	1729.351074
1660.734375	1739.596069
1664.09375	1741.026123
1667.453125	1770.40686
1670.8125	1728.436279
1674.167969	1729.126099
1677.523438	1713.615234
1680.878906	1693.671387
1684.230469	1692.872925
1687.582031	1715.666626
1690.933594	1662.507202
1694.28125	1632.179199
1697.628906	1615.113525
1700.974609	1620.187866
1704.320313	1578.724121
1707.664063	1589.699463
1711.005859	1560.019287
1714.345703	1611.675415
1717.685547	1576.799927
1721.023438	1524.871094
1724.361328	1546.952881
1727.695313	1594.239624
1731.03125	1546.701172
1734.363281	1591.800415
1737.695313	1550.156006
1741.025391	1582.677856
1744.353516	1597.410034
1747.681641	1553.48938
1751.007813	1563.763672
1754.332031	1578.504761
1757.65625	1579.131226
1760.978516	1575.295166
1764.298828	1515.651245
1767.619141	1567.612915
1770.9375	1590.573975
1774.253906	1545.762817
1777.570313	1594.070923
1780.884766	1561.153442
1784.197266	1586.384399
1787.509766	1578.805298
1790.818359	1571.219849
1794.128906	1546.453491
1797.435547	1603.838623
1800.742188	1582.80127
1804.048828	1569.223022
1807.351563	1584.053833
1810.654297	1589.169312
1813.955078	1580.067261
1817.255859	1627.116699
1820.554688	1582.065552
1823.851563	1590.933716
1827.148438	1547.331299
1830.443359	1606.440186
1833.736328	1581.565308
1837.027344	1602.454834
1840.318359	1595.578613
1843.609375	1598.461548
1846.896484	1573.542725
1850.183594	1617.012939
1853.46875	1576.287964
1856.753906	1610.012329
1860.037109	1619.678589
1863.318359	1621.82251
1866.599609	1578.020752
1869.878906	1603.508667
1873.15625	1617.708862
1876.433594	1615.329224
1879.708984	1619.736938
1882.982422	1595.46875
1886.255859	1636.866943
1889.527344	1614.096191
1892.796875	1572.41687
1896.066406	1604.782959
1899.333984	1617.512817
1902.599609	1628.73938
1905.865234	1629.379272
1909.128906	1599.735474
1912.390625	1586.730591
1915.652344	1616.90332
1918.912109	1644.067383
1922.169922	1628.788574
1925.427734	1623.358887
1928.683594	1669.528198
1931.939453	1658.036011
1935.191406	1608.560913
1938.445313	1648.699463
1941.695313	1631.103882
1944.945313	1592.964233
1948.193359	1642.27063
1951.441406	1629.216431
1954.6875	1629.854248
1957.931641	1620.591919
1961.173828	1653.98584
1964.416016	1637.103394
1967.658203	1647.65564
1970.896484	1634.570435
1974.134766	1633.683472
1977.373047	1653.40564
1980.607422	1633.43335
1983.84375	1638.655151
1987.076172	1635.473999
1990.308594	1677.397827
1993.539063	1657.4021
1996.767578	1661.109619
1999.996094	1660.226929
2003.222656	1681.549438
2006.449219	1645.435913
2009.673828	1701.253296
2012.896484	1688.11731
2016.119141	1678.03833
2019.339844	1605.038574
2022.558594	1651.715454
2025.777344	1663.108398
2028.994141	1662.987915
2032.208984	1632.130127
2035.423828	1697.338013
2038.636719	1640.322021
2041.847656	1653.269409
2045.058594	1650.833984
2048.267578	1634.537842
2051.476563	1668.292725
2054.683594	1654.301392
2057.888672	1691.172729
2061.09375	1671.009766
2064.296875	1630.773804
2067.498047	1642.211182
2070.699219	1676.04541
2073.898438	1654.29895
2077.097656	1668.075439
2080.292969	1658.674805
2083.490234	1698.752197
2086.683594	1694.769897
2089.876953	1636.617188
2093.068359	1694.536011
2096.259766	1659.569702
2099.449219	1689.651978
2102.636719	1650.005737
2105.824219	1670.802979
2109.009766	1690.064697
2112.195313	1658.906372
2115.378906	1669.639282
2118.560547	1698.239868
2121.742188	1705.111328
2124.921875	1670.800659
2128.099609	1698.65625
2131.277344	1675.981445
2134.453125	1656.400757
2137.626953	1666.380615
2140.800781	1642.108521
2143.972656	1653.647583
2147.144531	1717.403076
2150.314453	1673.633301
2153.482422	1703.13269
2156.650391	1660.883057
2159.816406	1684.156128
2162.980469	1655.138184
2166.144531	1640.155884
2169.306641	1691.574463
2172.46875	1690.663208
2175.628906	1652.21814
2178.787109	1617.654297
2181.945313	1655.056274
2185.101563	1680.744385
2188.255859	1659.463623
2191.410156	1709.458862
2194.564453	1688.955688
2197.714844	1640.994995
2200.865234	1654.959961
2204.013672	1648.534546
2207.162109	1665.6521
2210.308594	1657.654663
2213.455078	1701.496704
2216.599609	1677.789063
2219.742188	1672.93042
2222.884766	1660.203125
2226.025391	1686.803467
2229.164063	1682.728516
2232.302734	1706.994995
2235.439453	1702.13623
2238.576172	1723.276123
2241.710938	1660.087402
2244.84375	1705.672241
2247.976563	1710.270264
2251.107422	1719.606567
2254.236328	1713.160034
2257.365234	1700.390015
2260.492188	1759.50708
2263.619141	1688.255859
2266.744141	1767.17981
2269.867188	1681.638428
2272.990234	1703.646606
2276.111328	1697.173828
2279.232422	1695.447144
2282.351563	1673.121582
2285.46875	1688.026123
2288.585938	1714.040771
2291.701172	1671.074829
2294.816406	1693.135132
2297.929688	1732.673462
2301.041016	1680.929932
2304.152344	1723.67041
2307.261719	1678.240112
2310.369141	1746.448853
2313.476563	1694.630005
2316.583984	1710.391235
2319.6875	1732.530762
2322.791016	1747.521606
2325.894531	1770.487793
2328.996094	1845.259521
2332.095703	1788.574829
2335.195313	1737.428101
2338.292969	1679.860718
2341.388672	1703.640747
2344.484375	1762.562134
2347.578125	1720.908691
2350.671875	1676.027588
2353.763672	1696.644287
2356.853516	1693.29187
2359.943359	1719.52832
2363.03125	1680.977539
2366.119141	1724.036743
2369.205078	1743.107422
2372.289063	1718.938354
2375.373047	1734.815552
2378.457031	1716.235474
2381.537109	1723.30188
2384.617188	1717.537964
2387.697266	1704.546509
2390.773438	1712.418213
2393.851563	1743.58606
2396.925781	1738.622803
2400	1692.665039
2403.074219	1731.900024
2406.146484	1721.295166
2409.216797	1758.960571
2412.286133	1718.573853
2415.355469	1726.471558
2418.421875	1708.596802
2421.488281	1722.136963
2424.553711	1732.46228
2427.617188	1788.76416
2430.679688	1775.724976
2433.741211	1741.691284
2436.801758	1735.082764
2439.861328	1717.161133
2442.918945	1735.585693
2445.976563	1776.656128
2449.032227	1783.795654
2452.086914	1768.290405
2455.140625	1758.437622
2458.192383	1814.958252
2461.243164	1740.328247
2464.293945	1728.022095
2467.342773	1724.621216
2470.390625	1735
2473.436523	1759.985229
2476.482422	1779.309326
2479.526367	1727.221191
2482.569336	1769.28186
2485.611328	1797.565063
2488.652344	1751.924316
2491.692383	1781.84729
2494.730469	1741.044556
2497.768555	1744.139771
2500.804688	1750.491943
2503.839844	1744.636963
2506.873047	1725.74646
2509.90625	1789.942993
2512.938477	1764.534302
2515.96875	1766.012085
2518.998047	1733.233765
2522.026367	1753.466919
2525.053711	1780.244873
2528.079102	1721.303833
2531.104492	1784.8479
2534.12793	1760.184692
2537.150391	1780.463867
2540.171875	1768.86438
2543.192383	1717.169312
2546.211914	1778.373779
2549.230469	1773.308716
2552.24707	1800.180908
2555.262695	1784.468262
2558.277344	1772.022095
2561.291016	1741.52771
2564.303711	1778.269287
2567.31543	1770.72876
2570.325195	1746.765259
2573.333984	1772.052734
2576.341797	1723.427124
2579.348633	1775.842285
2582.354492	1797.057373
2585.359375	1754.14209
2588.363281	1763.846436
2591.365234	1798.247437
2594.366211	1805.504761
2597.366211	1776.528198
2600.365234	1767.303711
2603.363281	1828.9552
2606.360352	1801.602783
2609.355469	1791.551147
2612.350586	1813.672363
2615.34375	1855.620605
2618.335938	1824.932617
2621.327148	1776.873901
2624.317383	1824.63855
2627.306641	1820.357422
2630.293945	1763.145142
2633.280273	1843.221558
2636.266602	1823.216675
2639.250977	1836.31311
2642.234375	1833.682617
2645.216797	1871.647583
2648.197266	1809.351196
2651.177734	1821.631104
2654.157227	1828.113525
2657.134766	1825.473022
2660.111328	1826.150391
2663.086914	1871.668091
2666.061523	1849.933838
2669.035156	1858.929688
2672.007813	1840.498901
2674.978516	1842.012573
2677.949219	1817.737549
2680.917969	1843.377563
2683.885742	1868.203735
2686.852539	1879.72229
2689.818359	1860.422485
2692.783203	1831.106445
2695.74707	1833.451416
2698.708984	1824.120605
2701.670898	1908.233398
2704.630859	1827.973755
2707.589844	1885.429321
2710.547852	1880.278809
2713.504883	1891.000732
2716.460938	1866.621338
2719.416016	1912.467163
2722.369141	1924.884766
2725.322266	1918.900269
2728.273438	1881.098755
2731.223633	1918.641235
2734.173828	1871.595459
2737.12207	1904.970825
2740.069336	1894.773682
2743.014648	1896.310547
2745.959961	1933.925781
2748.904297	1905.261719
2751.84668	1862.302368
2754.788086	1925.983398
2757.729492	1870.395386
2760.668945	1913.952026
2763.607422	1872.612671
2766.544922	1890.965942
2769.481445	1900.91748
2772.416016	1916.768433
2775.350586	1891.367554
2778.28418	1848.256714
2781.21582	1832.923828
2784.146484	1884.178711
2787.077148	1921.134155
2790.005859	1883.031128
2792.933594	1833.084229
2795.860352	1844.732178
2798.785156	1886.793091
2801.709961	1846.085083
2804.633789	1909.306519
2807.555664	1920.152222
2810.477539	1900.555908
2813.397461	1908.867188
2816.316406	1870.629883
2819.234375	1919.579224
2822.151367	1912.658203
2825.067383	1936.236816
2827.982422	1935.249634
2830.896484	1904.581787
2833.80957	1976.535034
2836.720703	2013.747559
2839.631836	2019.576904
2842.541016	2039.846802
2845.450195	2113.6521
2848.357422	2235.102295
2851.263672	2265.673584
2854.168945	2332.836914
2857.073242	2335.389648
2859.976563	2396.668701
2862.878906	2445.220947
2865.779297	2422.264404
2868.679688	2528.797852
2871.579102	2617.509277
2874.476563	2689.231934
2877.374023	2750.770752
2880.269531	2750.918945
2883.164063	2740.82373
2886.057617	2770.853027
2888.950195	2775.277832
2891.841797	2792.522705
2894.732422	2826.875732
2897.62207	2839.019775
2900.510742	2834.918945
2903.398438	2879.592041
2906.28418	2915.736328
2909.169922	3032.404785
2912.053711	2985.531494
2914.9375	3142.587402
2917.819336	3106.006348
2920.700195	3263.218506
2923.581055	3333.893555
2926.459961	3353.125244
2929.337891	3334.593994
2932.214844	3404.510742
2935.09082	3426.364014
2937.96582	3448.232422
2940.838867	3331.689453
2943.711914	3194.418945
2946.583984	3108.673096
2949.454102	3064.179443
2952.324219	3002.431885
2955.193359	2918.244141
2958.060547	2918.437256
2960.926758	2872.08374
2963.792969	2799.827393
2966.657227	2838.792725
2969.520508	2749.212891
2972.382813	2734.66748
2975.244141	2692.478027
2978.104492	2679.62793
2980.963867	2558.749268
2983.822266	2567.452148
2986.679688	2502.655029
2989.536133	2453.38208
2992.390625	2391.957275
2995.245117	2327.890869
2998.098633	2300.150391
3000.950195	2218.677002
3003.801758	2201.276123
3006.651367	2161.321289
3009.500977	2134.346191
3012.348633	2089.13208
3015.195313	2043.016968
3018.041992	1991.659058
3020.886719	2009.745117
3023.730469	2005.25415
3026.573242	1979.900146
3029.415039	1984.088867
3032.255859	2018.721802
3035.095703	2002.044678
3037.93457	1981.003296
3040.772461	1995.64502
3043.609375	2014.651855
3046.445313	1981.392334
3049.280273	2030.914063
3052.114258	1972.349121
3054.946289	1987.011841
3057.77832	2091.55957
3060.609375	2048.664063
3063.438477	2086.944824
3066.267578	2071.968262
3069.094727	2057.854248
3071.921875	2026.247192
3074.74707	1959.638916
3077.572266	1979.584106
3080.395508	1986.41687
3083.21875	1925.849365
3086.040039	1977.327637
3088.860352	1985.917603
3091.679688	1975.234131
3094.499023	1978.568848
3097.316406	1906.487793
3100.132813	1960.680664
3102.948242	1913.113037
3105.762695	1951.544067
3108.576172	1911.842163
3111.388672	1969.626465
3114.201172	1885.960571
3117.011719	1938.501221
3119.821289	1888.182983
3122.629883	1909.089355
3125.436523	1913.288818
3128.243164	1905.165283
3131.048828	1928.740845
3133.853516	1942.641602
3136.657227	1928.349243
3139.459961	1945.7854
3142.261719	1930.601196
3145.0625	1932.168823
3147.861328	1924.911377
3150.660156	1897.341675
3153.458008	1901.547607
3156.254883	1886.318481
3159.049805	1895.825562
3161.844727	1928.326782
3164.638672	1893.631592
3167.430664	1938.541138
3170.222656	1925.066162
3173.013672	1912.466675
3175.802734	1964.514893
3178.591797	1944.831421
3181.379883	1957.928101
3184.166016	1883.254761
3186.952148	1912.303467
3189.737305	1917.415771
3192.520508	1887.027344
3195.303711	1893.021362
3198.084961	1886.583984
3200.866211	1885.695801
