399.363281	1104.031128
403.25	1105.782104
407.134766	1130.435547
411.017578	1104.832642
414.898438	1069.019897
418.777344	1078.401123
422.654297	1062.937378
426.53125	1059.572876
430.404297	1058.756348
434.277344	1045.177246
438.148438	1057.758667
442.017578	1091.425659
445.884766	1054.841309
449.751953	1060.411255
453.615234	1059.591064
457.478516	1061.328857
461.339844	1047.70752
465.199219	1066.088623
469.056641	1039.004883
472.912109	1072.136963
476.765625	1060.418823
480.619141	1042.276123
484.470703	1055.559692
488.320313	1043.17627
492.167969	1055.828735
496.013672	1066.564453
499.857422	1081.165771
503.699219	1070.056885
507.541016	1037.064453
511.380859	1071.623169
515.21875	1050.192505
519.054688	1083.497681
522.888672	1064.630737
526.720703	1085.720459
530.552734	1053.29248
534.380859	1085.364624
538.208984	1059.363647
542.035156	1085.006958
545.859375	1076.427856
549.683594	1069.133911
553.503906	1031.439819
557.324219	1057.760986
561.140625	1098.343384
564.957031	1035.359741
568.773438	1051.998779
572.585938	1045.969727
576.396484	1043.17688
580.207031	1061.137207
584.015625	1040.178711
587.820313	1036.729736
591.626953	1036.52478
595.429688	1051.263062
599.230469	1033.513306
603.03125	1032.005249
606.828125	1042.856201
610.625	1034.190918
614.419922	1054.167358
618.214844	1042.893311
622.005859	1055.721436
625.796875	1050.957275
629.583984	1044.232178
633.371094	1060.338989
637.15625	1082.334473
640.941406	1091.939941
644.722656	1082.606201
648.503906	1059.537842
652.283203	1056.720703
656.060547	1076.797485
659.835938	1048.460449
663.609375	1069.859741
667.382813	1069.661133
671.152344	1070.772583
674.921875	1046.316895
678.689453	1093.329346
682.455078	1091.170776
686.220703	1075.881348
689.982422	1094.070679
693.744141	1119.502075
697.503906	1101.575195
701.261719	1094.153564
705.017578	1122.247803
708.773438	1121.409058
712.525391	1099.500854
716.277344	1161.224121
720.027344	1133.383179
723.775391	1154.300903
727.523438	1141.601196
731.267578	1175.075439
735.011719	1130.030029
738.753906	1126.547729
742.494141	1158.075317
746.232422	1159.227661
749.970703	1223.193359
753.707031	1171.456299
757.439453	1195.114258
761.171875	1179.07019
764.904297	1206.724609
768.632813	1193.984253
772.361328	1163.998047
776.087891	1200.964355
779.8125	1233.317505
783.535156	1225.211426
787.255859	1215.77002
790.976563	1207.648926
794.695313	1226.767334
798.412109	1226.621338
802.126953	1243.102783
805.839844	1199.046631
809.552734	1223.517822
813.263672	1212.713379
816.972656	1205.897095
820.679688	1247.064209
824.384766	1252.925171
828.089844	1218.098511
831.791016	1211.938843
835.492188	1207.109009
839.193359	1269.067749
842.890625	1238.865112
846.587891	1240.724365
850.28125	1249.272705
853.974609	1231.734619
857.666016	1217.528076
861.357422	1230.093994
865.044922	1215.204224
868.732422	1235.151123
872.417969	1200.13623
876.101563	1236.861694
879.785156	1227.316528
883.464844	1239.916382
887.144531	1239.094604
890.822266	1211.396606
894.5	1204.511963
898.173828	1231.915771
901.847656	1206.869629
905.519531	1201.992432
909.189453	1189.70459
912.857422	1205.696167
916.523438	1217.657715
920.189453	1214.797974
923.853516	1170.795654
927.515625	1215.142456
931.177734	1197.427246
934.835938	1173.619507
938.494141	1184.920166
942.150391	1194.878296
945.804688	1178.47583
949.458984	1200.614136
953.109375	1200.440186
956.759766	1222.605591
960.408203	1218.376465
964.056641	1203.980347
967.701172	1204.484009
971.345703	1179.219727
974.988281	1199.385986
978.628906	1195.136597
982.267578	1199.709717
985.90625	1188.663818
989.542969	1211.584473
993.177734	1214.129883
996.810547	1226.878296
1000.443359	1260.048218
1004.074219	1290.522827
1007.703125	1208.66748
1011.330078	1209.852783
1014.955078	1194.001099
1018.580078	1210.180054
1022.203125	1193.632568
1025.824219	1208.459473
1029.443359	1234.90332
1033.0625	1208.100464
1036.679688	1236.615234
1040.294922	1254.901001
1043.908203	1215.763916
1047.519531	1256.629639
1051.130859	1216.775757
1054.740234	1215.227905
1058.347656	1236.965698
1061.953125	1218.294067
1065.558594	1255.131348
1069.162109	1257.024414
1072.763672	1232.162354
1076.363281	1250.519043
1079.962891	1250.351685
1083.560547	1241.253906
1087.15625	1246.579346
1090.75	1264.971191
1094.34375	1215.288696
1097.933594	1257.764038
1101.523438	1267.922363
1105.113281	1249.85498
1108.699219	1236.594727
1112.285156	1271.566895
1115.869141	1235.551147
1119.451172	1233.303711
1123.03125	1291.778809
1126.611328	1280.577759
1130.189453	1269.367065
1133.765625	1251.237671
1137.341797	1215.121948
1140.914063	1239.134766
1144.486328	1277.002563
1148.056641	1236.007202
1151.626953	1262.134521
1155.193359	1261.270752
1158.759766	1250.012207
1162.324219	1222.800537
1165.888672	1247.577271
1169.449219	1252.948608
1173.009766	1276.369629
1176.568359	1283.145264
1180.125	1272.560425
1183.681641	1251.542847
1187.236328	1260.401245
1190.789063	1243.533569
1194.339844	1290.662964
1197.890625	1266.136475
1201.439453	1288.941162
1204.986328	1290.168701
1208.53125	1306.729004
1212.076172	1291.928345
1215.619141	1342.679688
1219.160156	1317.414063
1222.699219	1340.99231
1226.238281	1350.622437
1229.775391	1360.260132
1233.310547	1366.410645
1236.84375	1429.901855
1240.376953	1411.602661
1243.908203	1348.501343
1247.4375	1370.757568
1250.964844	1382.526245
1254.492188	1412.52124
1258.017578	1437.633911
1261.541016	1344.960083
1265.064453	1422.678833
1268.583984	1396.593628
1272.103516	1393.655762
1275.623047	1358.405518
1279.138672	1389.879639
1282.654297	1405.914185
1286.167969	1406.48999
1289.679688	1364.854004
1293.191406	1459.021118
1296.701172	1449.056641
1300.208984	1467.259521
1303.714844	1503.094116
1307.220703	1467.755371
1310.722656	1469.060791
1314.226563	1485.88916
1317.726563	1501.319092
1321.226563	1499.108154
1324.724609	1470.757568
1328.220703	1467.118164
1331.714844	1482.564209
1335.208984	1506.509766
1338.701172	1482.359741
1342.191406	1490.043335
1345.681641	1453.119385
1349.169922	1453.003784
1352.65625	1442.256714
1356.140625	1454.188965
1359.625	1444.851563
1363.107422	1492.983032
1366.587891	1465.906006
1370.068359	1433.835205
1373.544922	1445.786499
1377.021484	1459.168701
1380.498047	1465.45105
1383.970703	1441.862305
1387.443359	1481.587891
1390.914063	1467.240479
1394.384766	1452.881104
1397.851563	1464.871704
1401.318359	1454.775513
1404.785156	1446.096924
1408.248047	1446.684448
1411.710938	1434.426514
1415.171875	1469.277954
1418.630859	1439.162964
1422.089844	1443.319702
1425.546875	1453.197998
1429.001953	1504.559326
1432.457031	1500.877319
1435.908203	1525.103394
1439.361328	1530.733521
1442.810547	1560.004272
1446.257813	1581.416382
1449.705078	1558.401611
1453.152344	1582.69812
1456.595703	1604.861572
1460.039063	1571.779175
1463.480469	1571.69751
1466.919922	1532.109497
1470.359375	1532.010864
1473.796875	1485.185303
1477.232422	1515.271606
1480.666016	1500.775757
1484.099609	1512.898438
1487.53125	1495.509033
1490.962891	1428.402954
1494.390625	1423.935669
1497.818359	1465.602539
1501.246094	1474.127563
1504.669922	1455.963989
1508.09375	1443.55957
1511.515625	1452.084839
1514.935547	1477.231079
1518.355469	1471.322998
1521.773438	1438.660889
1525.189453	1473.233032
1528.605469	1461.526855
1532.019531	1482.382813
1535.431641	1473.56665
1538.841797	1468.36499
1542.251953	1499.393433
1545.660156	1520.296753
1549.068359	1499.87561
1552.472656	1508.460449
1555.876953	1567.136353
1559.28125	1543.803711
1562.681641	1544.424561
1566.082031	1573.388306
1569.480469	1577.655884
1572.878906	1592.109131
1576.273438	1592.021118
1579.667969	1581.01416
1583.0625	1591.115723
1586.453125	1605.595947
1589.84375	1564.699707
1593.234375	1575.53479
1596.621094	1547.721558
1600.007813	1582.636597
1603.392578	1582.541382
1606.777344	1597.780884
1610.160156	1562.624878
1613.541016	1587.368652
1616.919922	1610.669556
1620.298828	1597.417847
1623.675781	1589.2771
1627.050781	1558.437378
1630.425781	1589.085449
1633.798828	1611.699097
1637.169922	1593.289063
1640.541016	1593.193359
1643.910156	1626.103271
1647.277344	1657.571533
1650.642578	1625.20166
1654.007813	1615.570313
1657.371094	1627.970215
1660.734375	1658.753052
1664.09375	1633.682495
1667.453125	1662.28479
1670.8125	1621.742676
1674.167969	1626.070557
1677.523438	1562.6521
1680.878906	1578.009521
1684.230469	1598.537842
1687.582031	1569.683838
1690.933594	1587.274048
1694.28125	1554.702271
1697.628906	1559.750854
1700.974609	1525.664551
1704.320313	1473.081787
1707.664063	1492.883789
1711.005859	1532.663452
1714.345703	1522.918579
1717.685547	1526.484375
1721.023438	1476.756226
1724.361328	1521.775024
1727.695313	1500.155762
1731.03125	1504.457764
1734.363281	1512.469849
1737.695313	1507.879028
1741.025391	1514.414185
1744.353516	1489.035522
1747.681641	1499.280518
1751.007813	1513.247681
1754.332031	1519.793823
1757.65625	1505.527588
1760.978516	1498.687378
1764.298828	1492.585327
1767.619141	1501.365234
1770.9375	1484.088989
1774.253906	1477.972778
1777.570313	1468.870483
1780.884766	1546.988281
1784.197266	1504.342896
1787.509766	1536.276123
1790.818359	1527.180908
1794.128906	1509.117554
1797.435547	1523.161133
1800.742188	1537.215454
1804.048828	1565.484985
1807.351563	1554.137695
1810.654297	1495.644775
1813.955078	1524.678833
1817.255859	1512.552124
1820.554688	1526.633301
1823.851563	1494.263672
1827.148438	1530.838379
1830.443359	1543.442505
1833.736328	1518.542725
1837.027344	1495.124146
1840.318359	1549.776123
1843.609375	1528.604004
1846.896484	1522.443848
1850.183594	1498.236572
1853.46875	1555.230713
1856.753906	1547.567993
1860.037109	1539.898804
1863.318359	1528.458618
1866.599609	1550.151123
1869.878906	1514.592285
1873.15625	1514.434814
1876.433594	1570.835938
1879.708984	1526.943481
1882.982422	1523.770752
1886.255859	1534.940308
1889.527344	1552.160767
1892.796875	1540.681396
1896.066406	1551.11377
1899.333984	1547.942383
1902.599609	1540.985718
1905.865234	1530.99585
1909.128906	1544.467773
1912.390625	1495.843872
1915.652344	1527.496338
1918.912109	1554.625244
1922.169922	1560.543213
1925.427734	1508.813477
1928.683594	1562.526611
1931.939453	1571.490234
1935.191406	1505.272827
1938.445313	1555.247803
1941.695313	1582.459595
1944.945313	1605.130127
1948.193359	1557.837036
1951.441406	1555.403198
1954.6875	1593.313843
1957.931641	1535.297607
1961.173828	1568.658203
1964.416016	1586.801392
1967.658203	1610.295532
1970.896484	1562.109375
1974.134766	1539.828613
1977.373047	1553.407349
1980.607422	1563.178101
1983.84375	1571.428345
1987.076172	1573.570557
1990.308594	1568.833252
1993.539063	1569.445801
1996.767578	1582.300659
1999.996094	1597.461304
2003.222656	1607.273438
2006.449219	1576.493042
2009.673828	1564.846558
2012.896484	1586.15564
2016.119141	1571.435425
2019.339844	1536.755371
2022.558594	1535.051514
2025.777344	1556.380737
2028.994141	1585.407471
2032.208984	1590.635254
2035.423828	1573.573853
2038.636719	1595.718872
2041.847656	1603.26355
2045.058594	1560.018921
2048.267578	1544.457275
2051.476563	1552.76001
2054.683594	1594.971558
2057.888672	1572.466919
2061.09375	1568.451172
2064.296875	1594.517212
2067.498047	1575.071899
2070.699219	1606.564087
2073.898438	1571.661255
2077.097656	1575.361694
2080.292969	1582.15625
2083.490234	1557.253906
2086.683594	1571.781128
2089.876953	1618.045654
2093.068359	1593.127075
2096.259766	1587.549194
2099.449219	1575.768921
2102.636719	1624.430298
2105.824219	1640.565674
2109.009766	1638.874146
2112.195313	1582.866699
2115.378906	1601.332275
2118.560547	1645.436768
2121.742188	1622.768921
2124.921875	1610.185547
2128.099609	1605.366211
2131.277344	1626.985229
2134.453125	1622.167847
2137.626953	1629.799561
2140.800781	1593.834106
2143.972656	1581.208008
2147.144531	1651.948486
2150.314453	1580.090698
2153.482422	1576.801392
2156.650391	1597.693115
2159.816406	1593.626953
2162.980469	1584.092163
2166.144531	1637.031738
2169.306641	1618.911011
2172.46875	1607.028931
2175.628906	1631.887939
2178.787109	1594.969604
2181.945313	1607.321899
2185.101563	1593.849731
2188.255859	1628.921265
2191.410156	1602.12793
2194.564453	1616.067993
2197.714844	1619.825928
2200.865234	1601.624756
2204.013672	1623.426025
2207.162109	1598.146973
2210.308594	1634.09729
2213.455078	1586.02124
2216.599609	1629.852295
2219.742188	1597.459839
2222.884766	1616.948242
2226.025391	1638.024536
2229.164063	1612.68042
2232.302734	1634.557983
2235.439453	1653.30127
2238.576172	1598.777954
2241.710938	1677.429321
2244.84375	1689.900879
2247.976563	1572.218018
2251.107422	1642.2677
2254.236328	1635.791626
2257.365234	1620.622559
2260.492188	1651.266113
2263.619141	1670.077148
2266.744141	1641.460938
2269.867188	1661.072754
2272.990234	1637.178223
2276.111328	1629.88855
2279.232422	1636.846924
2282.351563	1636.680542
2285.46875	1633.343506
2288.585938	1649.030884
2291.701172	1667.902344
2294.816406	1663.778931
2297.929688	1647.746338
2301.041016	1653.139404
2304.152344	1614.848755
2307.261719	1653.606812
2310.369141	1628.005127
2313.476563	1609.540649
2316.583984	1650.72644
2319.6875	1701.493286
2322.791016	1740.356323
2325.894531	1746.594604
2328.996094	1760.804565
2332.095703	1762.272217
2335.195313	1724.67041
2338.292969	1676.670044
2341.388672	1674.116333
2344.484375	1643.621094
2347.578125	1672.994751
2350.671875	1644.072876
2353.763672	1655.08728
2356.853516	1706.083496
2359.943359	1644.348999
2363.03125	1699.379517
2366.119141	1657.604492
2369.205078	1631.811157
2372.289063	1630.828735
2375.373047	1677.121948
2378.457031	1706.616211
2381.537109	1706.461792
2384.617188	1723.153442
2387.697266	1663.618164
2390.773438	1700.375854
2393.851563	1690.579834
2396.925781	1718.537109
2400	1715.973267
2403.074219	1714.211182
2406.146484	1624.773926
2409.216797	1701.026001
2412.286133	1691.205444
2415.355469	1685.403442
2418.421875	1699.735596
2421.488281	1730.195679
2424.553711	1721.175903
2427.617188	1707.310059
2430.679688	1744.260498
2433.741211	1716.671631
2436.801758	1680.180298
2439.861328	1667.083984
2442.918945	1690.337646
2445.976563	1714.416626
2449.032227	1716.680908
2452.086914	1727.035767
2455.140625	1677.515503
2458.192383	1675.719727
2461.243164	1720.08252
2464.293945	1725.591797
2467.342773	1752.17627
2470.390625	1726.892578
2473.436523	1698.345215
2476.482422	1716.834717
2479.526367	1719.104492
2482.569336	1735.179077
2485.611328	1727.709351
2488.652344	1728.359497
2491.692383	1696.494141
2494.730469	1733.72583
2497.768555	1715.667236
2500.804688	1722.822632
2503.839844	1721.02771
2506.873047	1734.705078
2509.90625	1706.841431
2512.938477	1727.043091
2515.96875	1731.768188
2518.998047	1780.540894
2522.026367	1720.829102
2525.053711	1696.170898
2528.079102	1709.055542
2531.104492	1737.469727
2534.12793	1749.561523
2537.150391	1742.859985
2540.171875	1751.690918
2543.192383	1763.800415
2546.211914	1732.543579
2549.230469	1730.736206
2552.24707	1719.917969
2555.262695	1743.502563
2558.277344	1736.77832
2561.291016	1719.389648
2564.303711	1750.381348
2567.31543	1714.11145
2570.325195	1704.081177
2573.333984	1771.231567
2576.341797	1747.249512
2579.348633	1770.089966
2582.354492	1723.8927
2585.359375	1762.365845
2588.363281	1746.569946
2591.365234	1757.920654
2594.366211	1767.632813
2597.366211	1750.172729
2600.365234	1779.662476
2603.363281	1782.798584
2606.360352	1788.410278
2609.355469	1775.879272
2612.350586	1793.868896
2615.34375	1776.376953
2618.335938	1800.985474
2621.327148	1776.047729
2624.317383	1771.750488
2627.306641	1743.47583
2630.293945	1802.013672
2633.280273	1794.410889
2636.266602	1805.836914
2639.250977	1804.024414
2642.234375	1778.191772
2645.216797	1796.251465
2648.197266	1820.954956
2651.177734	1782.661255
2654.157227	1794.935425
2657.134766	1841.238525
2660.111328	1786.307129
2663.086914	1807.729126
2666.061523	1807.56897
2669.035156	1788.295288
2672.007813	1800.596436
2674.978516	1790.452881
2677.949219	1806.922607
2680.917969	1792.611938
2683.885742	1802.433594
2686.852539	1827.253296
2689.818359	1769.609131
2692.783203	1772.764404
2695.74707	1795.098145
2698.708984	1808.273193
2701.670898	1820.623169
2704.630859	1790.412598
2707.589844	1797.754395
2710.547852	1798.418579
2713.504883	1860.918579
2716.460938	1843.215454
2719.416016	1819.645264
2722.369141	1855.45166
2725.322266	1807.598999
2728.273438	1868.541382
2731.223633	1865.880737
2734.173828	1853.164307
2737.12207	1829.542969
2740.069336	1861.237915
2743.014648	1826.69812
2745.959961	1823.176025
2748.904297	1834.758667
2751.84668	1816.96228
2754.788086	1852.068604
2757.729492	1861.15271
2760.668945	1840.823486
2763.607422	1782.639771
2766.544922	1820.307129
2769.481445	1839.489014
2772.416016	1830.063477
2775.350586	1795.367554
2778.28418	1850.784058
2781.21582	1840.508301
2784.146484	1815.893066
2787.077148	1807.282837
2790.005859	1827.350098
2792.933594	1790.042236
2795.860352	1842.199341
2798.785156	1847.097778
2801.709961	1842.705566
2804.633789	1840.845337
2807.555664	1826.300659
2810.477539	1829.50708
2813.397461	1838.638428
2816.316406	1883.326416
2819.234375	1852.686035
2822.151367	1830.49353
2825.067383	1820.994751
2827.982422	1867.435425
2830.896484	1880.838013
2833.80957	1885.76709
2836.720703	1877.970215
2839.631836	1934.685059
2842.541016	1978.702393
2845.450195	1992.168091
2848.357422	2155.216553
2851.263672	2213.813965
2854.168945	2189.958252
2857.073242	2199.264893
2859.976563	2233.259521
2862.878906	2172.772949
2865.779297	2263.846191
2868.679688	2293.640137
2871.579102	2395.903076
2874.476563	2358.406982
2877.374023	2431.766602
2880.269531	2477.021484
2883.164063	2511.212402
2886.057617	2498.464111
2888.950195	2528.415527
2891.841797	2527.625977
2894.732422	2508.884277
2897.62207	2499.534668
2900.510742	2564.60083
2903.398438	2565.532471
2906.28418	2558.759766
2909.169922	2555.406982
2912.053711	2683.123291
2914.9375	2702.950928
2917.819336	2833.384033
2920.700195	2816.401855
2923.581055	2849.166504
2926.459961	2861.356445
2929.337891	2913.047607
2932.214844	2900.361572
2935.09082	2951.243896
2937.96582	2899.884277
2940.838867	2960.259766
2943.711914	2863.279785
2946.583984	2751.601563
2949.454102	2740.546875
2952.324219	2651.990234
2955.193359	2584.041504
2958.060547	2528.967773
2960.926758	2530.743652
2963.792969	2518.723633
2966.657227	2492.893066
2969.520508	2446.333496
2972.382813	2386.791504
2975.244141	2359.156494
2978.104492	2408.382568
2980.963867	2324.564453
2983.822266	2293.417725
2986.679688	2224.197754
2989.536133	2209.427979
2992.390625	2128.01123
2995.245117	2088.0896
2998.098633	2129.544434
3000.950195	2033.28186
3003.801758	2008.014404
3006.651367	1966.256104
3009.500977	1953.954468
3012.348633	1941.643433
3015.195313	1895.475342
3018.041992	1869.242432
3020.886719	1878.599243
3023.730469	1862.766357
3026.573242	1854.744019
3029.415039	1797.156738
3032.255859	1889.996826
3035.095703	1870.663208
3037.93457	1847.833862
3040.772461	1834.56543
3043.609375	1825.64209
3046.445313	1839.366455
3049.280273	1885.350708
3052.114258	1871.203003
3054.946289	1846.577637
3057.77832	1910.064209
3060.609375	1859.247681
3063.438477	1863.405884
3066.267578	1855.337402
3069.094727	1882.21582
3071.921875	1826.944092
3074.74707	1831.095093
3077.572266	1811.630005
3080.395508	1789.525269
3083.21875	1796.292236
3086.040039	1817.074707
3088.860352	1836.119629
3091.679688	1819.248535
3094.499023	1828.66394
3097.316406	1803.884766
3100.132813	1784.350952
3102.948242	1746.373779
3105.762695	1800.547363
3108.576172	1803.823486
3111.388672	1789.53125
3114.201172	1784.89563
3117.011719	1808.388672
3119.821289	1745.711792
3122.629883	1792.960449
3125.436523	1739.033447
3128.243164	1830.332031
3131.048828	1773.737061
3133.853516	1773.48645
3136.657227	1782.92981
3139.459961	1774.746704
3142.261719	1837.113892
3145.0625	1777.771851
3147.861328	1805.762817
3150.660156	1782.565308
3153.458008	1742.570068
3156.254883	1785.597046
3159.049805	1757.947388
3161.844727	1773.600952
3164.638672	1733.544067
3167.430664	1762.470947
3170.222656	1790.532837
3173.013672	1744.240356
3175.802734	1823.686279
3178.591797	1759.651489
3181.379883	1838.271973
3184.166016	1745.823242
3186.952148	1751.762207
3189.737305	1765.690552
3192.520508	1763.651611
3195.303711	1772.265747
3198.084961	1768.450439
3200.866211	1777.332642
