399.363281	2330.09668
403.25	2305.037354
407.134766	2277.410889
411.017578	2277.762695
414.898438	2281.297363
418.777344	2282.923584
422.654297	2326.609375
426.53125	2312.317139
430.404297	2304.389648
434.277344	2281.140869
438.148438	2299.364502
442.017578	2270.98291
445.884766	2290.494141
449.751953	2275.505859
453.615234	2289.918945
457.478516	2307.542725
461.339844	2238.778809
465.199219	2297.373047
469.056641	2238.152344
472.912109	2264.112305
476.765625	2275.989502
480.619141	2293.007568
484.470703	2277.313965
488.320313	2273.803223
492.167969	2302.400391
496.013672	2288.615967
499.857422	2330.741455
503.699219	2316.956055
507.541016	2322.458252
511.380859	2388.4646
515.21875	2337.982178
519.054688	2338.989258
522.888672	2329.685303
526.720703	2364.214111
530.552734	2337.496582
534.380859	2326.242188
538.208984	2322.078613
542.035156	2345.035889
545.859375	2369.950439
549.683594	2371.615723
553.503906	2364.228271
557.324219	2363.303223
561.140625	2282.768066
564.957031	2371.808838
568.773438	2346.916016
572.585938	2320.704834
576.396484	2328.83252
580.207031	2327.237305
584.015625	2288.003906
587.820313	2296.125977
591.626953	2365.952148
595.429688	2341.626953
599.230469	2314.679932
603.03125	2328.026855
606.828125	2301.049561
610.625	2341.736328
614.419922	2315.391602
618.214844	2350.906738
622.005859	2439.237793
625.796875	2382.256836
629.583984	2381.318848
633.371094	2365.371582
637.15625	2386.619141
640.941406	2393.516846
644.722656	2414.139893
648.503906	2372.03125
652.283203	2403.778076
656.060547	2412.654541
659.835938	2398.631348
663.609375	2427.809082
667.382813	2430.154785
671.152344	2445.60791
674.921875	2489.263916
678.689453	2418.835449
682.455078	2395.588867
686.220703	2426.148682
689.982422	2466.584473
693.744141	2424.930664
697.503906	2413.475098
701.261719	2492.750244
705.017578	2466.182373
708.773438	2494.213623
712.525391	2532.144043
716.277344	2552.322021
720.027344	2527.049316
723.775391	2598.660156
727.523438	2552.939453
731.267578	2568.539307
735.011719	2565.009766
738.753906	2554.872803
742.494141	2553.314941
746.232422	2601.983643
749.970703	2559.449219
753.707031	2621.389893
757.439453	2626.471924
761.171875	2642.150146
764.904297	2556.507568
768.632813	2588.732666
772.361328	2672.025146
776.087891	2716.261719
779.8125	2730.01709
783.535156	2689.358887
787.255859	2675.225342
790.976563	2645.136475
794.695313	2641.603516
798.412109	2642.055908
802.126953	2687.73584
805.839844	2708.833984
809.552734	2723.292236
813.263672	2692.476807
816.972656	2726.92627
820.679688	2688.086426
824.384766	2713.893311
828.089844	2707.700928
831.791016	2685.485596
835.492188	2645.89209
839.193359	2734.50708
842.890625	2745.015137
846.587891	2732.134033
850.28125	2747.998535
853.974609	2755.847168
857.666016	2759.685547
861.357422	2793.659424
865.044922	2782.107666
868.732422	2716.260254
872.417969	2732.824219
876.101563	2744.0354
879.785156	2739.821533
883.464844	2794.678955
887.144531	2725.336426
890.822266	2739.247803
894.5	2774.00708
898.173828	2751.637207
901.847656	2789.792969
905.519531	2827.97998
909.189453	2758.471924
912.857422	2789.26709
916.523438	2767.526367
920.189453	2757.901367
923.853516	2814.36084
927.515625	2814.19165
931.177734	2810.646729
934.835938	2826.680664
938.494141	2746.123291
942.150391	2790.527344
945.804688	2861.336426
949.458984	2807.069824
953.109375	2867.116699
956.759766	2835.822266
960.408203	2834.977051
964.056641	2819.902344
967.701172	2894.286133
971.345703	2849.385498
974.988281	2853.290283
978.628906	2870.770996
982.267578	2823.764893
985.90625	2856.189453
989.542969	2873.690918
993.177734	2842.939941
996.810547	2925.737305
1000.443359	2987.511475
1004.074219	3057.504395
1007.703125	2981.83374
1011.330078	2858.413574
1014.955078	2905.266357
1018.580078	2855.343018
1022.203125	2882.452148
1025.824219	2891.841309
1029.443359	2916.256104
1033.0625	3001.470703
1036.679688	2954.212402
1040.294922	2934.253662
1043.908203	2908.807373
1047.519531	2964.743164
1051.130859	2917.387451
1054.740234	2942.562988
1058.347656	2956.11499
1061.953125	3003.252686
1065.558594	2982.564941
1069.162109	3032.494385
1072.763672	3063.940674
1076.363281	3026.777832
1079.962891	2962.804688
1083.560547	3010.744629
1087.15625	3085.524414
1090.75	3081.304932
1094.34375	3112.156982
1097.933594	3147.162354
1101.523438	3150.532227
1105.113281	3052.67627
1108.699219	3062.208252
1112.285156	3103.450439
1115.869141	3047.508789
1119.451172	3123.955566
1123.03125	3150.781006
1126.611328	3150.704346
1130.189453	3160.986572
1133.765625	3124.985107
1137.341797	3073.055664
1140.914063	3009.327393
1144.486328	3069.371826
1148.056641	3099.706787
1151.626953	3134.219971
1155.193359	3154.908447
1158.759766	3128.495117
1162.324219	3123.54834
1165.888672	3197.653564
1169.449219	3195.504639
1173.009766	3292.603271
1176.568359	3237.025635
1180.125	3239.75
1183.681641	3207.730225
1187.236328	3231.994385
1190.789063	3204.115967
1194.339844	3233.963135
1197.890625	3286.804199
1201.439453	3330.635254
1204.986328	3336.883301
1208.53125	3388.435547
1212.076172	3423.296387
1215.619141	3481.202148
1219.160156	3510.545898
1222.699219	3514.781982
1226.238281	3529.496338
1229.775391	3458.28833
1233.310547	3528.205078
1236.84375	3599.576904
1240.376953	3609.449951
1243.908203	3610.232666
1247.4375	3606.114502
1250.964844	3625.804688
1254.492188	3607.674561
1258.017578	3626.678711
1261.541016	3618.349365
1265.064453	3599.489502
1268.583984	3688.691406
1272.103516	3695.820557
1275.623047	3685.39502
1279.138672	3696.040039
1282.654297	3735.513916
1286.167969	3736.34082
1289.679688	3758.976807
1293.191406	3881.573242
1296.701172	3782.474365
1300.208984	3891.795166
1303.714844	3876.474854
1307.220703	3927.408691
1310.722656	3964.983154
1314.226563	3893.227051
1317.726563	3972.460693
1321.226563	3952.194336
1324.724609	3977.12085
1328.220703	4064.256592
1331.714844	4027.73877
1335.208984	4024.432129
1338.701172	4009.093262
1342.191406	4004.358643
1345.681641	4010.241455
1349.169922	3942.450439
1352.65625	3960.358887
1356.140625	3952.756592
1359.625	3971.391113
1363.107422	3967.332764
1366.587891	3922.097168
1370.068359	3926.5354
1373.544922	3940.212402
1377.021484	4001.519531
1380.498047	3992.48291
1383.970703	3952.85083
1387.443359	3908.915527
1390.914063	3984.543945
1394.384766	3989.725586
1397.851563	3917.96167
1401.318359	3915.990479
1404.785156	3938.973877
1408.248047	3970.5354
1411.710938	3914.343018
1415.171875	3942.348389
1418.630859	3966.804443
1422.089844	3920.542236
1425.546875	3926.422119
1429.001953	3995.234375
1432.457031	4092.716553
1435.908203	4103.680176
1439.361328	4149.018066
1442.810547	4220.176758
1446.257813	4227.619629
1449.705078	4197.075195
1453.152344	4312.081543
1456.595703	4239.934082
1460.039063	4187.10498
1463.480469	4195.262207
1466.919922	4137.342285
1470.359375	4159.136719
1473.796875	4131.345703
1477.232422	4161.063965
1480.666016	4154.112793
1484.099609	4046.391602
1487.53125	4063.147705
1490.962891	4030.934326
1494.390625	4062.828613
1497.818359	3984.449219
1501.246094	3966.585693
1504.669922	4054.765869
1508.09375	3971.954102
1511.515625	3997.385498
1514.935547	4029.337402
1518.355469	4028.072021
1521.773438	4090.423828
1525.189453	4126.064941
1528.605469	4153.774902
1532.019531	4162.6875
1535.431641	4165.8125
1538.841797	4126.199707
1542.251953	4162.646484
1545.660156	4223.771484
1549.068359	4263.911621
1552.472656	4384.621094
1555.876953	4362.431641
1559.28125	4435.349609
1562.681641	4389.187988
1566.082031	4343.714355
1569.480469	4408.712402
1572.878906	4477.397461
1576.273438	4530.857422
1579.667969	4504.289063
1583.0625	4400.509277
1586.453125	4413.203125
1589.84375	4351.570801
1593.234375	4408.727051
1596.621094	4445.505859
1600.007813	4484.501953
1603.392578	4465.861328
1606.777344	4491.750488
1610.160156	4345.981934
1613.541016	4379.880371
1616.919922	4356.045898
1620.298828	4364.374023
1623.675781	4359.536621
1627.050781	4382.510254
1630.425781	4339.594727
1633.798828	4334.005371
1637.169922	4312.287598
1640.541016	4327.209961
1643.910156	4352.411621
1647.277344	4404.781738
1650.642578	4350.020508
1654.007813	4464.114746
1657.371094	4399.780273
1660.734375	4417.707031
1664.09375	4465.791016
1667.453125	4421.97168
1670.8125	4436.981934
1674.167969	4361.461426
1677.523438	4391.185059
1680.878906	4342.841309
1684.230469	4276.033203
1687.582031	4291.74707
1690.933594	4272.068359
1694.28125	4253.11084
1697.628906	4162.534668
1700.974609	4152.377441
1704.320313	4106.750977
1707.664063	4143.12207
1711.005859	4112.240234
1714.345703	4139.764648
1717.685547	4058.539551
1721.023438	4107.528809
1724.361328	4115.827637
1727.695313	4089.313477
1731.03125	4054.624756
1734.363281	4083.668701
1737.695313	4143.88623
1741.025391	4140.338379
1744.353516	4107.837891
1747.681641	4027.784912
1751.007813	4016.012451
1754.332031	4071.115234
1757.65625	4078.678711
1760.978516	4134.592285
1764.298828	4131.023926
1767.619141	4095.44458
1770.9375	4079.196777
1774.253906	4091.243164
1777.570313	4177.077148
1780.884766	4150.401855
1784.197266	4098.346191
1787.509766	4214.873047
1790.818359	4145.631836
1794.128906	4124.871582
1797.435547	4157.878906
1800.742188	4151.303711
1804.048828	4134.255859
1807.351563	4107.470703
1810.654297	4113.584473
1813.955078	4149.641113
1817.255859	4130.31543
1820.554688	4135.692871
1823.851563	4209.267578
1827.148438	4138.211426
1830.443359	4126.346191
1833.736328	4145.981934
1837.027344	4170.885742
1840.318359	4143.999023
1843.609375	4180.1875
1846.896484	4223.91748
1850.183594	4236.10791
1853.46875	4168.589844
1856.753906	4204.84082
1860.037109	4225.313965
1863.318359	4186.320313
1866.599609	4207.553223
1869.878906	4208.456543
1873.15625	4225.19043
1876.433594	4222.328613
1879.708984	4278.308594
1882.982422	4186.407227
1886.255859	4228.824707
1889.527344	4271.274414
1892.796875	4217.039063
1896.066406	4344.932617
1899.333984	4206.743164
1902.599609	4200.074707
1905.865234	4252.430176
1909.128906	4198.075195
1912.390625	4214.114258
1915.652344	4239.256836
1918.912109	4203.779297
1922.169922	4230.452148
1925.427734	4257.14502
1928.683594	4234.530762
1931.939453	4287.814941
1935.191406	4239.370605
1938.445313	4211.401367
1941.695313	4298.938965
1944.945313	4229.148926
1948.193359	4271.881348
1951.441406	4344.323242
1954.6875	4365.816895
1957.931641	4263.954102
1961.173828	4254.956543
1964.416016	4310.734375
1967.658203	4310.132813
1970.896484	4290.461426
1974.134766	4294.427734
1977.373047	4257.175781
1980.607422	4244.330566
1983.84375	4350.648438
1987.076172	4380.625
1990.308594	4367.809082
1993.539063	4319.800293
1996.767578	4329.902832
1999.996094	4346.135742
2003.222656	4349.362793
2006.449219	4271.39209
2009.673828	4355.055176
2012.896484	4339.120605
2016.119141	4303.999512
2019.339844	4347.107422
2022.558594	4315.029785
2025.777344	4327.460449
2028.994141	4307.638184
2032.208984	4327.757324
2035.423828	4362.49707
2038.636719	4288.830566
2041.847656	4314.348633
2045.058594	4355.277344
2048.267578	4383.148438
2051.476563	4347.111816
2054.683594	4308.734863
2057.888672	4379.782715
2061.09375	4308.228516
2064.296875	4321.473145
2067.498047	4366.367676
2070.699219	4351.851074
2073.898438	4326.509277
2077.097656	4311.190918
2080.292969	4324.45752
2083.490234	4300.618652
2086.683594	4294.551758
2089.876953	4344.193359
2093.068359	4408.580566
2096.259766	4368.470703
2099.449219	4339.949707
2102.636719	4365.65625
2105.824219	4345.638184
2109.009766	4408.594727
2112.195313	4403.317871
2115.378906	4420.546387
2118.560547	4419.150879
2121.742188	4336.1875
2124.921875	4298.231934
2128.099609	4368.306641
2131.277344	4330.331543
2134.453125	4353.011719
2137.626953	4405.284668
2140.800781	4433.459473
2143.972656	4356.500977
2147.144531	4414.287109
2150.314453	4371.558105
2153.482422	4378.704102
2156.650391	4362.451172
2159.816406	4360.231934
2162.980469	4402.51123
2166.144531	4406.552246
2169.306641	4365.277832
2172.46875	4323.970703
2175.628906	4354.568359
2178.787109	4385.970703
2181.945313	4381.399902
2185.101563	4388.566895
2188.255859	4376.159668
2191.410156	4398.213379
2194.564453	4389.717285
2197.714844	4375.725098
2200.865234	4457.411133
2204.013672	4430.87793
2207.162109	4347.022461
2210.308594	4392.666992
2213.455078	4390.427246
2216.599609	4348.89209
2219.742188	4379.649902
2222.884766	4382.118164
2226.025391	4459.329102
2229.164063	4370.529297
2232.302734	4368.269531
2235.439453	4446.348633
2238.576172	4405.503906
2241.710938	4435.570801
2244.84375	4465.659668
2247.976563	4431.083008
2251.107422	4496.704102
2254.236328	4491.321777
2257.365234	4388.791016
2260.492188	4426.025391
2263.619141	4396.104492
2266.744141	4409.647461
2269.867188	4404.21582
2272.990234	4507.977051
2276.111328	4323.677246
2279.232422	4494.795898
2282.351563	4411.749023
2285.46875	4464.947754
2288.585938	4480.131836
2291.701172	4527.843262
2294.816406	4441.504395
2297.929688	4420.976563
2301.041016	4456.806641
2304.152344	4428.32373
2307.261719	4458.619629
2310.369141	4391.162109
2313.476563	4465.202637
2316.583984	4478.838379
2319.6875	4445.529297
2322.791016	4473.496094
2325.894531	4530.95166
2328.996094	4539.848145
2332.095703	4625.26709
2335.195313	4457.990234
2338.292969	4453.305664
2341.388672	4434.253906
2344.484375	4450.30957
2347.578125	4444.81543
2350.671875	4457.69043
2353.763672	4512.130859
2356.853516	4539.429199
2359.943359	4463.575684
2363.03125	4496.475098
2366.119141	4419.745117
2369.205078	4501.492676
2372.289063	4491.187012
2375.373047	4487.282715
2378.457031	4525.058105
2381.537109	4497.90625
2384.617188	4497.206055
2387.697266	4515.76416
2390.773438	4544.772461
2393.851563	4537.660645
2396.925781	4539.380371
2400	4512.166016
2403.074219	4509.050781
2406.146484	4544.541016
2409.216797	4563.963867
2412.286133	4529.468262
2415.355469	4536.01416
2418.421875	4456.368652
2421.488281	4508.82373
2424.553711	4528.264648
2427.617188	4517.072754
2430.679688	4532.495605
2433.741211	4572.141602
2436.801758	4573.061523
2439.861328	4599.019531
2442.918945	4597.524414
2445.976563	4642.908691
2449.032227	4522.560547
2452.086914	4556.624023
2455.140625	4606.086914
2458.192383	4542.25293
2461.243164	4557.732422
2464.293945	4635.603516
2467.342773	4608.985352
2470.390625	4592.074707
2473.436523	4592.182617
2476.482422	4599.591797
2479.526367	4578.597168
2482.569336	4557.585449
2485.611328	4551.178223
2488.652344	4624.397461
2491.692383	4618.821289
2494.730469	4628.69043
2497.768555	4570.231934
2500.804688	4582.529297
2503.839844	4602.976074
2506.873047	4574.571777
2509.90625	4599.916992
2512.938477	4560.893066
2515.96875	4617.23291
2518.998047	4618.150391
2522.026367	4681.07959
2525.053711	4608.556641
2528.079102	4625.799805
2531.104492	4587.508301
2534.12793	4589.228027
2537.150391	4670.243652
2540.171875	4595.12207
2543.192383	4650.019043
2546.211914	4695.135742
2549.230469	4694.437988
2552.24707	4608.561523
2555.262695	4633.227051
2558.277344	4653.812012
2561.291016	4612.916504
2564.303711	4562.146484
2567.31543	4630.316406
2570.325195	4654.209961
2573.333984	4715.072754
2576.341797	4731.620605
2579.348633	4717.774414
2582.354492	4680.07666
2585.359375	4685.936035
2588.363281	4724.706055
2591.365234	4657.337402
2594.366211	4708.473145
2597.366211	4669.048828
2600.365234	4643.600586
2603.363281	4732.699707
2606.360352	4741.884277
2609.355469	4710.657715
2612.350586	4657.12793
2615.34375	4721.59668
2618.335938	4791.893066
2621.327148	4712.722168
2624.317383	4769.01709
2627.306641	4759.217773
2630.293945	4760.988281
2633.280273	4740.421387
2636.266602	4736.390625
2639.250977	4784.514648
2642.234375	4796.230957
2645.216797	4773.98584
2648.197266	4855.327148
2651.177734	4773.386719
2654.157227	4774.329102
2657.134766	4758.67627
2660.111328	4798.625
2663.086914	4831.959473
2666.061523	4793.878906
2669.035156	4771.557617
2672.007813	4868.925781
2674.978516	4767.61084
2677.949219	4815.132813
2680.917969	4751.17041
2683.885742	4807.876953
2686.852539	4817.985352
2689.818359	4790.608887
2692.783203	4804.883301
2695.74707	4921.720703
2698.708984	4842.635742
2701.670898	4861.11377
2704.630859	4839.539551
2707.589844	4879.738281
2710.547852	4975.931152
2713.504883	4929.303223
2716.460938	4903.538086
2719.416016	4894.477539
2722.369141	4948.149902
2725.322266	4955.833984
2728.273438	4914.967285
2731.223633	4906.730469
2734.173828	4960.481934
2737.12207	4912.025391
2740.069336	4970.84668
2743.014648	4944.162109
2745.959961	4951.856934
2748.904297	4939.412109
2751.84668	4909.324707
2754.788086	4964.887695
2757.729492	4885.210938
2760.668945	4814.720215
2763.607422	4825.740234
2766.544922	4885.556152
2769.481445	4844.436523
2772.416016	4968.277344
2775.350586	4913.681641
2778.28418	4911.274902
2781.21582	4954.37207
2784.146484	4872.730957
2787.077148	4850.0625
2790.005859	4917.646973
2792.933594	4939.706543
2795.860352	5021.724121
2798.785156	4920.526367
2801.709961	4950.211914
2804.633789	4946.955078
2807.555664	4920.02002
2810.477539	4959.038574
2813.397461	4981.161621
2816.316406	4984.678223
2819.234375	4920.456543
2822.151367	4942.586426
2825.067383	4976.594727
2827.982422	5025.884766
2830.896484	5048.922363
2833.80957	5077.913574
2836.720703	5054.311035
2839.631836	5157.179199
2842.541016	5267.76416
2845.450195	5366.535645
2848.357422	5570.758789
2851.263672	5577.042969
2854.168945	5751.723145
2857.073242	5708.72998
2859.976563	5757.62207
2862.878906	5895.945313
2865.779297	6011.37207
2868.679688	6089.392578
2871.579102	6206.67627
2874.476563	6397.370605
2877.374023	6365.582031
2880.269531	6466.024902
2883.164063	6431.674316
2886.057617	6470.731445
2888.950195	6470.522949
2891.841797	6489.966309
2894.732422	6568.404297
2897.62207	6470.742188
2900.510742	6571.46875
2903.398438	6708.208496
2906.28418	6644.728516
2909.169922	6758.469238
2912.053711	6921.978516
2914.9375	7075.320801
2917.819336	7174.763184
2920.700195	7315.441406
2923.581055	7499.973633
2926.459961	7508.700684
2929.337891	7551.773438
2932.214844	7594.875977
2935.09082	7633.712402
2937.96582	7664.839844
2940.838867	7475.021484
2943.711914	7368.494141
2946.583984	7114.757324
2949.454102	6934.857422
2952.324219	6837.485352
2955.193359	6872.688965
2958.060547	6664.928711
2960.926758	6759.567871
2963.792969	6630.943359
2966.657227	6560.017578
2969.520508	6388.080078
2972.382813	6399.018066
2975.244141	6260.572266
2978.104492	6272.333496
2980.963867	6073.249023
2983.822266	6052.098633
2986.679688	5960.02002
2989.536133	5980.334961
2992.390625	5863.930176
2995.245117	5734.45459
2998.098633	5588.430176
3000.950195	5516.804199
3003.801758	5412.192383
3006.651367	5386.397461
3009.500977	5290.333984
3012.348633	5249.725098
3015.195313	5114.485352
3018.041992	5120.665039
3020.886719	5143.349609
3023.730469	5135.640137
3026.573242	5106.195313
3029.415039	5081.075684
3032.255859	5110.732422
3035.095703	5029.039063
3037.93457	5056.084473
3040.772461	5102.303711
3043.609375	5055.356445
3046.445313	5103.348633
3049.280273	5106.920898
3052.114258	5081.720215
3054.946289	5163.788086
3057.77832	5083.615234
3060.609375	5109.00293
3063.438477	5222.601074
3066.267578	5099.557617
3069.094727	5144.19873
3071.921875	5088.345215
3074.74707	5042.944336
3077.572266	5051.744629
3080.395508	5021.171875
3083.21875	4970.442383
3086.040039	5079.928223
3088.860352	5025.676758
3091.679688	4980.148926
3094.499023	5003.841797
3097.316406	4977.564453
3100.132813	4890.73584
3102.948242	5019.727539
3105.762695	4924.949219
3108.576172	4925.825684
3111.388672	5033.880371
3114.201172	4979.428223
3117.011719	4970.651367
3119.821289	4990.888672
3122.629883	4974.189453
3125.436523	4939.875488
3128.243164	4961.000977
3131.048828	4956.599609
3133.853516	4957.480469
3136.657227	5007.714844
3139.459961	4928.382813
3142.261719	4941.598145
3145.0625	4945.999512
3147.861328	4934.516113
3150.660156	4936.26709
3153.458008	5016.623535
3156.254883	4870.854492
3159.049805	4851.369141
3161.844727	4919.399414
3164.638672	4946.791992
3167.430664	4888.379395
3170.222656	4906.927246
3173.013672	4869.706543
3175.802734	4855.487305
3178.591797	4889.102051
3181.379883	4873.991211
3184.166016	4821.628906
3186.952148	4927.108398
3189.737305	4872.951172
3192.520508	4844.494629
3195.303711	4882.609863
3198.084961	4929.633301
3200.866211	4817.717285
