399.363281	1158.692383
403.25	1106.417969
407.134766	1136.160889
411.017578	1102.92334
414.898438	1091.941162
418.777344	1121.078613
422.654297	1104.996094
426.53125	1076.786133
430.404297	1088.733276
434.277344	1105.15686
438.148438	1082.654663
442.017578	1092.702881
445.884766	1074.647461
449.751953	1072.555786
453.615234	1064.067383
457.478516	1061.968628
461.339844	1031.707031
465.199219	1101.30481
469.056641	1057.581421
472.912109	1095.20752
476.765625	1093.116089
480.619141	1127.582397
484.470703	1081.226807
488.320313	1076.557861
492.167969	1069.315674
496.013672	1080.699585
499.857422	1106.877197
503.699219	1103.496094
507.541016	1087.244995
511.380859	1070.979492
515.21875	1095.265137
519.054688	1106.687866
522.888672	1147.120361
526.720703	1116.667358
530.552734	1084.897705
534.380859	1073.104248
538.208984	1067.110352
542.035156	1068.860962
545.859375	1067.382324
549.683594	1104.039185
553.503906	1103.866943
557.324219	1082.991943
561.140625	1082.809937
564.957031	1072.914917
568.773438	1099.286865
572.585938	1084.853394
576.396484	1049.660278
580.207031	1051.407837
584.015625	1087.548096
587.820313	1067.240967
591.626953	1077.440186
595.429688	1064.907471
599.230469	1051.713623
603.03125	1017.048645
606.828125	1057.819214
610.625	1034.190918
614.419922	1050.911743
618.214844	1055.269897
622.005859	1094.170532
625.796875	1076.383667
629.583984	1062.494751
633.371094	1047.941162
637.15625	1052.305908
640.941406	1086.715454
644.722656	1088.486328
648.503906	1103.331177
652.283203	1086.800659
656.060547	1090.535522
659.835938	1121.106567
663.609375	1128.132446
667.382813	1095.862183
671.152344	1165.136841
674.921875	1137.443481
678.689453	1130.057861
682.455078	1120.041138
686.220703	1131.021118
689.982422	1127.562622
693.744141	1110.304199
697.503906	1134.438477
701.261719	1184.894653
705.017578	1146.58728
708.773438	1138.519653
712.525391	1140.320679
716.277344	1170.445435
720.027344	1202.572266
723.775391	1192.535889
727.523438	1224.69873
731.267578	1217.301514
735.011719	1166.993652
738.753906	1199.845947
742.494141	1231.404663
746.232422	1268.276978
749.970703	1258.897339
753.707031	1229.665283
757.439453	1239.451294
761.171875	1234.680542
764.904297	1229.243042
768.632813	1238.377563
772.361328	1246.856689
776.087891	1298.447266
779.8125	1302.314331
783.535156	1321.449585
787.255859	1293.457153
790.976563	1291.347412
794.695313	1287.241821
798.412109	1269.170776
802.126953	1290.991211
805.839844	1298.190918
809.552734	1310.72168
813.263672	1327.924561
816.972656	1318.491821
820.679688	1325.047363
824.384766	1309.603516
828.089844	1310.15625
831.791016	1267.330322
835.492188	1289.229736
839.193359	1276.414917
842.890625	1303.681763
846.587891	1322.949097
850.28125	1331.532104
853.974609	1346.143433
857.666016	1302.534058
861.357422	1323.840942
865.044922	1339.806152
868.732422	1284.744873
872.417969	1281.262817
876.101563	1302.595093
879.785156	1318.576782
883.464844	1303.691162
887.144531	1310.955322
890.822266	1312.178345
894.5	1314.746216
898.173828	1357.662598
901.847656	1298.360352
905.519531	1335.248047
909.189453	1313.590088
912.857422	1306.732178
916.523438	1296.498901
920.189453	1291.64978
923.853516	1300.958984
927.515625	1298.805786
931.177734	1308.125122
934.835938	1262.079834
938.494141	1305.844116
942.150391	1296.253662
945.804688	1298.824951
949.458984	1307.485718
953.109375	1295.852783
956.759766	1305.195801
960.408203	1303.032959
964.056641	1294.770142
967.701172	1299.378662
971.345703	1318.230713
974.988281	1301.822144
978.628906	1308.474365
982.267578	1315.810669
985.90625	1332.661987
989.542969	1333.218628
993.177734	1332.415649
996.810547	1396.220093
1000.443359	1424.0177
1004.074219	1479.744995
1007.703125	1372.773926
1011.330078	1298.411865
1014.955078	1343.932739
1018.580078	1306.312622
1022.203125	1282.302368
1025.824219	1323.77832
1029.443359	1338.665283
1033.0625	1356.978882
1036.679688	1298.10437
1040.294922	1334.870117
1043.908203	1345.682373
1047.519531	1305.198364
1051.130859	1344.064941
1054.740234	1354.893433
1058.347656	1304.772705
1061.953125	1347.112671
1065.558594	1349.728882
1069.162109	1350.975464
1072.763672	1368.688232
1076.363281	1391.219604
1079.962891	1403.469971
1083.560547	1386.879639
1087.15625	1428
1090.75	1401.78064
1094.34375	1388.606689
1097.933594	1410.512207
1101.523438	1408.34375
1105.113281	1404.795776
1108.699219	1395.044189
1112.285156	1373.567993
1115.869141	1383.10022
1119.451172	1405.055786
1123.03125	1447.040649
1126.611328	1407.599976
1130.189453	1415.088745
1133.765625	1373.528687
1137.341797	1344.375488
1140.914063	1343.548462
1144.486328	1281.153076
1148.056641	1321.821777
1151.626953	1377.062866
1155.193359	1369.320313
1158.759766	1377.507935
1162.324219	1362.133179
1165.888672	1388.354492
1169.449219	1356.320435
1173.009766	1426.285767
1176.568359	1405.349609
1180.125	1392.036621
1183.681641	1352.305664
1187.236328	1334.787964
1190.789063	1352.725342
1194.339844	1395.725098
1197.890625	1384.467041
1201.439453	1433.085327
1204.986328	1432.978882
1208.53125	1473.990356
1212.076172	1484.358032
1215.619141	1458.463989
1219.160156	1524.65564
1222.699219	1565.072754
1226.238281	1582.476929
1229.775391	1595.004517
1233.310547	1567.702881
1236.84375	1595.616577
1240.376953	1573.888062
1243.908203	1580.132813
1247.4375	1622.786621
1250.964844	1582.131104
1254.492188	1584.181885
1258.017578	1543.476318
1261.541016	1558.134155
1265.064453	1548.952026
1268.583984	1574.150513
1272.103516	1595.156616
1275.623047	1564.90564
1279.138672	1567.654907
1282.654297	1601.336182
1286.167969	1552.765015
1289.679688	1604.758789
1293.191406	1608.934937
1296.701172	1663.105835
1300.208984	1683.509521
1303.714844	1744.096558
1307.220703	1753.269653
1310.722656	1742.702515
1314.226563	1729.304077
1317.726563	1725.070068
1321.226563	1729.305664
1324.724609	1710.232544
1328.220703	1744.852905
1331.714844	1790.106079
1335.208984	1778.105957
1338.701172	1761.142456
1342.191406	1752.659058
1345.681641	1698.846802
1349.169922	1690.330078
1352.65625	1687.47583
1356.140625	1676.110596
1359.625	1690.270508
1363.107422	1633.482422
1366.587891	1645.506104
1370.068359	1610.667847
1373.544922	1613.4552
1377.021484	1626.90564
1380.498047	1619.0354
1383.970703	1577.014648
1387.443359	1611.102295
1390.914063	1623.860107
1394.384766	1610.276611
1397.851563	1620.906128
1401.318359	1598.756226
1404.785156	1587.283813
1408.248047	1545.84082
1411.710938	1599.278564
1415.171875	1589.932983
1418.630859	1579.151001
1422.089844	1573.361328
1425.546875	1602.592163
1429.001953	1635.421631
1432.457031	1682.585083
1435.908203	1661.797241
1439.361328	1712.588745
1442.810547	1766.285889
1446.257813	1807.128296
1449.705078	1846.569702
1453.152344	1836.560913
1456.595703	1789.9552
1460.039063	1767.713379
1463.480469	1779.198975
1466.919922	1764.834961
1470.359375	1720.278687
1473.796875	1678.561279
1477.232422	1642.562988
1480.666016	1657.616211
1484.099609	1596.38855
1487.53125	1558.151978
1490.962891	1565.264526
1494.390625	1519.056885
1497.818359	1502.368774
1501.246094	1504.417847
1504.669922	1466.786255
1508.09375	1486.144531
1511.515625	1486.744263
1514.935547	1489.51123
1518.355469	1493.725342
1521.773438	1554.332153
1525.189453	1481.911865
1528.605469	1523.026733
1532.019531	1560.555298
1535.431641	1530.771362
1538.841797	1550.946899
1542.251953	1593.60376
1545.660156	1564.520874
1549.068359	1623.898193
1552.472656	1637.612061
1555.876953	1689.081299
1559.28125	1689.76062
1562.681641	1691.893066
1566.082031	1702.020996
1569.480469	1728.151245
1572.878906	1748.483398
1576.273438	1766.648682
1579.667969	1726.595581
1583.0625	1732.386353
1586.453125	1738.909912
1589.84375	1695.1521
1593.234375	1717.704712
1596.621094	1700.15979
1600.007813	1695.734131
1603.392578	1675.245605
1606.777344	1699.285156
1610.160156	1699.23584
1613.541016	1696.99353
1616.919922	1692.555664
1620.298828	1731.998901
1623.675781	1696.107056
1627.050781	1688.734131
1630.425781	1682.087158
1633.798828	1695.947021
1637.169922	1684.899536
1640.541016	1687.773193
1643.910156	1739.057617
1647.277344	1737.551758
1650.642578	1769.076782
1654.007813	1843.953247
1657.371094	1814.569702
1660.734375	1828.523438
1664.09375	1793.227539
1667.453125	1859.405273
1670.8125	1863.826782
1674.167969	1811.570679
1677.523438	1728.343384
1680.878906	1752.6073
1684.230469	1726.774658
1687.582031	1673.641235
1690.933594	1627.840942
1694.28125	1631.441284
1697.628906	1570.823486
1700.974609	1617.234009
1704.320313	1558.038818
1707.664063	1503.230469
1711.005859	1511.222412
1714.345703	1494.812256
1717.685547	1487.267944
1721.023438	1475.275757
1724.361328	1454.387451
1727.695313	1488.302612
1731.03125	1437.75769
1734.363281	1484.296387
1737.695313	1476.727661
1741.025391	1456.538452
1744.353516	1452.66333
1747.681641	1464.379028
1751.007813	1473.875122
1754.332031	1421.694702
1757.65625	1443.81958
1760.978516	1455.54895
1764.298828	1429.34021
1767.619141	1467.124878
1770.9375	1423.772217
1774.253906	1462.328979
1777.570313	1470.360962
1780.884766	1479.144409
1784.197266	1457.355469
1787.509766	1475.093628
1790.818359	1471.945679
1794.128906	1482.235718
1797.435547	1432.772461
1800.742188	1452.022095
1804.048828	1469.043945
1807.351563	1425.498779
1810.654297	1443.270996
1813.955078	1431.865723
1817.255859	1416.707153
1820.554688	1464.459351
1823.851563	1453.797241
1827.148438	1485.857788
1830.443359	1436.946411
1833.736328	1442.015381
1837.027344	1455.344238
1840.318359	1484.451172
1843.609375	1479.778809
1846.896484	1499.900269
1850.183594	1462.904297
1853.46875	1440.167725
1856.753906	1474.59082
1860.037109	1454.850708
1863.318359	1483.282471
1866.599609	1489.892578
1869.878906	1501.028809
1873.15625	1528.757446
1876.433594	1402.666748
1879.708984	1501.293213
1882.982422	1433.204834
1886.255859	1457.929077
1889.527344	1488.714844
1892.796875	1470.410034
1896.066406	1461.917236
1899.333984	1480.640503
1902.599609	1497.865356
1905.865234	1451.532471
1909.128906	1481.62915
1912.390625	1469.335327
1915.652344	1481.277344
1918.912109	1520.515991
1922.169922	1515.804565
1925.427734	1472.401733
1928.683594	1521.547241
1931.939453	1506.960449
1935.191406	1503.753906
1938.445313	1457.997314
1941.695313	1510.253174
1944.945313	1488.794312
1948.193359	1484.052734
1951.441406	1494.526367
1954.6875	1515.665527
1957.931641	1509.404663
1961.173828	1463.522217
1964.416016	1518.969849
1967.658203	1482.203857
1970.896484	1514.056152
1974.134766	1491.756714
1977.373047	1527.453613
1980.607422	1492.922974
1983.84375	1493.506226
1987.076172	1506.317383
1990.308594	1496.202148
1993.539063	1489.90271
1996.767578	1505.786987
1999.996094	1541.584595
2003.222656	1483.224609
2006.449219	1520.572754
2009.673828	1543.389282
2012.896484	1491.860229
2016.119141	1514.682739
2019.339844	1527.548584
2022.558594	1516.630859
2025.777344	1522.596436
2028.994141	1511.667603
2032.208984	1516.098267
2035.423828	1505.92627
2038.636719	1525.737915
2041.847656	1496.328003
2045.058594	1480.748047
2048.267578	1506.731323
2051.476563	1491.91272
2054.683594	1548.740479
2057.888672	1537.780151
2061.09375	1549.17334
2064.296875	1546.689453
2067.498047	1540.344604
2070.699219	1509.290161
2073.898438	1587.107544
2077.097656	1544.457031
2080.292969	1497.908569
2083.490234	1571.171753
2086.683594	1540.067017
2089.876953	1539.890381
2093.068359	1537.390869
2096.259766	1574.384155
2099.449219	1548.653931
2102.636719	1518.253296
2105.824219	1556.056396
2109.009766	1525.634277
2112.195313	1544.846924
2115.378906	1531.4729
2118.560547	1522.747314
2121.742188	1566.838135
2124.921875	1525.479858
2128.099609	1520.627808
2131.277344	1541.436279
2134.453125	1525.693604
2137.626953	1506.046875
2140.800781	1515.972168
2143.972656	1572.639893
2147.144531	1542.857544
2150.314453	1545.012207
2153.482422	1545.608521
2156.650391	1518.120483
2159.816406	1553.825317
2162.980469	1558.328247
2166.144531	1569.863403
2169.306641	1547.810181
2172.46875	1548.406738
2175.628906	1577.152832
2178.787109	1555.858032
2181.945313	1549.414429
2185.101563	1540.617065
2188.255859	1542.776489
2191.410156	1543.370239
2194.564453	1603.528198
2197.714844	1565.727173
2200.865234	1519.268921
2204.013672	1539.469238
2207.162109	1584.802856
2210.308594	1547.720215
2213.455078	1556.955933
2216.599609	1544.980469
2219.742188	1529.85083
2222.884766	1534.370605
2226.025391	1538.893433
2229.164063	1551.289917
2232.302734	1554.247314
2235.439453	1558.78186
2238.576172	1588.534424
2241.710938	1504.010864
2244.84375	1555.055786
2247.976563	1546.974243
2251.107422	1571.242188
2254.236328	1576.580933
2257.365234	1561.389282
2260.492188	1601.491089
2263.619141	1599.733154
2266.744141	1616.949707
2269.867188	1592.256958
2272.990234	1563.588379
2276.111328	1559.436768
2279.232422	1586.95752
2282.351563	1574.096924
2285.46875	1533.488525
2288.585938	1587.192261
2291.701172	1579.074463
2294.816406	1566.983032
2297.929688	1611.235596
2301.041016	1576.91394
2304.152344	1561.629517
2307.261719	1563.02002
2310.369141	1589.053833
2313.476563	1609.540649
2316.583984	1611.745361
2319.6875	1575.751465
2322.791016	1588.294067
2325.894531	1666.950439
2328.996094	1717.780396
2332.095703	1676.988159
2335.195313	1636.164429
2338.292969	1580.951538
2341.388672	1583.14917
2344.484375	1598.918457
2347.578125	1591.541016
2350.671875	1613.71582
2353.763672	1595.149292
2356.853516	1598.154053
2359.943359	1600.361084
2363.03125	1581.76709
2366.119141	1595.174194
2369.205078	1582.168213
2372.289063	1551.530151
2375.373047	1568.946411
2378.457031	1586.375488
2381.537109	1662.356812
2384.617188	1612.447998
2387.697266	1612.25708
2390.773438	1601.628784
2393.851563	1640.786011
2396.925781	1604.450073
2400	1602.646729
2403.074219	1582.348755
2406.146484	1638.447754
2409.216797	1614.124023
2412.286133	1642.103394
2415.355469	1641.114258
2418.421875	1640.124023
2421.488281	1614.150879
2424.553711	1597.025513
2427.617188	1659.727905
2430.679688	1663.582397
2433.741211	1619.821411
2436.801758	1616.396362
2439.861328	1594.391479
2442.918945	1686.297607
2445.976563	1660.260132
2449.032227	1684.336548
2452.086914	1670.411621
2455.140625	1623.297729
2458.192383	1621.481445
2461.243164	1623.712524
2464.293945	1650.249023
2467.342773	1646.008301
2470.390625	1631.224365
2473.436523	1628.594604
2476.482422	1595.942383
2479.526367	1657.418091
2482.569336	1686.460938
2485.611328	1665.97644
2488.652344	1656.039795
2491.692383	1633.901978
2494.730469	1664.604492
2497.768555	1642.452515
2500.804688	1649.580322
2503.839844	1642.873291
2506.873047	1656.521118
2509.90625	1649.810913
2512.938477	1645.540283
2515.96875	1646.973511
2518.998047	1680.217285
2522.026367	1692.270996
2525.053711	1675.764648
2528.079102	1736.001953
2531.104492	1654.149658
2534.12793	1700.531372
2537.150391	1670.104614
2540.171875	1682.997192
2543.192383	1688.536133
2546.211914	1673.619141
2549.230469	1640.678955
2552.24707	1636.37915
2555.262695	1691.066406
2558.277344	1682.68335
2561.291016	1671.013794
2564.303711	1661.796021
2567.31543	1673.084351
2570.325195	1714.752197
2573.333984	1685.831421
2576.341797	1684.818359
2579.348633	1705.170166
2582.354492	1710.73938
2585.359375	1740.161499
2588.363281	1712.8396
2591.365234	1719.239746
2594.366211	1733.877319
2597.366211	1748.525513
2600.365234	1713.749023
2603.363281	1671.528198
2606.360352	1695.238159
2609.355469	1737.111816
2612.350586	1757.562378
2615.34375	1737.580688
2618.335938	1729.969971
2621.327148	1773.56958
2624.317383	1723.820679
2627.306641	1721.982056
2630.293945	1768.107056
2633.280273	1735.672729
2636.266602	1752.04248
2639.250977	1772.563721
2642.234375	1731.811279
2645.216797	1791.280273
2648.197266	1777.855347
2651.177734	1733.741821
2654.157227	1794.105957
2657.134766	1782.325439
2660.111328	1745.633789
2663.086914	1754.585083
2666.061523	1767.696045
2669.035156	1739.266846
2672.007813	1803.090332
2674.978516	1779.641968
2677.949219	1809.418335
2680.917969	1842.54541
2683.885742	1764.137085
2686.852539	1781.447021
2689.818359	1776.274414
2692.783203	1775.264771
2695.74707	1810.939697
2698.708984	1811.609497
2701.670898	1844.820313
2704.630859	1808.775879
2707.589844	1852.029297
2710.547852	1799.253906
2713.504883	1840.86377
2716.460938	1821.481445
2719.416016	1861.456909
2722.369141	1865.490234
2725.322266	1882.078735
2728.273438	1846.775269
2731.223633	1894.354614
2734.173828	1902.593262
2737.12207	1870.609253
2740.069336	1878.005859
2743.014648	1825.859375
2745.959961	1833.244141
2748.904297	1861.616943
2751.84668	1843.830444
2754.788086	1824.350586
2757.729492	1850.229492
2760.668945	1867.721313
2763.607422	1842.341431
2766.544922	1880.03064
2769.481445	1823.500732
2772.416016	1827.538086
2775.350586	1866.10437
2778.28418	1883.638184
2781.21582	1852.306396
2784.146484	1842.870117
2787.077148	1867.160156
2790.005859	1880.500122
2792.933594	1819.580933
2795.860352	1865.838867
2798.785156	1808.24707
2801.709961	1825.807739
2804.633789	1840.000122
2807.555664	1837.292236
2810.477539	1852.344238
2813.397461	1820.02356
2816.316406	1857.086792
2819.234375	1843.371826
2822.151367	1892.328735
2825.067383	1943.015747
2827.982422	1963.223022
2830.896484	1937.65332
2833.80957	1964.658813
2836.720703	1992.532349
2839.631836	2018.727905
2842.541016	2070.418945
2845.450195	2241.082764
2848.357422	2355.780762
2851.263672	2446.757568
2854.168945	2468.061523
2857.073242	2550.636719
2859.976563	2559.226807
2862.878906	2706.60083
2865.779297	2785.944824
2868.679688	2899.426758
2871.579102	3050.493408
2874.476563	3132.605469
2877.374023	3182.364502
2880.269531	3198.028564
2883.164063	3250.406982
2886.057617	3279.767822
2888.950195	3241.667969
2891.841797	3294.97168
2894.732422	3345.748779
2897.62207	3403.40332
2900.510742	3361.012695
2903.398438	3436.683838
2906.28418	3451.628906
2909.169922	3549.6521
2912.053711	3711.139893
2914.9375	3838.464355
2917.819336	3923.872559
2920.700195	4045.361816
2923.581055	4115.462891
2926.459961	4267.145996
2929.337891	4224.90625
2932.214844	4296.86377
2935.09082	4345.674316
2937.96582	4338.65332
2940.838867	4305.83252
2943.711914	4098.38623
2946.583984	3989.736328
2949.454102	3799.238037
2952.324219	3666.290527
2955.193359	3543.582275
2958.060547	3490.578613
2960.926758	3422.020508
2963.792969	3408.5979
2966.657227	3351.172852
2969.520508	3298.882813
2972.382813	3212.888916
2975.244141	3136.331055
2978.104492	3096.862061
2980.963867	3027.98291
2983.822266	2886.438721
2986.679688	2914.287109
2989.536133	2771.733398
2992.390625	2719.077393
2995.245117	2633.486084
2998.098633	2491.541016
3000.950195	2415.334473
3003.801758	2361.605225
3006.651367	2286.162842
3009.500977	2224.541992
3012.348633	2127.30542
3015.195313	2146.296143
3018.041992	2069.797363
3020.886719	2019.298828
3023.730469	2020.893066
3026.573242	1997.282959
3029.415039	1991.044434
3032.255859	1996.10791
3035.095703	1954.190552
3037.93457	1997.540649
3040.772461	1966.041138
3043.609375	1971.972168
3046.445313	1978.77832
3049.280273	2014.353027
3052.114258	1972.349121
3054.946289	2017.540894
3057.77832	2109.010986
3060.609375	2073.104736
3063.438477	2061.62207
3066.267578	2006.454834
3069.094727	1998.434326
3071.921875	1973.79895
3074.74707	1943.024414
3077.572266	1920.975098
3080.395508	1924.286621
3083.21875	1907.466309
3086.040039	1902.893188
3088.860352	1886.928345
3091.679688	1908.633545
3094.499023	1872.49585
3097.316406	1862.640381
3100.132813	1885.236084
3102.948242	1908.725098
3105.762695	1886.580322
3108.576172	1895.156372
3111.388672	1863.326416
3114.201172	1869.262939
3117.011719	1877.840698
3119.821289	1876.750122
3122.629883	1884.455933
3125.436523	1900.087646
3128.243164	1921.012329
3131.048828	1887.347778
3133.853516	1874.803345
3136.657227	1887.808105
3139.459961	1874.372314
3142.261719	1871.510132
3145.0625	1851.882446
3147.861328	1853.422241
3150.660156	1924.711426
3153.458008	1890.949097
3156.254883	1861.579956
3159.049805	1809.209717
3161.844727	1801.893677
3164.638672	1898.053955
3167.430664	1850.948364
3170.222656	1812.660034
3173.013672	1891.217041
3175.802734	1852.914917
3178.591797	1850.912354
3181.379883	1829.408569
3184.166016	1899.2146
3186.952148	1855.537598
3189.737305	1818.040161
3192.520508	1895.015747
3195.303711	1831.755615
3198.084961	1871.484253
3200.866211	1832.402466
