399.363281	1069.708862
403.25	1046.01001
407.134766	1021.654236
411.017578	1041.82666
414.898438	1011.0802
418.777344	1045.915405
422.654297	969.898499
426.53125	983.069458
430.404297	989.873474
434.277344	982.645264
438.148438	992.007874
442.017578	994.353271
445.884766	974.977478
449.751953	976.677795
453.615234	984.773865
457.478516	999.274109
461.339844	958.105103
465.199219	984.131042
469.056641	969.182739
472.912109	975.36908
476.765625	962.326843
480.619141	966.59082
484.470703	968.291504
488.320313	954.586487
492.167969	968.485291
496.013672	967.618103
499.857422	984.747864
503.699219	966.523682
507.541016	984.953918
511.380859	995.67627
515.21875	963.910522
519.054688	964.325745
522.888672	987.296814
526.720703	999.97168
530.552734	977.181946
534.380859	964.696838
538.208984	960.592957
542.035156	975.214539
545.859375	988.556213
549.683594	971.528564
553.503906	955.13269
557.324219	948.426697
561.140625	941.7146
564.957031	935.643982
568.773438	939.284607
572.585938	949.408752
576.396484	910.915833
580.207031	926.224854
584.015625	924.02655
587.820313	917.93103
591.626953	902.088318
595.429688	918.068481
599.230469	911.961792
603.03125	918.205017
606.828125	917.297119
610.625	916.388245
614.419922	925.89624
618.214844	923.035461
622.005859	954.710999
625.796875	916.65387
629.583984	903.348877
633.371094	929.183228
637.15625	949.164246
640.941406	945.651367
644.722656	950.628845
648.503906	926.850464
652.283203	957.326172
656.060547	930.913025
659.835938	958.798096
663.609375	980.15918
667.382813	958.306335
671.152344	957.404419
674.921875	938.800598
678.689453	954.285706
682.455078	974.376709
686.220703	952.473389
689.982422	976.520508
693.744141	982.849182
697.503906	945.803589
701.261719	958.699463
705.017578	959.107422
708.773438	994.394958
712.525391	1007.985535
716.277344	995.899536
720.027344	1053.651001
723.775391	1077.830933
727.523438	1032.783081
731.267578	1023.325073
735.011719	987.456116
738.753906	993.158142
742.494141	1019.344055
746.232422	1057.448242
749.970703	1079.716064
753.707031	1001.459534
757.439453	1056.147461
761.171875	995.688721
764.904297	1012.668457
768.632813	1040.92627
772.361328	1049.321655
776.087891	1041.80835
779.8125	1097.314209
783.535156	1080.522339
787.255859	1094.259399
790.976563	1078.779907
794.695313	1069.267944
798.412109	1043.126709
802.126953	1084.139893
805.839844	1096.575317
809.552734	1084.390869
813.263672	1128.80249
816.972656	1086.639771
820.679688	1085.099121
824.384766	1127.565918
828.089844	1113.365967
831.791016	1097.151733
835.492188	1105.626343
839.193359	1082.71521
842.890625	1098.540649
846.587891	1086.970825
850.28125	1081.410034
853.974609	1119.332886
857.666016	1107.756348
861.357422	1134.338135
865.044922	1055.767334
868.732422	1045.48877
872.417969	1057.326782
876.101563	1106.736328
879.785156	1119.951538
883.464844	1068.060059
887.144531	1071.195557
890.822266	1043.427002
894.5	1035.799561
898.173828	1060.442749
901.847656	1063.579102
905.519531	1064.69873
909.189453	1075.918457
912.857422	1083.779419
916.523438	1072.104858
920.189453	1085.363281
923.853516	1069.632446
927.515625	1039.044678
931.177734	1038.130249
934.835938	1081.107422
938.494141	1073.453857
942.150391	1054.304321
945.804688	1050.013184
949.458984	1063.304443
953.109375	1065.103027
956.759766	1054.040405
960.408203	1018.587097
964.056641	1069.150879
967.701172	1045.196533
971.345703	1032.071533
974.988281	1080.668457
978.628906	1056.687988
982.267578	1006.887085
985.90625	1067.080566
989.542969	1054.615356
993.177734	1055.735474
996.810547	1104.462524
1000.443359	1160.033569
1004.074219	1174.811401
1007.703125	1131.040405
1011.330078	1077.695435
1014.955078	1015.446167
1018.580078	1035.641357
1022.203125	1024.477783
1025.824219	1056.975586
1029.443359	1071.068726
1033.0625	1072.197754
1036.679688	1083.575562
1040.294922	1069.673218
1043.908203	1058.494141
1047.519531	1045.253174
1051.130859	1050.478516
1054.740234	1011.206482
1058.347656	1049.982422
1061.953125	1074.401123
1065.558594	1072.105713
1069.162109	1060.207153
1072.763672	1109.357788
1076.363281	1109.132202
1079.962891	1095.173462
1083.560547	1100.436523
1087.15625	1085.77478
1090.75	1082.100342
1094.34375	1105.93335
1097.933594	1088.502563
1101.523438	1057.978638
1105.113281	1095.602905
1108.699219	1090.545654
1112.285156	1079.970337
1115.869141	1079.038818
1119.451172	1083.624268
1123.03125	1066.821533
1126.611328	1129.393677
1130.189453	1102.926636
1133.765625	1038.4375
1137.341797	1036.793457
1140.914063	1036.530762
1144.486328	1033.500366
1148.056641	1057.457397
1151.626953	1021.200439
1155.193359	1060.409424
1158.759766	1065.004883
1162.324219	1062.671875
1165.888672	1079.754272
1169.449219	1080.893677
1173.009766	1119.512817
1176.568359	1080.397217
1180.125	1066.255615
1183.681641	1077.119019
1187.236328	1083.819946
1190.789063	1068.270508
1194.339844	1052.707886
1197.890625	1074.719482
1201.439453	1097.445313
1204.986328	1111.829956
1208.53125	1132.498535
1212.076172	1158.064209
1215.619141	1171.793213
1219.160156	1145.759521
1222.699219	1191.605347
1226.238281	1215.141113
1229.775391	1182.804443
1233.310547	1205.656494
1236.84375	1211.745728
1240.376953	1212.942993
1243.908203	1221.838745
1247.4375	1232.841797
1250.964844	1242.452637
1254.492188	1238.058105
1258.017578	1268.706665
1261.541016	1233.464478
1265.064453	1237.478027
1268.583984	1242.196289
1272.103516	1244.81189
1275.623047	1241.810181
1279.138672	1240.211182
1282.654297	1209.789185
1286.167969	1253.885864
1289.679688	1268.469971
1293.191406	1291.511597
1296.701172	1277.95813
1300.208984	1336.946045
1303.714844	1338.197754
1307.220703	1299.266602
1310.722656	1338.587402
1314.226563	1300.329346
1317.726563	1332.623657
1321.226563	1327.519287
1324.724609	1348.547729
1328.220703	1365.352783
1331.714844	1369.445313
1335.208984	1391.2229
1338.701172	1328.109497
1342.191406	1352.718628
1345.681641	1319.279541
1349.169922	1299.981445
1352.65625	1302.637695
1356.140625	1286.152466
1359.625	1306.537354
1363.107422	1286.491577
1366.587891	1252.941406
1370.068359	1264.814575
1373.544922	1256.804077
1377.021484	1266.555542
1380.498047	1242.184814
1383.970703	1224.195801
1387.443359	1231.098511
1390.914063	1282.856567
1394.384766	1271.270996
1397.851563	1248.988281
1401.318359	1241.655518
1404.785156	1249.290771
1408.248047	1256.932007
1411.710938	1225.328491
1415.171875	1259.381104
1418.630859	1240.608398
1422.089844	1241.826538
1425.546875	1260.915527
1429.001953	1270.723389
1432.457031	1274.815796
1435.908203	1336.880859
1439.361328	1356.754028
1442.810547	1416.036987
1446.257813	1411.595093
1449.705078	1426.503784
1453.152344	1439.272827
1456.595703	1365.961792
1460.039063	1416.036743
1463.480469	1386.454102
1466.919922	1378.395752
1470.359375	1304.939819
1473.796875	1324.877319
1477.232422	1320.379028
1480.666016	1303.646118
1484.099609	1253.071411
1487.53125	1275.178955
1490.962891	1289.380371
1494.390625	1194.059448
1497.818359	1185.890869
1501.246094	1189.254517
1504.669922	1188.291626
1508.09375	1188.771362
1511.515625	1177.697876
1514.935547	1142.054932
1518.355469	1182.261475
1521.773438	1203.703735
1525.189453	1178.152466
1528.605469	1180.074463
1532.019531	1221.807739
1535.431641	1227.368774
1538.841797	1223.516724
1542.251953	1216.762451
1545.660156	1248.426758
1549.068359	1271.412964
1552.472656	1313.282104
1555.876953	1300.744995
1559.28125	1242.449707
1562.681641	1253.846069
1566.082031	1293.594116
1569.480469	1310.835815
1572.878906	1397.91394
1576.273438	1360.639648
1579.667969	1345.900146
1583.0625	1363.189331
1586.453125	1314.199219
1589.84375	1327.116089
1593.234375	1277.342407
1596.621094	1315.782104
1600.007813	1316.309937
1603.392578	1363.554932
1606.777344	1375.05542
1610.160156	1332.504761
1613.541016	1330.115479
1616.919922	1351.851196
1620.298828	1348.00415
1623.675781	1318.543945
1627.050781	1363.724121
1630.425781	1323.993774
1633.798828	1348.699097
1637.169922	1348.505981
1640.541016	1368.108032
1643.910156	1393.593262
1647.277344	1404.423096
1650.642578	1431.410645
1654.007813	1457.685059
1657.371094	1494.999756
1660.734375	1421.368286
1664.09375	1469.726074
1667.453125	1473.255005
1670.8125	1442.938843
1674.167969	1457.500977
1677.523438	1396.224487
1680.878906	1389.414551
1684.230469	1375.965942
1687.582031	1362.506226
1690.933594	1340.921997
1694.28125	1266.193237
1697.628906	1313.940674
1700.974609	1280.494873
1704.320313	1228.553223
1707.664063	1211.305176
1711.005859	1248.015381
1714.345703	1227.062622
1717.685547	1193.514038
1721.023438	1204.352051
1724.361328	1186.318115
1727.695313	1169.751099
1731.03125	1197.637329
1734.363281	1215.907104
1737.695313	1226.77417
1741.025391	1210.195801
1744.353516	1191.376953
1747.681641	1197.790771
1751.007813	1175.237061
1754.332031	1169.758179
1757.65625	1193.27002
1760.978516	1188.537231
1764.298828	1235.884521
1767.619141	1179.059326
1770.9375	1186.973267
1774.253906	1168.075317
1777.570313	1192.385986
1780.884766	1180.184326
1784.197266	1191.093506
1787.509766	1196.041992
1790.818359	1170.390869
1794.128906	1186.535278
1797.435547	1160.112427
1800.742188	1206.157349
1804.048828	1170.001953
1807.351563	1172.708374
1810.654297	1215.071167
1813.955078	1172.138916
1817.255859	1150.887329
1820.554688	1194.040039
1823.851563	1166.784668
1827.148438	1207.728027
1830.443359	1182.705933
1833.736328	1175.670166
1837.027344	1158.120728
1840.318359	1196.871582
1843.609375	1190.583496
1846.896484	1198.567627
1850.183594	1168.218506
1853.46875	1215.30603
1856.753906	1242.117065
1860.037109	1205.727295
1863.318359	1203.943481
1866.599609	1214.963013
1869.878906	1161.940918
1873.15625	1200.843506
1876.433594	1243.547119
1879.708984	1165.576904
1882.982422	1199.997803
1886.255859	1196.694702
1889.527344	1250.036987
1892.796875	1182.523926
1896.066406	1165.603027
1899.333984	1205.383545
1902.599609	1227.039185
1905.865234	1228.277954
1909.128906	1219.675293
1912.390625	1176.983032
1915.652344	1173.656616
1918.912109	1243.851807
1922.169922	1226.899414
1925.427734	1194.003174
1928.683594	1199.02478
1931.939453	1172.164673
1935.191406	1195.408325
1938.445313	1215.630859
1941.695313	1254.870728
1944.945313	1201.376343
1948.193359	1198.804321
1951.441406	1256.345703
1954.6875	1230.193604
1957.931641	1189.551025
1961.173828	1206.015503
1964.416016	1202.676514
1967.658203	1213.058838
1970.896484	1181.497681
1974.134766	1206.377197
1977.373047	1219.825562
1980.607422	1202.738403
1983.84375	1210.847778
1987.076172	1197.564453
1990.308594	1230.1427
1993.539063	1227.563599
1996.767578	1204.323608
1999.996094	1213.97876
2003.222656	1196.840576
2006.449219	1210.329956
2009.673828	1231.492798
2012.896484	1201.307861
2016.119141	1201.009155
2019.339844	1249.8125
2022.558594	1187.362305
2025.777344	1244.643921
2028.994141	1211.331177
2032.208984	1239.466064
2035.423828	1196.900024
2038.636719	1208.132202
2041.847656	1204.755615
2045.058594	1289.112793
2048.267578	1220.321411
2051.476563	1200.770264
2054.683594	1201.237061
2057.888672	1258.744385
2061.09375	1227.617676
2064.296875	1255.865479
2067.498047	1233.201782
2070.699219	1232.136597
2073.898438	1205.583862
2077.097656	1203.733887
2080.292969	1234.344604
2083.490234	1228.637817
2086.683594	1235.302368
2089.876953	1242.745728
2093.068359	1265.676758
2096.259766	1227.446533
2099.449219	1228.696899
2102.636719	1227.622925
2105.824219	1238.952759
2109.009766	1251.06665
2112.195313	1234.480835
2115.378906	1211.672241
2118.560547	1243.20166
2121.742188	1232.030396
2124.921875	1232.506836
2128.099609	1226.76416
2131.277344	1231.904663
2134.453125	1238.60498
2137.626953	1215.734009
2140.800781	1249.684326
2143.972656	1215.894409
2147.144531	1223.376953
2150.314453	1244.896362
2153.482422	1249.275879
2156.650391	1227.914551
2159.816406	1207.316772
2162.980469	1256.96814
2166.144531	1217.620483
2169.306641	1207.151245
2172.46875	1216.214478
2175.628906	1229.975952
2178.787109	1239.836548
2181.945313	1234.053833
2185.101563	1254.099854
2188.255859	1237.353638
2191.410156	1222.94458
2194.564453	1259.467163
2197.714844	1208.989136
2200.865234	1228.27832
2204.013672	1213.842407
2207.162109	1259.835815
2210.308594	1250.897095
2213.455078	1203.459351
2216.599609	1227.497192
2219.742188	1223.251709
2222.884766	1238.664063
2226.025391	1213.963501
2229.164063	1216.790527
2232.302734	1259.774902
2235.439453	1226.388794
2238.576172	1225.283203
2241.710938	1269.895874
2244.84375	1266.439941
2247.976563	1259.825562
2251.107422	1238.211426
2254.236328	1250.527954
2257.365234	1249.427368
2260.492188	1230.943848
2263.619141	1254.336182
2266.744141	1249.281494
2269.867188	1233.148804
2272.990234	1220.168579
2276.111328	1233.300781
2279.232422	1277.32666
2282.351563	1249.295776
2285.46875	1276.718262
2288.585938	1279.584595
2291.701172	1243.590576
2294.816406	1263.1073
2297.929688	1280.257568
2301.041016	1254.543823
2304.152344	1227.221558
2307.261719	1272.983276
2310.369141	1261.545044
2313.476563	1212.722046
2316.583984	1252.96106
2319.6875	1270.947021
2322.791016	1276.208252
2325.894531	1377.842529
2328.996094	1406.253418
2332.095703	1377.298218
2335.195313	1270.977661
2338.292969	1256.30603
2341.388672	1288.702515
2344.484375	1234.911133
2347.578125	1255.344971
2350.671875	1284.581665
2353.763672	1309.04541
2356.853516	1271.967529
2359.943359	1207.668701
2363.03125	1272.134399
2366.119141	1291.826904
2369.205078	1265.894775
2372.289063	1279.99231
2375.373047	1300.510742
2378.457031	1305.813965
2381.537109	1280.648315
2384.617188	1280.331909
2387.697266	1255.136841
2390.773438	1273.274902
2393.851563	1275.36377
2396.925781	1249.333862
2400	1265.078247
2403.074219	1254.300903
2406.146484	1315.906006
2409.216797	1250.423096
2412.286133	1276.654907
2415.355469	1236.069824
2418.421875	1250.232056
2421.488281	1316.786011
2424.553711	1284.230957
2427.617188	1287.135986
2430.679688	1317.473389
2433.741211	1276.809814
2436.801758	1316.046997
2439.861328	1286.659302
2442.918945	1327.545288
2445.976563	1273.081665
2449.032227	1301.863525
2452.086914	1289.412109
2455.140625	1318.221313
2458.192383	1278.242188
2461.243164	1299.779785
2464.293945	1292.978638
2467.342773	1316.158325
2470.390625	1294.764038
2473.436523	1296.873901
2476.482422	1280.323853
2479.526367	1316.519165
2482.569336	1254.493042
2485.611328	1287.456177
2488.652344	1328.569702
2491.692383	1307.121582
2494.730469	1318.18457
2497.768555	1311.358765
2500.804688	1311.037964
2503.839844	1291.991943
2506.873047	1314.466675
2509.90625	1309.257324
2512.938477	1304.043823
2515.96875	1290.672729
2518.998047	1322.967163
2522.026367	1334.886841
2525.053711	1315.797607
2528.079102	1318.740845
2531.104492	1292.278931
2534.12793	1300.11792
2537.150391	1311.232422
2540.171875	1331.350464
2543.192383	1380.934692
2546.211914	1323.345703
2549.230469	1295.186768
2552.24707	1320.241821
2555.262695	1313.362061
2558.277344	1313.853516
2561.291016	1297.946533
2564.303711	1345.185303
2567.31543	1325.995239
2570.325195	1334.699463
2573.333984	1346.694336
2576.341797	1361.983887
2579.348633	1368.244995
2582.354492	1324.363892
2585.359375	1356.931274
2588.363281	1339.338623
2591.365234	1352.18335
2594.366211	1347.747925
2597.366211	1325.189575
2600.365234	1328.97937
2603.363281	1322.881104
2606.360352	1343.162842
2609.355469	1385.730225
2612.350586	1401.924194
2615.34375	1359.522705
2618.335938	1372.415405
2621.327148	1395.230103
2624.317383	1369.305298
2627.306641	1352.454468
2630.293945	1371.978271
2633.280273	1395.652954
2636.266602	1349.825806
2639.250977	1378.476685
2642.234375	1397.209839
2645.216797	1398.557373
2648.197266	1380.013672
2651.177734	1365.60144
2654.157227	1391.821533
2657.134766	1413.911865
2660.111328	1387.044189
2663.086914	1394.201782
2666.061523	1393.888184
2669.035156	1390.25
2672.007813	1375.802002
2674.978516	1404.586548
2677.949219	1382.645264
2680.917969	1369.841797
2683.885742	1399.487671
2686.852539	1352.533936
2689.818359	1406.356079
2692.783203	1401.875732
2695.74707	1412.399536
2698.708984	1388.733765
2701.670898	1382.572266
2704.630859	1430.660767
2707.589844	1410.314453
2710.547852	1443.412598
2713.504883	1435.5896
2716.460938	1448.658691
2719.416016	1465.082031
2722.369141	1468.968994
2725.322266	1420.973633
2728.273438	1421.497925
2731.223633	1443.796387
2734.173828	1451.031006
2737.12207	1423.909058
2740.069336	1435.333008
2743.014648	1483.668091
2745.959961	1406.186401
2748.904297	1467.974731
2751.84668	1439.967773
2754.788086	1432.098389
2757.729492	1451.110962
2760.668945	1468.455933
2763.607422	1463.109985
2766.544922	1456.918579
2769.481445	1439.782959
2772.416016	1501.763306
2775.350586	1444.209839
2778.28418	1438.843506
2781.21582	1446.956421
2784.146484	1386.789307
2787.077148	1442.115601
2790.005859	1402.149536
2792.933594	1408.571655
2795.860352	1410.776855
2798.785156	1453.523193
2801.709961	1430.39917
2804.633789	1417.400146
2807.555664	1435.675293
2810.477539	1439.584473
2813.397461	1468.880005
2816.316406	1455.874756
2819.234375	1425.924805
2822.151367	1469.646484
2825.067383	1476.115845
2827.982422	1511.410522
2830.896484	1534.858887
2833.80957	1496.398193
2836.720703	1540.224121
2839.631836	1601.060059
2842.541016	1689.115479
2845.450195	1789.128296
2848.357422	1845.021729
2851.263672	1940.062744
2854.168945	2017.312866
2857.073242	1985.719238
2859.976563	1980.48584
2862.878906	2088.484375
2865.779297	2200.819824
2868.679688	2325.164795
2871.579102	2416.359131
2874.476563	2442.818359
2877.374023	2551.179932
2880.269531	2489.820557
2883.164063	2556.451904
2886.057617	2527.496094
2888.950195	2580.521484
2891.841797	2643.838623
2894.732422	2608.042969
2897.62207	2703.909912
2900.510742	2674.952148
2903.398438	2729.836182
2906.28418	2819.857666
2909.169922	2853.423584
2912.053711	2947.837646
2914.9375	3018.32373
2917.819336	3094.00415
2920.700195	3216.049805
2923.581055	3295.287109
2926.459961	3356.558105
2929.337891	3363.784424
2932.214844	3459.477539
2935.09082	3391.997314
2937.96582	3373.457764
2940.838867	3342.866699
2943.711914	3215.061523
2946.583984	3186.110352
2949.454102	2982.4104
2952.324219	2911.162109
2955.193359	2836.41626
2958.060547	2753.860596
2960.926758	2701.413574
2963.792969	2681.694824
2966.657227	2619.694092
2969.520508	2524.857666
2972.382813	2529.221924
2975.244141	2505.092529
2978.104492	2466.259766
2980.963867	2378.141846
2983.822266	2326.267334
2986.679688	2276.948975
2989.536133	2198.181885
2992.390625	2098.587891
2995.245117	1998.055786
2998.098633	1943.349976
3000.950195	1866.946167
3003.801758	1849.418579
3006.651367	1757.319702
3009.500977	1715.455811
3012.348633	1679.634399
3015.195313	1692.388794
3018.041992	1646.9823
3020.886719	1571.144775
3023.730469	1553.463745
3026.573242	1575.750244
3029.415039	1563.27417
3032.255859	1555.137695
3035.095703	1553.085571
3037.93457	1537.105347
3040.772461	1573.355347
3043.609375	1547.789185
3046.445313	1536.145386
3049.280273	1554.128662
3052.114258	1535.502563
3054.946289	1587.515991
3057.77832	1633.458252
3060.609375	1652.373657
3063.438477	1633.754639
3066.267578	1619.489502
3069.094727	1597.349365
3071.921875	1566.45166
3074.74707	1595.868408
3077.572266	1527.332642
3080.395508	1509.501831
3083.21875	1479.402466
3086.040039	1524.591431
3088.860352	1454.178711
3091.679688	1473.100586
3094.499023	1501.678467
3097.316406	1434.689087
3100.132813	1429.937134
3102.948242	1423.42627
3105.762695	1471.339478
3108.576172	1466.594604
3111.388672	1500.500488
3114.201172	1443.032349
3117.011719	1427.721558
3119.821289	1424.711914
3122.629883	1478.004639
3125.436523	1438.92688
3128.243164	1451.764038
3131.048828	1472.536377
3133.853516	1428.12793
3136.657227	1412.771362
3139.459961	1478.514771
3142.261719	1458.754883
3145.0625	1437.216064
3147.861328	1431.547974
3150.660156	1415.281006
3153.458008	1451.111328
3156.254883	1442.790649
3159.049805	1453.908203
3161.844727	1416.405151
3164.638672	1462.898926
3167.430664	1481.112671
3170.222656	1414.370483
3173.013672	1460.026611
3175.802734	1453.457642
3178.591797	1450.427734
3181.379883	1425.236938
3184.166016	1432.834106
3186.952148	1496.31543
3189.737305	1476.436768
3192.520508	1464.532104
3195.303711	1429.532959
3198.084961	1432.702393
3200.866211	1421.155518
