399.363281	1015.683167
403.25	977.971741
407.134766	971.398499
411.017578	985.821289
414.898438	950.593689
418.777344	929.348694
422.654297	959.065186
426.53125	946.092773
430.404297	981.58197
434.277344	929.68457
438.148438	936.470764
442.017578	933.044434
445.884766	939.837402
449.751953	920.429321
453.615234	960.474243
457.478516	944.896179
461.339844	913.94397
465.199219	891.288513
469.056641	919.858826
472.912109	915.129517
476.765625	906.549072
480.619141	945.424622
484.470703	912.465576
488.320313	921.846802
492.167969	919.033447
496.013672	907.864807
499.857422	941.681213
503.699219	927.939941
507.541016	910.326416
511.380859	919.085815
515.21875	931.71582
519.054688	962.39325
522.888672	947.340942
526.720703	970.31427
530.552734	957.186829
534.380859	928.561035
538.208984	922.504944
542.035156	930.651794
545.859375	914.252991
549.683594	932.098633
553.503906	922.152466
557.324219	899.905518
561.140625	946.245178
564.957031	901.326233
568.773438	925.681213
572.585938	890.435242
576.396484	864.235474
580.207031	898.98291
584.015625	879.252808
587.820313	886.770752
591.626953	878.058594
595.429688	894.028442
599.230469	892.461487
603.03125	879.187805
606.828125	865.902466
610.625	888.401917
614.419922	879.666504
618.214844	868.317749
622.005859	915.610229
625.796875	924.477356
629.583984	912.480164
633.371094	908.9552
637.15625	909.343689
640.941406	940.426758
644.722656	932.988342
648.503906	905.28064
652.283203	908.282837
656.060547	891.661621
659.835938	936.546082
663.609375	961.826172
667.382813	941.275574
671.152344	944.298218
674.921875	940.111755
678.689453	935.921448
682.455078	969.127563
686.220703	985.294678
689.982422	950.908997
693.744141	930.947388
697.503906	951.718933
701.261719	966.590027
705.017578	970.948242
708.773438	970.045105
712.525391	975.066345
716.277344	1009.731506
720.027344	1025.975342
723.775391	975.651184
727.523438	1034.102051
731.267578	1011.448914
735.011719	1004.617798
738.753906	1001.082275
742.494141	1020.665344
746.232422	1060.752808
749.970703	1027.482422
753.707031	1016.673279
757.439453	1023.06012
761.171875	1044.678711
764.904297	1039.82312
768.632813	1059.47876
772.361328	1063.904785
776.087891	1086.23938
779.8125	1123.187988
783.535156	1094.460205
787.255859	1107.539307
790.976563	1094.722412
794.695313	1073.255249
798.412109	1063.071777
802.126953	1073.498047
805.839844	1046.005127
809.552734	1069.080322
813.263672	1078.855469
816.972656	1086.639771
820.679688	1094.43042
824.384766	1098.226563
828.089844	1086.015503
831.791016	1083.804321
835.492188	1067.570435
839.193359	1088.726563
842.890625	1083.171753
846.587891	1107.025635
850.28125	1103.479614
853.974609	1126.692505
857.666016	1125.15918
861.357422	1054.65332
865.044922	1070.505127
868.732422	1062.913574
872.417969	1064.701904
876.101563	1050.393433
879.785156	1080.360718
883.464844	1056.647705
887.144531	1056.42041
890.822266	1052.833252
894.5	1062.013794
898.173828	1059.0979
901.847656	1063.579102
905.519531	1023.645325
909.189453	1063.125977
912.857422	1054.142212
916.523438	1069.409424
920.189453	1088.734009
923.853516	1065.585938
927.515625	1040.394043
931.177734	1039.480225
934.835938	1029.786865
938.494141	1041.702881
942.150391	1049.573486
945.804688	1090.580322
949.458984	1016.632751
953.109375	1048.862549
956.759766	1045.239746
960.408203	1074.799072
964.056641	1063.730591
967.701172	1055.363892
971.345703	1068.010986
974.988281	1028.432739
978.628906	1062.117432
982.267578	1078.856079
985.90625	1052.137329
989.542969	1058.012939
993.177734	1055.055664
996.810547	1070.45813
1000.443359	1136.220581
1004.074219	1163.240234
1007.703125	1103.121826
1011.330078	1048.402832
1014.955078	1042.024902
1018.580078	1043.141113
1022.203125	1083.818359
1025.824219	1052.198975
1029.443359	1077.212524
1033.0625	1089.270996
1036.679688	1061.029541
1040.294922	1062.154785
1043.908203	1051.65625
1047.519531	1054.830078
1051.130859	1061.428101
1054.740234	1047.492188
1058.347656	1047.242798
1061.953125	1056.585815
1065.558594	1059.081421
1069.162109	1068.436523
1072.763672	1088.776001
1076.363281	1063.833496
1079.962891	1101.353149
1083.560547	1105.931763
1087.15625	1128.381104
1090.75	1097.224976
1094.34375	1124.503174
1097.933594	1083.686279
1101.523438	1121.994263
1105.113281	1095.602905
1108.699219	1082.278809
1112.285156	1097.200317
1115.869141	1110.06543
1119.451172	1063.620972
1123.03125	1099.254028
1126.611328	1136.296997
1130.189453	1120.882935
1133.765625	1084.037476
1137.341797	1076.191528
1140.914063	1028.924438
1144.486328	1031.425171
1148.056641	1060.917725
1151.626953	1068.971802
1155.193359	1079.802856
1158.759766	1076.091431
1162.324219	1081.388184
1165.888672	1077.673828
1169.449219	1101.013062
1173.009766	1100.773315
1176.568359	1066.510376
1180.125	1091.262329
1183.681641	1076.424194
1187.236328	1044.888672
1190.789063	1066.18396
1194.339844	1093.758667
1197.890625	1109.522583
1201.439453	1089.785522
1204.986328	1106.256958
1208.53125	1123.438477
1212.076172	1162.247437
1215.619141	1106.228516
1219.160156	1152.737305
1222.699219	1200.680298
1226.238281	1202.570679
1229.775391	1237.298706
1233.310547	1215.441528
1236.84375	1230.624634
1240.376953	1226.933105
1243.908203	1203.644165
1247.4375	1240.542603
1250.964844	1253.658569
1254.492188	1242.962646
1258.017578	1190.20105
1261.541016	1249.592773
1265.064453	1207.312744
1268.583984	1201.491577
1272.103516	1193.559082
1275.623047	1220.036377
1279.138672	1167.836182
1282.654297	1209.086182
1286.167969	1234.195068
1289.679688	1210.076782
1293.191406	1275.32373
1296.701172	1286.407471
1300.208984	1278.481079
1303.714844	1324.808716
1307.220703	1364.124146
1310.722656	1318.840088
1314.226563	1351.129028
1317.726563	1372.856445
1321.226563	1348.703003
1324.724609	1315.346191
1328.220703	1319.416992
1331.714844	1326.318726
1335.208984	1342.42041
1338.701172	1364.195557
1342.191406	1339.977173
1345.681641	1336.983154
1349.169922	1270.227051
1352.65625	1279.958496
1356.140625	1261.337036
1359.625	1249.792969
1363.107422	1288.620361
1366.587891	1279.207031
1370.068359	1261.973877
1373.544922	1251.830933
1377.021484	1260.158813
1380.498047	1210.899048
1383.970703	1209.257935
1387.443359	1225.405518
1390.914063	1228.039795
1394.384766	1224.265991
1397.851563	1249.700806
1401.318359	1240.942749
1404.785156	1250.003906
1408.248047	1236.244629
1411.710938	1223.901245
1415.171875	1226.540161
1418.630859	1220.610107
1422.089844	1233.966919
1425.546875	1229.464111
1429.001953	1290.745972
1432.457031	1262.654175
1435.908203	1311.116577
1439.361328	1366.061523
1442.810547	1378.075439
1446.257813	1406.579224
1449.705078	1418.61853
1453.152344	1407.002075
1456.595703	1396.093262
1460.039063	1389.481567
1463.480469	1350.554199
1466.919922	1341.0448
1470.359375	1306.377075
1473.796875	1285.339478
1477.232422	1282.26355
1480.666016	1254.723389
1484.099609	1242.994995
1487.53125	1240.61731
1490.962891	1205.102417
1494.390625	1170.279175
1497.818359	1144.799194
1501.246094	1196.466553
1504.669922	1175.304932
1508.09375	1165.674316
1511.515625	1133.651611
1514.935547	1191.897949
1518.355469	1175.75769
1521.773438	1129.240356
1525.189453	1177.429199
1528.605469	1178.627319
1532.019531	1143.635132
1535.431641	1203.473022
1538.841797	1210.477417
1542.251953	1216.037842
1545.660156	1240.451904
1549.068359	1252.555664
1552.472656	1298.770752
1555.876953	1285.501831
1559.28125	1311.434326
1562.681641	1290.894897
1566.082031	1304.495117
1569.480469	1310.108765
1572.878906	1352.092651
1576.273438	1358.456787
1579.667969	1328.43042
1583.0625	1330.420288
1586.453125	1326.583618
1589.84375	1286.304199
1593.234375	1315.983521
1596.621094	1311.405884
1600.007813	1323.606567
1603.392578	1298.588989
1606.777344	1342.194336
1610.160156	1293.786255
1613.541016	1278.22644
1616.919922	1328.455078
1620.298828	1339.227173
1623.675781	1323.665894
1627.050781	1307.359863
1630.425781	1304.953979
1633.798828	1309.139282
1637.169922	1289.142334
1640.541016	1342.446777
1643.910156	1356.919678
1647.277344	1339.118164
1650.642578	1369.015869
1654.007813	1400.405762
1657.371094	1441.370728
1660.734375	1451.500732
1664.09375	1427.082642
1667.453125	1426.916992
1670.8125	1422.335938
1674.167969	1380.945313
1677.523438	1360.140625
1680.878906	1327.53186
1684.230469	1353.119141
1687.582031	1317.531738
1690.933594	1310.681152
1694.28125	1256.60083
1697.628906	1200.262695
1700.974609	1247.264038
1704.320313	1215.255493
1707.664063	1223.130005
1711.005859	1179.995605
1714.345703	1182.684204
1717.685547	1136.539063
1721.023438	1145.133789
1724.361328	1168.545532
1727.695313	1172.714355
1731.03125	1192.449585
1734.363281	1148.439087
1737.695313	1145.187012
1741.025391	1134.512085
1744.353516	1139.416504
1747.681641	1138.383911
1751.007813	1164.093872
1754.332031	1151.921997
1757.65625	1124.870728
1760.978516	1143.16748
1764.298828	1125.76355
1767.619141	1146.307617
1770.9375	1147.506836
1774.253906	1119.653809
1777.570313	1161.085815
1780.884766	1139.925293
1784.197266	1132.172729
1787.509766	1122.921509
1790.818359	1153.969604
1794.128906	1103.649536
1797.435547	1126.496826
1800.742188	1150.856445
1804.048828	1177.477905
1807.351563	1157.750366
1810.654297	1161.949219
1813.955078	1175.881348
1817.255859	1139.655518
1820.554688	1119.131592
1823.851563	1170.531616
1827.148438	1189.73584
1830.443359	1135.457642
1833.736328	1157.663818
1837.027344	1167.878052
1840.318359	1175.847534
1843.609375	1164.292969
1846.896484	1172.266724
1850.183594	1154.687012
1853.46875	1172.439331
1856.753906	1217.289673
1860.037109	1181.642822
1863.318359	1181.355469
1866.599609	1161.483521
1869.878906	1196.603271
1873.15625	1181.244019
1876.433594	1180.954956
1879.708984	1186.700684
1882.982422	1181.129883
1886.255859	1142.333862
1889.527344	1194.899414
1892.796875	1144.743652
1896.066406	1183.744751
1899.333984	1202.358765
1902.599609	1140.04187
1905.865234	1157.139282
1909.128906	1159.86499
1912.390625	1189.101196
1915.652344	1166.837402
1918.912109	1154.409668
1922.169922	1160.928955
1925.427734	1193.244629
1928.683594	1145.144531
1931.939453	1158.499512
1935.191406	1184.775757
1938.445313	1185.240112
1941.695313	1161.382446
1944.945313	1174.763672
1948.193359	1157.728516
1951.441406	1194.708008
1954.6875	1198.981934
1957.931641	1171.273682
1961.173828	1153.44751
1964.416016	1166.093262
1967.658203	1191.710205
1970.896484	1192.17627
1974.134766	1197.220581
1977.373047	1180.131592
1980.607422	1180.592773
1983.84375	1171.886719
1987.076172	1199.857178
1990.308594	1161.334229
1993.539063	1188.556885
1996.767578	1175.248413
1999.996094	1196.373779
2003.222656	1185.354614
2006.449219	1165.134033
2009.673828	1184.746704
2012.896484	1189.80835
2016.119141	1176.467529
2019.339844	1176.925903
2022.558594	1231.878906
2025.777344	1198.574463
2028.994141	1188.287476
2032.208984	1160.318481
2035.423828	1179.988159
2038.636719	1213.515381
2041.847656	1196.293091
2045.058594	1219.847046
2048.267578	1194.144165
2051.476563	1183.825439
2054.683594	1201.237061
2057.888672	1217.890991
2061.09375	1187.519531
2064.296875	1225.780273
2067.498047	1193.07251
2070.699219	1192.763794
2073.898438	1213.307007
2077.097656	1214.550537
2080.292969	1245.165405
2083.490234	1178.378784
2086.683594	1236.075928
2089.876953	1211.019287
2093.068359	1196.78064
2096.259766	1201.890869
2099.449219	1216.301514
2102.636719	1215.222656
2105.824219	1192.433838
2109.009766	1213.837158
2112.195313	1232.929077
2115.378906	1213.224609
2118.560547	1204.375854
2121.742188	1246.013062
2124.921875	1214.633179
2128.099609	1229.873779
2131.277344	1197.685059
2134.453125	1234.714844
2137.626953	1238.305176
2140.800781	1190.509155
2143.972656	1208.105225
2147.144531	1210.909424
2150.314453	1194.227417
2153.482422	1262.532959
2156.650391	1248.197754
2159.816406	1287.700439
2162.980469	1252.283813
2166.144531	1225.430786
2169.306641	1219.652588
2172.46875	1232.628662
2175.628906	1212.773438
2178.787109	1194.467163
2181.945313	1203.535034
2185.101563	1218.089478
2188.255859	1190.365601
2191.410156	1183.772827
2194.564453	1191.281982
2197.714844	1200.364746
2200.865234	1207.885498
2204.013672	1236.597046
2207.162109	1230.007935
2210.308594	1225.769287
2213.455078	1186.177368
2216.599609	1221.996216
2219.742188	1266.490112
2222.884766	1227.653809
2226.025391	1236.779419
2229.164063	1210.494141
2232.302734	1241.665649
2235.439453	1229.539429
2238.576172	1226.859131
2241.710938	1233.635742
2244.84375	1245.937134
2247.976563	1218.804321
2251.107422	1220.849609
2254.236328	1224.47522
2257.365234	1226.523804
2260.492188	1250.695801
2263.619141	1266.191895
2266.744141	1240.583984
2269.867188	1199.927368
2272.990234	1243.907349
2276.111328	1267.339233
2279.232422	1264.65625
2282.351563	1230.283081
2285.46875	1248.188354
2288.585938	1223.295532
2291.701172	1230.900879
2294.816406	1271.834839
2297.929688	1267.558228
2301.041016	1245.809692
2304.152344	1230.398804
2307.261719	1258.680054
2310.369141	1286.187622
2313.476563	1285.087769
2316.583984	1233.868286
2319.6875	1285.271973
2322.791016	1291.334839
2325.894531	1350.76355
2328.996094	1344.107422
2332.095703	1338.24292
2335.195313	1310.047852
2338.292969	1272.259155
2341.388672	1249.602539
2344.484375	1254.867676
2347.578125	1267.323486
2350.671875	1273.397583
2353.763672	1263.492554
2356.853516	1234.392212
2359.943359	1260.454224
2363.03125	1269.734131
2366.119141	1275.018799
2369.205078	1255.485718
2372.289063	1235.136475
2375.373047	1288.491211
2378.457031	1290.583374
2381.537109	1254.987183
2384.617188	1220.165894
2387.697266	1230.258911
2390.773438	1272.472046
2393.851563	1283.39502
2396.925781	1261.385376
2400	1269.096924
2403.074219	1206.862549
2406.146484	1203.297852
2409.216797	1233.525513
2412.286133	1270.21521
2415.355469	1265.059082
2418.421875	1257.482178
2421.488281	1282.133789
2424.553711	1285.843384
2427.617188	1255.68335
2430.679688	1302.951294
2433.741211	1294.565796
2436.801758	1286.980957
2439.861328	1285.851685
2442.918945	1216.849121
2445.976563	1255.29895
2449.032227	1242.026367
2452.086914	1248.157471
2455.140625	1284.234009
2458.192383	1291.19458
2461.243164	1281.153687
2464.293945	1285.687378
2467.342773	1315.3479
2470.390625	1301.25
2473.436523	1283.897095
2476.482422	1300.607788
2479.526367	1285.675903
2482.569336	1258.552979
2485.611328	1301.264893
2488.652344	1271.689087
2491.692383	1275.418945
2494.730469	1312.49231
2497.768555	1299.15625
2500.804688	1305.341309
2503.839844	1280.594482
2506.873047	1273.74585
2509.90625	1310.886841
2512.938477	1280.408081
2515.96875	1323.286133
2518.998047	1289.526001
2522.026367	1289.19397
2525.053711	1267.638794
2528.079102	1259.132202
2531.104492	1296.363159
2534.12793	1313.192627
2537.150391	1318.589722
2540.171875	1325.625977
2543.192383	1286.036255
2546.211914	1293.065063
2549.230469	1291.911865
2552.24707	1281.748413
2555.262695	1299.433716
2558.277344	1328.606689
2561.291016	1320.084595
2564.303711	1318.117554
2567.31543	1312.046021
2570.325195	1304.328003
2573.333984	1266.221191
2576.341797	1310.231812
2579.348633	1292.642212
2582.354492	1306.278198
2585.359375	1309.233032
2588.363281	1308.076416
2591.365234	1313.502441
2594.366211	1267.887573
2597.366211	1287.303467
2600.365234	1312.501099
2603.363281	1317.11145
2606.360352	1287.094727
2609.355469	1301.596558
2612.350586	1313.633545
2615.34375	1338.060913
2618.335938	1306.354492
2621.327148	1337.405273
2624.317383	1311.458984
2627.306641	1330.134033
2630.293945	1331.455811
2633.280273	1322.850586
2636.266602	1298.514282
2639.250977	1330.457642
2642.234375	1352.48584
2645.216797	1314.875977
2648.197266	1345.202515
2651.177734	1324.973389
2654.157227	1326.294678
2657.134766	1314.340576
2660.111328	1304.867432
2663.086914	1341.888062
2666.061523	1312.481079
2669.035156	1344.54541
2672.007813	1351.694336
2674.978516	1352.19519
2677.949219	1369.334595
2680.917969	1369.841797
2683.885742	1351.200806
2686.852539	1373.354858
2689.818359	1342.203613
2692.783203	1372.704712
2695.74707	1320.685303
2698.708984	1348.698242
2701.670898	1360.878296
2704.630859	1364.720093
2707.589844	1355.204468
2710.547852	1379.093872
2713.504883	1377.932129
2716.460938	1386.800171
2719.416016	1410.726807
2722.369141	1416.266724
2725.322266	1410.094604
2728.273438	1407.266235
2731.223633	1391.035889
2734.173828	1375.630981
2737.12207	1442.347046
2740.069336	1404.312378
2743.014648	1435.023193
2745.959961	1410.38147
2748.904297	1392.435791
2751.84668	1417.297729
2754.788086	1390.10144
2757.729492	1409.098389
2760.668945	1404.573486
2763.607422	1453.019653
2766.544922	1391.306763
2769.481445	1426.319214
2772.416016	1414.216553
2775.350586	1422.315063
2778.28418	1413.571045
2781.21582	1393.022095
2784.146484	1407.865112
2787.077148	1387.29834
2790.005859	1366.716187
2792.933594	1365.529663
2795.860352	1377.005981
2798.785156	1387.645874
2801.709961	1429.554199
2804.633789	1364.997803
2807.555664	1405.236938
2810.477539	1405.751709
2813.397461	1412.189331
2816.316406	1425.402954
2819.234375	1425.924805
2822.151367	1434.070068
2825.067383	1414.257935
2827.982422	1442.748535
2830.896484	1448.364014
2833.80957	1448.893555
2836.720703	1479.124268
2839.631836	1539.937988
2842.541016	1583.811157
2845.450195	1670.192871
2848.357422	1788.081787
2851.263672	1832.092529
2854.168945	1899.097656
2857.073242	1874.26709
2859.976563	1912.398682
2862.878906	2008.452759
2865.779297	2007.481445
2868.679688	2177.765137
2871.579102	2225.436768
2874.476563	2324.30127
2877.374023	2389.971924
2880.269531	2393.401855
2883.164063	2385.737305
2886.057617	2372.943115
2888.950195	2469.476074
2891.841797	2437.903076
2894.732422	2444.773193
2897.62207	2525.188477
2900.510742	2526.961426
2903.398438	2543.282959
2906.28418	2604.986816
2909.169922	2699.2771
2912.053711	2762.794678
2914.9375	2855.495361
2917.819336	2906.254883
2920.700195	2995.643066
2923.581055	3043.057373
2926.459961	3207.225342
2929.337891	3132.835449
2932.214844	3176.913574
2935.09082	3276.868652
2937.96582	3291.807129
2940.838867	3124.47998
2943.711914	3098.947754
2946.583984	2942.613281
2949.454102	2823.176514
2952.324219	2714.845947
2955.193359	2650.365234
2958.060547	2585.837158
2960.926758	2531.605469
2963.792969	2513.550049
2966.657227	2498.068604
2969.520508	2483.438232
2972.382813	2401.466064
2975.244141	2390.243408
2978.104492	2332.364746
2980.963867	2294.319336
2983.822266	2212.158203
2986.679688	2173.17627
2989.536133	2068.418945
2992.390625	2033.682983
2995.245117	1967.755981
2998.098633	1876.666504
3000.950195	1795.040527
3003.801758	1783.553589
3006.651367	1747.783203
3009.500977	1690.305054
3012.348633	1637.122925
3015.195313	1593.449097
3018.041992	1557.557251
3020.886719	1552.905884
3023.730469	1503.940552
3026.573242	1492.312744
3029.415039	1499.804199
3032.255859	1509.040161
3035.095703	1515.672241
3037.93457	1478.789307
3040.772461	1509.794312
3043.609375	1497.270386
3046.445313	1536.145386
3049.280273	1528.851196
3052.114258	1525.911133
3054.946289	1536.052612
3057.77832	1607.281128
3060.609375	1589.525879
3063.438477	1577.869873
3066.267578	1557.470215
3069.094727	1581.620483
3071.921875	1544.598267
3074.74707	1513.670288
3077.572266	1515.085938
3080.395508	1479.749268
3083.21875	1429.505493
3086.040039	1482.557861
3088.860352	1465.566895
3091.679688	1431.91333
3094.499023	1463.106445
3097.316406	1453.981934
3100.132813	1436.077881
3102.948242	1455.018921
3105.762695	1425.689331
3108.576172	1434.97937
3111.388672	1367.844971
3114.201172	1448.305298
3117.011719	1425.084106
3119.821289	1446.69812
3122.629883	1470.086792
3125.436523	1489.971436
3128.243164	1463.209229
3131.048828	1465.490723
3133.853516	1450.15332
3136.657227	1414.534058
3139.459961	1435.314331
3142.261719	1419.948853
3145.0625	1444.27417
3147.861328	1435.078369
3150.660156	1441.767822
3153.458008	1443.162476
3156.254883	1463.111694
3159.049805	1438.883057
3161.844727	1456.191772
3164.638672	1430.17395
3167.430664	1428.910889
3170.222656	1418.795898
3173.013672	1447.630981
3175.802734	1453.457642
3178.591797	1435.365356
3181.379883	1439.418335
3184.166016	1426.627563
3186.952148	1443.984253
3189.737305	1449.818237
3192.520508	1422.815063
3195.303711	1415.326416
3198.084961	1406.94397
3200.866211	1398.061768
