399.363281	1012.505188
403.25	1026.933838
407.134766	1010.203552
411.017578	994.731201
414.898438	1031.45459
418.777344	1018.525391
422.654297	939.310364
426.53125	975.419067
430.404297	960.534424
434.277344	963.502869
438.148438	933.278931
442.017578	962.42157
445.884766	960.282532
449.751953	962.615662
453.615234	949.603394
457.478516	969.846069
461.339844	935.704529
465.199219	970.044617
469.056641	957.652466
472.912109	961.911316
476.765625	921.294922
480.619141	939.01062
484.470703	940.057739
488.320313	948.166931
492.167969	958.209595
496.013672	980.468262
499.857422	968.678223
503.699219	977.45575
507.541016	973.373779
511.380859	991.814575
515.21875	973.56897
519.054688	980.430054
522.888672	969.252197
526.720703	971.603699
530.552734	968.151917
534.380859	986.636414
538.208984	943.808411
542.035156	951.318542
545.859375	965.9422
549.683594	958.600708
553.503906	954.486023
557.324219	956.190063
561.140625	955.953613
564.957031	945.356567
568.773438	941.227966
572.585938	926.078552
576.396484	926.475952
580.207031	924.927612
584.015625	953.226807
587.820313	899.754211
591.626953	920.922424
595.429688	915.469543
599.230469	924.311951
603.03125	910.401611
606.828125	941.368042
610.625	909.879761
614.419922	905.060303
618.214844	938.669067
622.005859	959.272766
625.796875	938.168457
629.583984	915.089111
633.371094	927.878174
637.15625	943.941833
640.941406	962.631287
644.722656	963.695923
648.503906	954.30304
652.283203	928.554077
656.060547	938.109131
659.835938	935.891663
663.609375	943.493225
667.382813	1017.25885
671.152344	966.578674
674.921875	969.613159
678.689453	968.714722
682.455078	972.408325
686.220703	962.319763
689.982422	953.535828
693.744141	974.965393
697.503906	989.183044
701.261719	995.521973
705.017578	979.499939
708.773438	1016.770508
712.525391	1048.805298
716.277344	1038.054077
720.027344	1041.790039
723.775391	1062.668701
727.523438	1071.693848
731.267578	1025.964233
735.011719	1031.68042
738.753906	1064.475342
742.494141	1065.587769
746.232422	1092.476196
749.970703	1065.169922
753.707031	1054.376831
757.439453	1068.058838
761.171875	1049.974976
764.904297	1082.210815
768.632813	1064.116943
772.361328	1103.677002
776.087891	1116.081177
779.8125	1139.110352
783.535156	1137.60144
787.255859	1138.746948
790.976563	1133.914551
794.695313	1085.217285
798.412109	1088.335571
802.126953	1118.060913
805.839844	1112.544922
809.552734	1117.009155
813.263672	1104.827881
816.972656	1148.60022
820.679688	1123.757446
824.384766	1116.230225
828.089844	1128.708984
831.791016	1090.478027
835.492188	1086.264526
839.193359	1098.077515
842.890625	1129.946533
846.587891	1140.450317
850.28125	1143.606201
853.974609	1160.145386
857.666016	1152.602173
861.357422	1133.668579
865.044922	1101.320679
868.732422	1129.932129
872.417969	1110.964111
876.101563	1119.480591
879.785156	1131.359009
883.464844	1104.311035
887.144531	1105.446899
890.822266	1112.630493
894.5	1123.852661
898.173828	1094.737305
901.847656	1074.342773
905.519531	1070.755859
909.189453	1079.284912
912.857422	1090.515137
916.523438	1100.406738
920.189453	1086.037476
923.853516	1072.3302
927.515625	1092.346313
931.177734	1097.529175
934.835938	1118.922607
938.494141	1068.724976
942.150391	1114.453735
945.804688	1083.142944
949.458984	1092.389771
953.109375	1112.471069
956.759766	1078.411255
960.408203	1058.544922
964.056641	1066.440674
967.701172	1100.099854
971.345703	1107.340942
974.988281	1082.025269
978.628906	1098.086914
982.267578	1084.28772
985.90625	1099.683838
989.542969	1096.06604
993.177734	1099.24292
996.810547	1118.064209
1000.443359	1221.947388
1004.074219	1244.238159
1007.703125	1150.787598
1011.330078	1132.874512
1014.955078	1082.233887
1018.580078	1072.45813
1022.203125	1066.084351
1025.824219	1069.258057
1029.443359	1108.614136
1033.0625	1107.0271
1036.679688	1088.358032
1040.294922	1127.087036
1043.908203	1122.085815
1047.519531	1081.508667
1051.130859	1086.064697
1054.740234	1085.147095
1058.347656	1082.858643
1061.953125	1086.049561
1065.558594	1086.500977
1069.162109	1142.500122
1072.763672	1119.648682
1076.363281	1140.703979
1079.962891	1145.297363
1083.560547	1128.599976
1087.15625	1121.509155
1090.75	1133.661743
1094.34375	1116.249878
1097.933594	1138.042603
1101.523438	1171.554688
1105.113281	1168.59729
1108.699219	1127.746826
1112.285156	1133.038452
1115.869141	1125.234009
1119.451172	1076.036743
1123.03125	1155.838379
1126.611328	1161.14917
1130.189453	1144.364136
1133.765625	1109.601196
1137.341797	1107.29541
1140.914063	1102.912964
1144.486328	1083.307617
1148.056641	1097.596558
1151.626953	1117.435547
1155.193359	1119.282471
1158.759766	1141.917969
1162.324219	1113.275269
1165.888672	1143.554688
1169.449219	1134.313965
1173.009766	1138.946411
1176.568359	1168.578735
1180.125	1154.473511
1183.681641	1132.017456
1187.236328	1134.569702
1190.789063	1079.398315
1194.339844	1101.412109
1197.890625	1124.835938
1201.439453	1171.954712
1204.986328	1179.403687
1208.53125	1189.646118
1212.076172	1210.354858
1215.619141	1214.340454
1219.160156	1244.844727
1222.699219	1260.016235
1226.238281	1317.101318
1229.775391	1284.10791
1233.310547	1318.883301
1236.84375	1320.124512
1240.376953	1301.080811
1243.908203	1299.515747
1247.4375	1345.554688
1250.964844	1340.50415
1254.492188	1311.626953
1258.017578	1303.753784
1261.541016	1304.98999
1265.064453	1316.749512
1268.583984	1319.394897
1272.103516	1275.703979
1275.623047	1298.703125
1279.138672	1276.749878
1282.654297	1324.371094
1286.167969	1327.023315
1289.679688	1350.783447
1293.191406	1376.67395
1296.701172	1388.503296
1300.208984	1374.279175
1303.714844	1405.142944
1307.220703	1454.36084
1310.722656	1429.566162
1314.226563	1434.383911
1317.726563	1421.559326
1321.226563	1439.793457
1324.724609	1436.849609
1328.220703	1448.743896
1331.714844	1459.94043
1335.208984	1459.829224
1338.701172	1452.641846
1342.191406	1451.111084
1345.681641	1440.372803
1349.169922	1369.408203
1352.65625	1346.578735
1356.140625	1382.578491
1359.625	1349.095459
1363.107422	1365.965942
1366.587891	1367.232422
1370.068359	1342.93335
1373.544922	1348.453491
1377.021484	1320.57251
1380.498047	1358.084106
1383.970703	1330.183716
1387.443359	1354.919922
1390.914063	1315.60437
1394.384766	1316.851563
1397.851563	1325.93689
1401.318359	1289.411499
1404.785156	1332.006348
1408.248047	1286.892944
1411.710938	1315.247803
1415.171875	1320.779541
1418.630859	1312.745117
1422.089844	1333.284424
1425.546875	1316.670288
1429.001953	1327.930908
1432.457031	1341.346558
1435.908203	1388.409424
1439.361328	1434.794189
1442.810547	1461.161011
1446.257813	1496.147461
1449.705078	1541.19751
1453.152344	1476.563354
1456.595703	1504.423218
1460.039063	1505.032471
1463.480469	1479.075806
1466.919922	1421.493042
1470.359375	1406.259521
1473.796875	1388.856689
1477.232422	1421.78064
1480.666016	1416.599976
1484.099609	1376.867065
1487.53125	1348.622314
1490.962891	1287.939697
1494.390625	1266.841553
1497.818359	1226.261597
1501.246094	1225.314453
1504.669922	1233.745483
1508.09375	1222.694946
1511.515625	1213.079346
1514.935547	1231.627808
1518.355469	1274.038574
1521.773438	1254.309814
1525.189453	1274.342896
1528.605469	1245.192017
1532.019531	1255.827271
1535.431641	1257.781372
1538.841797	1264.807739
1542.251953	1313.871582
1545.660156	1309.325684
1549.068359	1334.512207
1552.472656	1344.481689
1555.876953	1353.73291
1559.28125	1360.08667
1562.681641	1389.691528
1566.082031	1411.325684
1569.480469	1427.160645
1572.878906	1430.643433
1576.273438	1394.109985
1579.667969	1428.881592
1583.0625	1426.542603
1586.453125	1385.591431
1589.84375	1367.927979
1593.234375	1388.891113
1596.621094	1377.049194
1600.007813	1379.060913
1603.392578	1392.753174
1606.777344	1415.949341
1610.160156	1401.906128
1613.541016	1387.120483
1616.919922	1394.987549
1620.298828	1406.5177
1623.675781	1390.983398
1627.050781	1387.148315
1630.425781	1408.208008
1633.798828	1394.852295
1637.169922	1422.527222
1640.541016	1406.966431
1643.910156	1468.407104
1647.277344	1461.656738
1650.642578	1498.943848
1654.007813	1521.573486
1657.371094	1524.385498
1660.734375	1546.307617
1664.09375	1563.100342
1667.453125	1528.419434
1670.8125	1557.72644
1674.167969	1539.209351
1677.523438	1475.756348
1680.878906	1482.975342
1684.230469	1412.815552
1687.582031	1415.59082
1690.933594	1412.467285
1694.28125	1347.359497
1697.628906	1381.852173
1700.974609	1310.033325
1704.320313	1297.996338
1707.664063	1275.602661
1711.005859	1262.802368
1714.345703	1291.411255
1717.685547	1274.906738
1721.023438	1231.000244
1724.361328	1232.971069
1727.695313	1236.424683
1731.03125	1232.469604
1734.363281	1238.890747
1737.695313	1252.733765
1741.025391	1252.489502
1744.353516	1243.33728
1747.681641	1209.672119
1751.007813	1230.210205
1754.332031	1247.791626
1757.65625	1249.030396
1760.978516	1220.519043
1764.298828	1218.026978
1767.619141	1225.209351
1770.9375	1231.652344
1774.253906	1240.335083
1777.570313	1231.13855
1780.884766	1242.063843
1784.197266	1250.014282
1787.509766	1254.986084
1790.818359	1211.444092
1794.128906	1252.993164
1797.435547	1196.716064
1800.742188	1227.082031
1804.048828	1274.666626
1807.351563	1234.036255
1810.654297	1232.279663
1813.955078	1229.772827
1817.255859	1216.031982
1820.554688	1243.479492
1823.851563	1222.23877
1827.148438	1221.222168
1830.443359	1234.453979
1833.736328	1208.682007
1837.027344	1228.673706
1840.318359	1181.85437
1843.609375	1214.620483
1846.896484	1269.204224
1850.183594	1248.655762
1853.46875	1264.94104
1856.753906	1240.612305
1860.037109	1282.496338
1863.318359	1258.154785
1866.599609	1246.598755
1869.878906	1265.174316
1873.15625	1223.458252
1876.433594	1218.661011
1879.708984	1210.842041
1882.982422	1240.752441
1886.255859	1248.035522
1889.527344	1255.324219
1892.796875	1210.481445
1896.066406	1261.602783
1899.333984	1239.412598
1902.599609	1230.821655
1905.865234	1232.818726
1909.128906	1252.230225
1912.390625	1276.958374
1915.652344	1253.971436
1918.912109	1267.349243
1922.169922	1283.770508
1925.427734	1206.140503
1928.683594	1251.387329
1931.939453	1277.689941
1935.191406	1228.825073
1938.445313	1212.591797
1941.695313	1288.313599
1944.945313	1247.758667
1948.193359	1268.024536
1951.441406	1250.258057
1954.6875	1273.585327
1957.931641	1261.137329
1961.173828	1258.583374
1964.416016	1261.362305
1967.658203	1265.667847
1970.896484	1276.078613
1974.134766	1235.372925
1977.373047	1293.869995
1980.607422	1252.375244
1983.84375	1271.963135
1987.076172	1263.289063
1990.308594	1224.790894
1993.539063	1248.979004
1996.767578	1299.200439
1999.996094	1257.608521
2003.222656	1214.452393
2006.449219	1269.314331
2009.673828	1254.482788
2012.896484	1270.304443
2016.119141	1238.588623
2019.339844	1308.121704
2022.558594	1312.468994
2025.777344	1248.483032
2028.994141	1239.751709
2032.208984	1293.255615
2035.423828	1256.091675
2038.636719	1255.811523
2041.847656	1274.763794
2045.058594	1291.421631
2048.267578	1251.118164
2051.476563	1267.779297
2054.683594	1239.762939
2057.888672	1236.390625
2061.09375	1252.293335
2064.296875	1230.408813
2067.498047	1296.482422
2070.699219	1317.058228
2073.898438	1264.279785
2077.097656	1267.088379
2080.292969	1248.25708
2083.490234	1245.648438
2086.683594	1314.200806
2089.876953	1279.888794
2093.068359	1291.222534
2096.259766	1257.648804
2099.449219	1260.460205
2102.636719	1290.399048
2105.824219	1307.18042
2109.009766	1288.296143
2112.195313	1279.483887
2115.378906	1273.769409
2118.560547	1282.803955
2121.742188	1281.746582
2124.921875	1277.57959
2128.099609	1262.525269
2131.277344	1315.898193
2134.453125	1283.72998
2137.626953	1281.112793
2140.800781	1289.393921
2143.972656	1304.691406
2147.144531	1281.039307
2150.314453	1259.707275
2153.482422	1270.331177
2156.650391	1294.224976
2159.816406	1275.994141
2162.980469	1290.539307
2166.144531	1298.066162
2169.306641	1290.753296
2172.46875	1259.985718
2175.628906	1298.003784
2178.787109	1283.641479
2181.945313	1248.139404
2185.101563	1254.88269
2188.255859	1262.414063
2191.410156	1305.988892
2194.564453	1301.005249
2197.714844	1290.529297
2200.865234	1279.260498
2204.013672	1240.520264
2207.162109	1303.007813
2210.308594	1278.380737
2213.455078	1329.147095
2216.599609	1303.724609
2219.742188	1268.848511
2222.884766	1283.491943
2226.025391	1302.080078
2229.164063	1299.431641
2232.302734	1288.119873
2235.439453	1257.895264
2238.576172	1274.136963
2241.710938	1273.04895
2244.84375	1267.228516
2247.976563	1282.702759
2251.107422	1284.772583
2254.236328	1301.84375
2257.365234	1292.865112
2260.492188	1305.211304
2263.619141	1277.257202
2266.744141	1251.653564
2269.867188	1290.890869
2272.990234	1261.315674
2276.111328	1253.090576
2279.232422	1285.245605
2282.351563	1292.074463
2285.46875	1317.928345
2288.585938	1278.791748
2291.701172	1303.866577
2294.816406	1291.670044
2297.929688	1312.799805
2301.041016	1272.806152
2304.152344	1269.320435
2307.261719	1296.821899
2310.369141	1293.341919
2313.476563	1320.077759
2316.583984	1324.558838
2319.6875	1310.73877
2322.791016	1316.811279
2325.894531	1370.674561
2328.996094	1385.538086
2332.095703	1368.530762
2335.195313	1353.902222
2338.292969	1277.842773
2341.388672	1275.935181
2344.484375	1310.745972
2347.578125	1246.560791
2350.671875	1296.564819
2353.763672	1332.221313
2356.853516	1313.540405
2359.943359	1288.446655
2363.03125	1267.333862
2366.119141	1302.232056
2369.205078	1267.496094
2372.289063	1263.972412
2375.373047	1322.947144
2378.457031	1291.38501
2381.537109	1311.12085
2384.617188	1278.727417
2387.697266	1283.224976
2390.773438	1271.669189
2393.851563	1317.126343
2396.925781	1307.180908
2400	1327.769531
2403.074219	1288.070557
2406.146484	1323.14502
2409.216797	1301.920532
2412.286133	1297.583618
2415.355469	1352.026978
2418.421875	1317.899292
2421.488281	1290.998291
2424.553711	1321.314819
2427.617188	1331.492188
2430.679688	1310.21228
2433.741211	1322.006714
2436.801758	1297.477051
2439.861328	1333.505737
2442.918945	1256.441162
2445.976563	1331.279663
2449.032227	1305.098022
2452.086914	1316.106323
2455.140625	1307.701416
2458.192383	1343.813843
2461.243164	1311.927246
2464.293945	1318.092896
2467.342773	1342.092407
2470.390625	1294.764038
2473.436523	1312.283936
2476.482422	1299.796387
2479.526367	1323.012451
2482.569336	1270.732422
2485.611328	1304.514038
2488.652344	1305.817383
2491.692383	1313.624634
2494.730469	1329.569336
2497.768555	1337.390747
2500.804688	1322.431152
2503.839844	1345.723267
2506.873047	1341.342407
2509.90625	1325.551758
2512.938477	1353.760498
2515.96875	1350.192139
2518.998047	1334.386108
2522.026367	1307.960693
2525.053711	1311.716431
2528.079102	1374.266846
2531.104492	1317.601685
2534.12793	1293.580566
2537.150391	1339.844116
2540.171875	1341.981689
2543.192383	1335.121582
2546.211914	1333.166504
2549.230469	1368.051147
2552.24707	1324.336914
2555.262695	1342.857422
2558.277344	1335.163696
2561.291016	1343.862427
2564.303711	1313.196167
2567.31543	1334.200684
2570.325195	1330.595215
2573.333984	1355.727051
2576.341797	1334.87561
2579.348633	1318.117065
2582.354492	1340.80542
2585.359375	1305.943481
2588.363281	1360.728516
2591.365234	1335.723389
2594.366211	1341.161499
2597.366211	1351.545166
2600.365234	1339.690308
2603.363281	1371.510376
2606.360352	1353.881836
2609.355469	1361.809814
2612.350586	1368.918335
2615.34375	1376.03186
2618.335938	1361.68042
2621.327148	1347.318115
2624.317383	1364.347046
2627.306641	1343.360962
2630.293945	1364.5354
2633.280273	1379.106934
2636.266602	1348.170654
2639.250977	1338.736816
2642.234375	1342.547119
2645.216797	1340.560425
2648.197266	1387.473145
2651.177734	1373.892944
2654.157227	1331.271484
2657.134766	1344.211914
2660.111328	1410.286133
2663.086914	1354.34375
2666.061523	1304.174316
2669.035156	1348.700439
2672.007813	1384.946289
2674.978516	1357.184814
2677.949219	1326.074829
2680.917969	1369.841797
2683.885742	1391.162354
2686.852539	1386.68042
2689.818359	1343.036743
2692.783203	1374.371582
2695.74707	1390.72168
2698.708984	1393.738281
2701.670898	1395.088013
2704.630859	1372.2323
2707.589844	1393.614502
2710.547852	1425.871094
2713.504883	1428.904663
2716.460938	1377.60498
2719.416016	1424.942749
2722.369141	1451.401611
2725.322266	1417.626221
2728.273438	1465.030273
2731.223633	1443.796387
2734.173828	1452.706543
2737.12207	1413.852051
2740.069336	1432.817871
2743.014648	1455.1521
2745.959961	1447.297974
2748.904297	1423.490723
2751.84668	1407.222168
2754.788086	1433.77832
2757.729492	1431.785156
2760.668945	1420.544067
2763.607422	1400.885742
2766.544922	1458.600952
2769.481445	1422.111816
2772.416016	1420.950928
2775.350586	1413.894043
2778.28418	1398.407593
2781.21582	1422.517456
2784.146484	1444.115479
2787.077148	1410.911865
2790.005859	1408.055054
2792.933594	1366.373535
2795.860352	1441.170654
2798.785156	1406.226685
2801.709961	1423.640015
2804.633789	1408.103027
2807.555664	1463.577026
2810.477539	1431.126221
2813.397461	1413.881592
2816.316406	1444.871094
2819.234375	1436.932495
2822.151367	1407.811279
2825.067383	1454.084229
2827.982422	1459.702148
2830.896484	1485.675537
2833.80957	1528.633545
2836.720703	1493.550659
2839.631836	1545.880371
2842.541016	1592.303467
2845.450195	1694.82959
2848.357422	1787.231934
2851.263672	1809.988403
2854.168945	1865.929443
2857.073242	1920.209229
2859.976563	2012.827271
2862.878906	2044.211548
2865.779297	2130.979492
2868.679688	2257.855225
2871.579102	2330.273682
2874.476563	2379.7229
2877.374023	2511.944092
2880.269531	2423.266113
2883.164063	2454.023193
2886.057617	2516.395752
2888.950195	2471.18457
2891.841797	2529.334961
2894.732422	2561.028076
2897.62207	2604.715332
2900.510742	2672.385742
2903.398438	2667.366455
2906.28418	2760.789551
2909.169922	2832.014404
2912.053711	2865.596191
2914.9375	2971.189209
2917.819336	3182.306152
2920.700195	3192.894287
2923.581055	3235.232422
2926.459961	3372.864746
2929.337891	3379.238281
2932.214844	3404.510742
2935.09082	3393.715576
2937.96582	3419.01001
2940.838867	3389.29541
2943.711914	3227.962891
2946.583984	3069.094238
2949.454102	2959.170898
2952.324219	2882.748047
2955.193359	2823.49585
2958.060547	2724.564209
2960.926758	2734.168457
2963.792969	2713.599365
2966.657227	2615.381104
2969.520508	2586.124023
2972.382813	2550.80249
2975.244141	2511.137207
2978.104492	2456.757568
2980.963867	2399.745605
2983.822266	2350.472168
2986.679688	2259.653564
2989.536133	2216.348633
2992.390625	2106.376465
2995.245117	1984.204468
2998.098633	1912.17334
3000.950195	1920.658691
3003.801758	1815.619385
3006.651367	1772.057983
3009.500977	1745.810181
3012.348633	1677.89917
3015.195313	1655.069458
3018.041992	1600.099243
3020.886719	1601.542725
3023.730469	1565.627319
3026.573242	1580.965088
3029.415039	1526.757202
3032.255859	1564.705078
3035.095703	1534.813965
3037.93457	1524.919922
3040.772461	1558.553467
3043.609375	1517.303711
3046.445313	1539.630737
3049.280273	1577.662842
3052.114258	1623.569458
3054.946289	1603.216675
3057.77832	1606.408569
3060.609375	1658.483887
3063.438477	1641.613403
3066.267578	1629.098145
3069.094727	1611.330444
3071.921875	1599.668823
3074.74707	1510.172485
3077.572266	1538.70459
3080.395508	1466.623169
3083.21875	1510.916382
3086.040039	1475.552246
3088.860352	1500.6073
3091.679688	1446.810791
3094.499023	1480.639282
3097.316406	1450.474121
3100.132813	1463.273071
3102.948242	1429.569336
3105.762695	1490.653076
3108.576172	1453.421509
3111.388672	1485.565796
3114.201172	1465.881836
3117.011719	1492.777832
3119.821289	1449.336548
3122.629883	1492.080933
3125.436523	1448.607788
3128.243164	1459.687622
3131.048828	1450.518799
3133.853516	1464.249634
3136.657227	1422.466064
3139.459961	1470.579956
3142.261719	1451.699219
3145.0625	1450.450073
3147.861328	1429.782837
3150.660156	1454.128296
3153.458008	1439.629639
3156.254883	1457.810547
3159.049805	1406.181152
3161.844727	1431.435669
3164.638672	1436.365112
3167.430664	1446.606445
3170.222656	1459.509888
3173.013672	1410.444092
3175.802734	1481.800537
3178.591797	1481.438721
3181.379883	1460.690552
3184.166016	1439.040771
3186.952148	1444.871216
3189.737305	1401.017822
3192.520508	1456.543701
3195.303711	1446.40332
3198.084961	1448.69043
3200.866211	1444.24939
