399.363281	1327.760986
403.25	1324.522095
407.134766	1320.643921
411.017578	1300.214844
414.898438	1342.801147
418.777344	1312.171509
422.654297	1314.014893
426.53125	1283.345459
430.404297	1294.744263
434.277344	1264.677246
438.148438	1260.118042
442.017578	1278.54541
445.884766	1261.209351
449.751953	1254.084961
453.615234	1242.477661
457.478516	1266.685547
461.339844	1276.193481
465.199219	1285.06897
469.056641	1272.172363
472.912109	1243.884033
476.765625	1284.812134
480.619141	1293.063843
484.470703	1294.263794
488.320313	1292.896606
492.167969	1309.510254
496.013672	1276.664795
499.857422	1259.217407
503.699219	1274.550903
507.541016	1283.463745
511.380859	1280.798828
515.21875	1289.721313
519.054688	1323.773804
522.888672	1297.2771
526.720703	1290.098877
530.552734	1310.649414
534.380859	1298.953003
538.208984	1316.942017
542.035156	1301.362427
545.859375	1315.490479
549.683594	1266.283813
553.503906	1261.654663
557.324219	1276.429565
561.140625	1289.275269
564.957031	1293.066528
568.773438	1272.244873
572.585938	1255.293335
576.396484	1251.293701
580.207031	1262.856934
584.015625	1230.953857
587.820313	1236.026001
591.626953	1265.131714
595.429688	1255.928101
599.230469	1233.715942
603.03125	1262.857056
606.828125	1226.315674
610.625	1230.094971
614.419922	1233.877197
618.214844	1270.883667
622.005859	1295.539551
625.796875	1266.755615
629.583984	1254.904785
633.371094	1297.202393
637.15625	1269.033813
640.941406	1296.352173
644.722656	1340.680664
648.503906	1319.029785
652.283203	1288.859253
656.060547	1330.623413
659.835938	1307.630371
663.609375	1316.700073
667.382813	1362.45874
671.152344	1338.138062
674.921875	1324.941284
678.689453	1313.044678
682.455078	1307.042725
686.220703	1319.415283
689.982422	1302.902954
693.744141	1336.307007
697.503906	1338.19043
701.261719	1322.979004
705.017578	1343.934448
708.773438	1335.950806
712.525391	1368.779907
716.277344	1395.708496
720.027344	1404.868042
723.775391	1408.102051
727.523438	1405.402832
731.267578	1393.463867
735.011719	1409.897217
738.753906	1382.761353
742.494141	1416.379639
746.232422	1445.399536
749.970703	1445.351685
753.707031	1447.28772
757.439453	1467.753784
761.171875	1417.400024
764.904297	1421.312256
768.632813	1463.657715
772.361328	1427.819946
776.087891	1492.750244
779.8125	1485.421143
783.535156	1535.164673
787.255859	1507.262695
790.976563	1450.772949
794.695313	1515.18396
798.412109	1438.03894
802.126953	1478.553955
805.839844	1502.467896
809.552734	1505.099976
813.263672	1501.074219
816.972656	1503.706909
820.679688	1524.337646
824.384766	1542.318237
828.089844	1538.966675
831.791016	1504.245728
835.492188	1514.227417
839.193359	1494.828247
842.890625	1454.697632
846.587891	1494.752075
850.28125	1550.890503
853.974609	1524.781738
857.666016	1535.464111
861.357422	1478.523438
865.044922	1557.524658
868.732422	1515.288574
872.417969	1496.482788
876.101563	1513.210449
879.785156	1519.88623
883.464844	1543.35022
887.144531	1505.046509
890.822266	1494.257324
894.5	1525.804688
898.173828	1499.548096
901.847656	1503.541626
905.519531	1504.846069
909.189453	1520.963623
912.857422	1502.741943
916.523438	1480.461548
920.189453	1504.003418
923.853516	1510.704102
927.515625	1491.77124
931.177734	1500.49646
934.835938	1486.944824
938.494141	1512.563354
942.150391	1533.472168
945.804688	1494.899536
949.458984	1498.907593
953.109375	1475.851196
956.759766	1529.272461
960.408203	1479.11853
964.056641	1520.389404
967.701172	1528.481323
971.345703	1523.695679
974.988281	1507.373047
978.628906	1459.817627
982.267578	1518.817505
985.90625	1510.621948
989.542969	1522.804688
993.177734	1473.814941
996.810547	1556.720825
1000.443359	1582.544312
1004.074219	1681.218994
1007.703125	1568.884399
1011.330078	1566.13269
1014.955078	1525.213745
1018.580078	1504.032227
1022.203125	1501.930786
1025.824219	1589.898682
1029.443359	1533.901489
1033.0625	1555.028198
1036.679688	1520.831787
1040.294922	1539.919312
1043.908203	1492.695557
1047.519531	1554.198486
1051.130859	1564.425903
1054.740234	1549.329956
1058.347656	1501.344849
1061.953125	1554.729614
1065.558594	1554.004761
1069.162109	1551.907349
1072.763672	1588.227173
1076.363281	1568.982788
1079.962891	1614.265137
1083.560547	1641.724854
1087.15625	1612.856567
1090.75	1598.401123
1094.34375	1614.882813
1097.933594	1652.019409
1101.523438	1623.105835
1105.113281	1619.646851
1108.699219	1616.873535
1112.285156	1594.110718
1115.869141	1591.323608
1119.451172	1600.949585
1123.03125	1629.904663
1126.611328	1635.411621
1130.189453	1614.679077
1133.765625	1609.129028
1137.341797	1548.278198
1140.914063	1536.471802
1144.486328	1541.25769
1148.056641	1557.119873
1151.626953	1572.994873
1155.193359	1602.042358
1158.759766	1651.207886
1162.324219	1561.080933
1165.888672	1599.173584
1169.449219	1622.034302
1173.009766	1640.749146
1176.568359	1628.233521
1180.125	1584.448975
1183.681641	1582.322632
1187.236328	1609.3927
1190.789063	1617.706421
1194.339844	1639.942139
1197.890625	1676.812988
1201.439453	1667.058472
1204.986328	1679.587769
1208.53125	1766.697632
1212.076172	1764.635986
1215.619141	1767.454712
1219.160156	1763.297363
1222.699219	1777.984131
1226.238281	1787.793945
1229.775391	1821.365234
1233.310547	1828.404297
1236.84375	1805.382202
1240.376953	1834.803711
1243.908203	1811.064575
1247.4375	1833.510742
1250.964844	1855.974976
1254.492188	1885.463623
1258.017578	1814.741211
1261.541016	1868.779297
1265.064453	1873.053467
1268.583984	1869.610718
1272.103516	1847.910278
1275.623047	1826.893921
1279.138672	1825.534546
1282.654297	1867.756958
1286.167969	1924.078369
1289.679688	1935.419312
1293.191406	1932.692627
1296.701172	1926.442627
1300.208984	1969.494873
1303.714844	2004.12561
1307.220703	1986.615967
1310.722656	1989.544189
1314.226563	2012.935303
1317.726563	2029.992432
1321.226563	2063.303955
1324.724609	2031.651733
1328.220703	2063.57666
1331.714844	2062.29834
1335.208984	2073.749512
1338.701172	2074.596191
1342.191406	2025.892578
1345.681641	1996.977051
1349.169922	1954.576904
1352.65625	1957.500244
1356.140625	1968.224609
1359.625	1996.689697
1363.107422	1945.703247
1366.587891	1954.304688
1370.068359	1980.66687
1373.544922	1960.870239
1377.021484	2003.602783
1380.498047	1985.931396
1383.970703	1980.337646
1387.443359	1960.506592
1390.914063	1946.354004
1394.384766	1930.052856
1397.851563	1991.398926
1401.318359	1970.825195
1404.785156	1933.120605
1408.248047	1953.880005
1411.710938	1947.537354
1415.171875	1973.31604
1418.630859	1953.404785
1422.089844	1957.055786
1425.546875	2020.038086
1429.001953	1983.672852
1432.457031	2013.80835
1435.908203	2099.790283
1439.361328	2092.050293
1442.810547	2142.320068
1446.257813	2140.322021
1449.705078	2152.658691
1453.152344	2170.741699
1456.595703	2130.728271
1460.039063	2142.356689
1463.480469	2124.555908
1466.919922	2116.796387
1470.359375	2096.814209
1473.796875	2073.220947
1477.232422	2072.621094
1480.666016	2046.119995
1484.099609	2059.182861
1487.53125	2004.572632
1490.962891	1984.493286
1494.390625	1941.337402
1497.818359	1942.121582
1501.246094	1898.191528
1504.669922	1911.944702
1508.09375	1943.75293
1511.515625	1957.534668
1514.935547	2003.11084
1518.355469	1977.90332
1521.773438	1944.722534
1525.189453	1988.17749
1528.605469	1978.125977
1532.019531	2002.085327
1535.431641	1944.239014
1538.841797	1969.651855
1542.251953	2012.477295
1545.660156	2067.661621
1549.068359	2085.900635
1552.472656	2079.484375
1555.876953	2139.115723
1559.28125	2102.942383
1562.681641	2097.976563
1566.082031	2128.616211
1569.480469	2131.653076
1572.878906	2159.420654
1576.273438	2225.046143
1579.667969	2195.367676
1583.0625	2144.547363
1586.453125	2149.050781
1589.84375	2122.219727
1593.234375	2152.963623
1596.621094	2082.349365
1600.007813	2131.342285
1603.392578	2133.656982
1606.777344	2177.597168
1610.160156	2173.356201
1613.541016	2139.878174
1616.919922	2136.348877
1620.298828	2156.22168
1623.675781	2119.036133
1627.050781	2075.964355
1630.425781	2164.671143
1633.798828	2145.757568
1637.169922	2172.26709
1640.541016	2140.143311
1643.910156	2152.734863
1647.277344	2181.478516
1650.642578	2260.894775
1654.007813	2280.891602
1657.371094	2236.255127
1660.734375	2262.871338
1664.09375	2273.333252
1667.453125	2246.291016
1670.8125	2271.469727
1674.167969	2195.820801
1677.523438	2141.466797
1680.878906	2210.834229
1684.230469	2177.077393
1687.582031	2166.88623
1690.933594	2087.35376
1694.28125	2105.894775
1697.628906	2070.563721
1700.974609	2047.757935
1704.320313	2028.627197
1707.664063	2028.696045
1711.005859	2019.892212
1714.345703	1988.1521
1717.685547	1977.84436
1721.023438	2000.0979
1724.361328	1981.639893
1727.695313	1983.909668
1731.03125	1986.180664
1734.363281	1931.364746
1737.695313	2021.878174
1741.025391	1975.193726
1744.353516	1975.236084
1747.681641	1957.455933
1751.007813	2004.291748
1754.332031	1954.551514
1757.65625	1965.73584
1760.978516	2010.397949
1764.298828	1933.069214
1767.619141	2023.902832
1770.9375	2011.301636
1774.253906	1980.066406
1777.570313	2020.348999
1780.884766	2027.859375
1784.197266	2012.254395
1787.509766	2006.336304
1790.818359	2027.28418
1794.128906	2005.685181
1797.435547	1956.429077
1800.742188	2022.966553
1804.048828	1987.134155
1807.351563	2034.290039
1810.654297	2023.871582
1813.955078	2019.432251
1817.255859	1989.530151
1820.554688	2017.283325
1823.851563	2042.060547
1827.148438	2003.883911
1830.443359	1982.176147
1833.736328	2015.220215
1837.027344	2046.03833
1840.318359	2018.312988
1843.609375	2042.395142
1846.896484	2052.218262
1850.183594	2037.240845
1853.46875	2027.515381
1856.753906	2022.295898
1860.037109	2095.346191
1863.318359	2035.184082
1866.599609	2050.297119
1869.878906	2082.752686
1873.15625	2039.097168
1876.433594	2070.818848
1879.708984	2027.123047
1882.982422	2013.581177
1886.255859	2004.558105
1889.527344	2068.79248
1892.796875	2065.072266
1896.066406	2039.427368
1899.333984	2132.485352
1902.599609	2069.777588
1905.865234	2042.589233
1909.128906	2081.246094
1912.390625	2078.276367
1915.652344	2083.638184
1918.912109	2029.881226
1922.169922	2082.999268
1925.427734	2062.576172
1928.683594	2104.364502
1931.939453	2050.529053
1935.191406	2048.294922
1938.445313	2033.1427
1941.695313	2064.342041
1944.945313	2059.828369
1948.193359	2074.326904
1951.441406	2058.398193
1954.6875	2053.875244
1957.931641	2057.725342
1961.173828	2108.812988
1964.416016	2047.903564
1967.658203	2052.516846
1970.896484	2060.947021
1974.134766	2113.639893
1977.373047	2089.275635
1980.607422	2116.055908
1983.84375	2084.797119
1987.076172	2103.188965
1990.308594	2103.24585
1993.539063	2097.948242
1996.767578	2100.297363
1999.996094	2065.141602
2003.222656	2111.891357
2006.449219	2118.843506
2009.673828	2101.277832
2012.896484	2098.263916
2016.119141	2105.217285
2019.339844	2119.847656
2022.558594	2129.116455
2025.777344	2093.090332
2028.994141	2130.775391
2032.208984	2099.331055
2035.423828	2111.679199
2038.636719	2060.20752
2041.847656	2109.476318
2045.058594	2117.223389
2048.267578	2094.949219
2051.476563	2056.482666
2054.683594	2051.11792
2057.888672	2092.768555
2061.09375	2065.050293
2064.296875	2077.423828
2067.498047	2102.153809
2070.699219	2095.249756
2073.898438	2095.290771
2077.097656	2127.008545
2080.292969	2119.331787
2083.490234	2144.896973
2086.683594	2114.014648
2089.876953	2135.727295
2093.068359	2164.42334
2096.259766	2124.992676
2099.449219	2147.508057
2102.636719	2118.889404
2105.824219	2105.754395
2109.009766	2156.209229
2112.195313	2091.091064
2115.378906	2147.787842
2118.560547	2133.865234
2121.742188	2093.519531
2124.921875	2171.263672
2128.099609	2135.564697
2131.277344	2130.168457
2134.453125	2134.881836
2137.626953	2130.258545
2140.800781	2110.837402
2143.972656	2113.210449
2147.144531	2117.143311
2150.314453	2183.440674
2153.482422	2082.90625
2156.650391	2101.652832
2159.816406	2119.633057
2162.980469	2117.327637
2166.144531	2107.990723
2169.306641	2133.024658
2172.46875	2133.84668
2175.628906	2141.706299
2178.787109	2091.686279
2181.945313	2142.574219
2185.101563	2172.364014
2188.255859	2167.718262
2191.410156	2141.132324
2194.564453	2157.631104
2197.714844	2159.245117
2200.865234	2167.919189
2204.013672	2165.614258
2207.162109	2143.68335
2210.308594	2168.064697
2213.455078	2137.47583
2216.599609	2161.872559
2219.742188	2123.395264
2222.884766	2166.679199
2226.025391	2205.275146
2229.164063	2114.035889
2232.302734	2131.381592
2235.439453	2133.774658
2238.576172	2166.111572
2241.710938	2148.812012
2244.84375	2163.041504
2247.976563	2174.914795
2251.107422	2201.001709
2254.236328	2167.897461
2257.365234	2163.199463
2260.492188	2097.661133
2263.619141	2143.515869
2266.744141	2082.662842
2269.867188	2166.513428
2272.990234	2210.863281
2276.111328	2204.584473
2279.232422	2201.468018
2282.351563	2205.478516
2285.46875	2187.301514
2288.585938	2188.137207
2291.701172	2153.283447
2294.816406	2152.519043
2297.929688	2173.183594
2301.041016	2143.046631
2304.152344	2191.523682
2307.261719	2182.030029
2310.369141	2140.731445
2313.476563	2161.428467
2316.583984	2177.367676
2319.6875	2206.052002
2322.791016	2204.504395
2325.894531	2308.881836
2328.996094	2256.379395
2332.095703	2306.655762
2335.195313	2234.177734
2338.292969	2176.799561
2341.388672	2185.607666
2344.484375	2135.350342
2347.578125	2200.048096
2350.671875	2212.068848
2353.763672	2163.361328
2356.853516	2194.563721
2359.943359	2211.393555
2363.03125	2189.831299
2366.119141	2199.467529
2369.205078	2177.082764
2372.289063	2245.193115
2375.373047	2169.921875
2378.457031	2189.983887
2381.537109	2207.654785
2384.617188	2221.327637
2387.697266	2145.930908
2390.773438	2195.716797
2393.851563	2200.564697
2396.925781	2176.492188
2400	2223.129883
2403.074219	2251.309326
2406.146484	2223.205566
2409.216797	2188.642578
2412.286133	2244.208008
2415.355469	2224.120605
2418.421875	2197.572998
2421.488281	2200.015869
2424.553711	2183.112061
2427.617188	2170.227295
2430.679688	2218.647705
2433.741211	2234.013672
2436.801758	2229.206055
2439.861328	2247.817383
2442.918945	2264.018066
2445.976563	2228.499023
2449.032227	2231.766113
2452.086914	2226.945801
2455.140625	2230.213623
2458.192383	2218.911865
2461.243164	2238.374756
2464.293945	2268.383545
2467.342773	2254.650391
2470.390625	2266.850586
2473.436523	2246.617188
2476.482422	2225.556641
2479.526367	2223.959717
2482.569336	2220.737061
2485.611328	2197.20459
2488.652344	2216.720703
2491.692383	2262.263184
2494.730469	2232.212646
2497.768555	2311.961426
2500.804688	2262.374512
2503.839844	2242.057861
2506.873047	2240.457031
2509.90625	2323.585449
2512.938477	2279.631592
2515.96875	2265.811523
2518.998047	2216.092285
2522.026367	2280.567627
2525.053711	2243.875732
2528.079102	2230.835938
2531.104492	2270.065186
2534.12793	2265.196045
2537.150391	2262.775146
2540.171875	2268.529785
2543.192383	2261.19873
2546.211914	2281.687012
2549.230469	2291.547119
2552.24707	2224.427246
2555.262695	2282.611816
2558.277344	2302.317383
2561.291016	2316.297363
2564.303711	2310.601807
2567.31543	2306.54248
2570.325195	2323.821777
2573.333984	2284.453613
2576.341797	2332.951904
2579.348633	2328.070801
2582.354492	2267.284668
2585.359375	2316.651611
2588.363281	2282.963379
2591.365234	2314.266357
2594.366211	2298.663574
2597.366211	2318.464111
2600.365234	2280.604492
2603.363281	2343.271484
2606.360352	2359.811035
2609.355469	2296.352783
2612.350586	2347.542236
2615.34375	2359.147461
2618.335938	2350.942627
2621.327148	2331.166016
2624.317383	2346.082031
2627.306641	2346.128174
2630.293945	2324.672119
2633.280273	2296.581299
2636.266602	2308.193848
2639.250977	2342.168457
2642.234375	2299.143066
2645.216797	2311.59668
2648.197266	2310.797607
2651.177734	2345.650635
2654.157227	2392.141357
2657.134766	2338.264893
2660.111328	2308.420166
2663.086914	2422.20752
2666.061523	2291.85791
2669.035156	2310.158447
2672.007813	2321.821777
2674.978516	2355.11499
2677.949219	2352.659912
2680.917969	2314.416748
2683.885742	2364.393311
2686.852539	2341.116211
2689.818359	2389.472168
2692.783203	2385.355713
2695.74707	2359.557617
2698.708984	2357.093994
2701.670898	2388.003418
2704.630859	2395.563721
2707.589844	2424.00415
2710.547852	2393.157959
2713.504883	2409.083252
2716.460938	2411.644775
2719.416016	2478.597656
2722.369141	2462.781738
2725.322266	2406.784668
2728.273438	2452.041992
2731.223633	2432.847168
2734.173828	2484.010986
2737.12207	2474.031494
2740.069336	2438.892334
2743.014648	2445.661865
2745.959961	2480.123535
2748.904297	2388.711426
2751.84668	2433.251709
2754.788086	2451.786133
2757.729492	2487.97876
2760.668945	2467.880127
2763.607422	2457.015869
2766.544922	2390.625244
2769.481445	2537.922607
2772.416016	2453.833984
2775.350586	2438.735596
2778.28418	2448.898193
2781.21582	2433.785645
2784.146484	2449.854004
2787.077148	2467.620117
2790.005859	2419.59375
2792.933594	2408.666016
2795.860352	2394.352539
2798.785156	2472.931885
2801.709961	2454.406006
2804.633789	2482.352051
2807.555664	2436.758545
2810.477539	2452.030029
2813.397461	2473.235107
2816.316406	2441.976074
2819.234375	2464.038574
2822.151367	2449.693359
2825.067383	2453.979004
2827.982422	2533.710693
2830.896484	2498.173584
2833.80957	2536.411865
2836.720703	2616.259521
2839.631836	2602.783691
2842.541016	2703.094238
2845.450195	2831.512207
2848.357422	2926.029297
2851.263672	2999.36084
2854.168945	3085.502197
2857.073242	3113.001953
2859.976563	3125.20166
2862.878906	3195.304443
2865.779297	3289.305664
2868.679688	3355.258057
2871.579102	3462.169434
2874.476563	3529.083984
2877.374023	3627.605713
2880.269531	3601.621826
2883.164063	3672.925781
2886.057617	3716.102295
2888.950195	3644.847656
2891.841797	3687.189453
2894.732422	3673.998047
2897.62207	3728.351318
2900.510742	3848.612061
2903.398438	3829.472168
2906.28418	3934.446289
2909.169922	3993.251465
2912.053711	4123.203125
2914.9375	4160.693359
2917.819336	4247.075684
2920.700195	4318.94043
2923.581055	4329.085938
2926.459961	4435.359863
2929.337891	4574.334961
2932.214844	4674.760742
2935.09082	4653.256836
2937.96582	4630.01709
2940.838867	4570.647949
2943.711914	4417.483887
2946.583984	4279.695801
2949.454102	4114.263184
2952.324219	4021.037354
2955.193359	3971.671631
2958.060547	3929.162842
2960.926758	3775.428223
2963.792969	3766.444824
2966.657227	3732.438721
2969.520508	3741.552734
2972.382813	3673.845947
2975.244141	3539.598145
2978.104492	3523.598389
2980.963867	3470.427979
2983.822266	3435.37207
2986.679688	3314.67749
2989.536133	3250.125488
2992.390625	3201.103516
2995.245117	3154.642578
2998.098633	3057.05249
3000.950195	2959.391113
3003.801758	2928.390381
3006.651367	2872.225098
3009.500977	2827.293213
3012.348633	2725.935547
3015.195313	2683.520996
3018.041992	2674.935303
3020.886719	2652.446777
3023.730469	2577.811523
3026.573242	2576.999023
3029.415039	2608.355225
3032.255859	2576.240479
3035.095703	2634.589844
3037.93457	2551.977783
3040.772461	2586.850586
3043.609375	2595.617188
3046.445313	2643.599121
3049.280273	2585.275146
3052.114258	2655.085449
3054.946289	2676.970703
3057.77832	2636.918213
3060.609375	2698.964355
3063.438477	2696.437256
3066.267578	2684.299316
3069.094727	2654.675781
3071.921875	2673.107666
3074.74707	2632.089844
3077.572266	2559.550537
3080.395508	2542.088623
3083.21875	2498.351807
3086.040039	2560.542969
3088.860352	2501.888184
3091.679688	2550.979004
3094.499023	2537.863037
3097.316406	2535.260498
3100.132813	2501.951416
3102.948242	2489.679688
3105.762695	2543.240234
3108.576172	2477.403076
3111.388672	2533.631836
3114.201172	2510.805908
3117.011719	2487.083984
3119.821289	2497.643066
3122.629883	2545.15918
3125.436523	2472.137939
3128.243164	2513.515137
3131.048828	2515.289551
3133.853516	2512.659424
3136.657227	2560.262695
3139.459961	2520.616455
3142.261719	2506.518311
3145.0625	2503.87915
3147.861328	2475.642578
3150.660156	2542.738037
3153.458008	2527.742188
3156.254883	2522.454102
3159.049805	2538.373535
3161.844727	2487.992432
3164.638672	2492.411865
3167.430664	2498.603516
3170.222656	2484.44165
3173.013672	2513.654053
3175.802734	2513.657959
3178.591797	2541.128174
3181.379883	2521.641113
3184.166016	2546.472656
3186.952148	2526.085449
3189.737305	2546.498535
3192.520508	2518.995117
3195.303711	2525.212402
3198.084961	2510.115967
3200.866211	2513.668945
