399.363281	1447.888794
403.25	1397.647461
407.134766	1410.976929
411.017578	1405.861328
414.898438	1428.755615
418.777344	1383.512939
422.654297	1439.553711
426.53125	1377.699829
430.404297	1381.485718
434.277344	1394.207764
438.148438	1390.981445
442.017578	1384.558716
445.884766	1400.491943
449.751953	1376.808838
453.615234	1375.486084
457.478516	1346.652954
461.339844	1366.435791
465.199219	1377.27124
469.056641	1382.350464
472.912109	1354.750488
476.765625	1364.952637
480.619141	1351.431274
484.470703	1371.906738
488.320313	1375.70874
492.167969	1376.302368
496.013672	1373.683594
499.857422	1419.91394
503.699219	1398.018921
507.541016	1393.474976
511.380859	1405.016968
515.21875	1407.554077
519.054688	1403.00708
522.888672	1425.522583
526.720703	1416.465454
530.552734	1424.170166
534.380859	1400.262329
538.208984	1435.724976
542.035156	1383.383789
545.859375	1397.547119
549.683594	1433.699585
553.503906	1389.695435
557.324219	1378.00061
561.140625	1409.012207
564.957031	1390.192139
568.773438	1362.286621
572.585938	1347.965942
576.396484	1387.444824
580.207031	1378.310791
584.015625	1366.572998
587.820313	1356.772217
591.626953	1392.424316
595.429688	1380.676147
599.230469	1337.067261
603.03125	1372.755493
606.828125	1321.948853
610.625	1345.294312
614.419922	1358.241577
618.214844	1384.227539
622.005859	1391.336548
625.796875	1351.510254
629.583984	1376.220947
633.371094	1386.597168
637.15625	1440.066162
640.941406	1415.864746
644.722656	1358.321167
648.503906	1422.303711
652.283203	1397.408447
656.060547	1432.022949
659.835938	1453.577148
663.609375	1451.578369
667.382813	1490.844238
671.152344	1448.885132
674.921875	1445.569336
678.689453	1447.497192
682.455078	1454.675537
686.220703	1447.418213
689.982422	1436.870728
693.744141	1419.744019
697.503906	1438.751953
701.261719	1420.295532
705.017578	1478.130615
708.773438	1514.296997
712.525391	1496.506348
716.277344	1570.912964
720.027344	1566.96814
723.775391	1546.539063
727.523438	1566.981201
731.267578	1590.73938
735.011719	1515.507568
738.753906	1596.713013
742.494141	1623.815796
746.232422	1600.71228
749.970703	1623.210571
753.707031	1657.633911
757.439453	1589.515137
761.171875	1588.86499
764.904297	1586.889282
768.632813	1601.476074
772.361328	1633.972168
776.087891	1624.717041
779.8125	1657.913086
783.535156	1683.83606
787.255859	1692.516602
790.976563	1649.390747
794.695313	1615.531616
798.412109	1614.220337
802.126953	1630.865723
805.839844	1641.536011
809.552734	1660.868774
813.263672	1658.240723
816.972656	1683.592163
820.679688	1698.300171
824.384766	1707.018799
828.089844	1654.372559
831.791016	1647.729614
835.492188	1667.119019
839.193359	1670.493896
842.890625	1661.175171
846.587891	1684.604248
850.28125	1686.651855
853.974609	1683.348267
857.666016	1722.209839
861.357422	1685.436401
865.044922	1712.942261
868.732422	1672.111816
872.417969	1672.145142
876.101563	1694.983521
879.785156	1713.814331
883.464844	1719.234375
887.144531	1707.86853
890.822266	1702.539551
894.5	1687.79541
898.173828	1734.230713
901.847656	1675.759399
905.519531	1692.615356
909.189453	1683.226685
912.857422	1734.451172
916.523438	1675.879761
920.189453	1727.143311
923.853516	1723.821289
927.515625	1700.929565
931.177734	1677.34314
934.835938	1701.680664
938.494141	1733.469238
942.150391	1758.525635
945.804688	1752.500977
949.458984	1692.358643
953.109375	1693.743896
956.759766	1742.517578
960.408203	1745.955811
964.056641	1741.265991
967.701172	1792.152832
971.345703	1687.118286
974.988281	1722.421387
978.628906	1708.88916
982.267578	1761.88269
985.90625	1781.637329
989.542969	1779.66333
993.177734	1783.805542
996.810547	1827.395752
1000.443359	1933.615967
1004.074219	2004.530396
1007.703125	1863.731201
1011.330078	1840.665649
1014.955078	1814.85437
1018.580078	1724.932739
1022.203125	1742.021362
1025.824219	1757.076782
1029.443359	1778.288086
1033.0625	1804.97998
1036.679688	1788.651245
1040.294922	1822.203735
1043.908203	1813.38916
1047.519531	1803.198608
1051.130859	1751.937988
1054.740234	1725.28125
1058.347656	1775.997803
1061.953125	1783.588013
1065.558594	1843.281372
1069.162109	1824.845581
1072.763672	1887.348999
1076.363281	1908.036743
1079.962891	1858.705078
1083.560547	1871.154175
1087.15625	1862.99707
1090.75	1883.707153
1094.34375	1854.226685
1097.933594	1873.57312
1101.523438	1916.338623
1105.113281	1900.605957
1108.699219	1860.747925
1112.285156	1856.005249
1115.869141	1865.737305
1119.451172	1863.061157
1123.03125	1920.41687
1126.611328	2008.194458
1130.189453	1983.472412
1133.765625	1918.656616
1137.341797	1865.536987
1140.914063	1790.245483
1144.486328	1772.307983
1148.056641	1815.255737
1151.626953	1820.852295
1155.193359	1852.772705
1158.759766	1846.608887
1162.324219	1836.973511
1165.888672	1881.421509
1169.449219	1903.704956
1173.009766	1884.362915
1176.568359	1909.442383
1180.125	1858.827393
1183.681641	1865.848267
1187.236328	1858.275024
1190.789063	1860.432007
1194.339844	1841.716919
1197.890625	1889.111938
1201.439453	1924.70752
1204.986328	1979.837646
1208.53125	1991.803467
1212.076172	2045.611206
1215.619141	2049.243164
1219.160156	2061.250732
1222.699219	2109.567383
1226.238281	2091.579102
1229.775391	2129.467285
1233.310547	2088.406738
1236.84375	2148.698486
1240.376953	2181.758545
1243.908203	2181.255127
1247.4375	2123.343994
1250.964844	2124.21582
1254.492188	2138.400146
1258.017578	2107.735352
1261.541016	2089.666992
1265.064453	2096.13623
1268.583984	2108.224609
1272.103516	2107.684814
1275.623047	2062.19165
1279.138672	2139.627686
1282.654297	2087.782471
1286.167969	2123.800049
1289.679688	2158.439209
1293.191406	2224.77832
1296.701172	2275.680908
1300.208984	2273.794434
1303.714844	2307.844971
1307.220703	2291.164795
1310.722656	2309.733154
1314.226563	2315.616455
1317.726563	2327.856445
1321.226563	2316.803467
1324.724609	2335.4104
1328.220703	2307.389648
1331.714844	2345.095459
1335.208984	2435.877686
1338.701172	2374.605957
1342.191406	2391.855713
1345.681641	2307.854004
1349.169922	2261.330078
1352.65625	2281.387939
1356.140625	2235.523193
1359.625	2231.469238
1363.107422	2260.052734
1366.587891	2199.213867
1370.068359	2184.486084
1373.544922	2184.665283
1377.021484	2149.306396
1380.498047	2124.583984
1383.970703	2131.850586
1387.443359	2143.392334
1390.914063	2142.128418
1394.384766	2150.121582
1397.851563	2143.158447
1401.318359	2124.072021
1404.785156	2113.526123
1408.248047	2137.925781
1411.710938	2150.92627
1415.171875	2102.53833
1418.630859	2141.960205
1422.089844	2131.397461
1425.546875	2135.121582
1429.001953	2161.731445
1432.457031	2211.969971
1435.908203	2275.130859
1439.361328	2363.401123
1442.810547	2422.375732
1446.257813	2450.586426
1449.705078	2451.579346
1453.152344	2436.078613
1456.595703	2348.822998
1460.039063	2377.764648
1463.480469	2324.159424
1466.919922	2330.128174
1470.359375	2254.183105
1473.796875	2229.93457
1477.232422	2238.747314
1480.666016	2230.299561
1484.099609	2164.265137
1487.53125	2170.180176
1490.962891	2086.058838
1494.390625	2045.106079
1497.818359	2029.351196
1501.246094	2007.813599
1504.669922	1997.80188
1508.09375	1979.841919
1511.515625	2031.185913
1514.935547	1993.720215
1518.355469	1974.290039
1521.773438	1959.181396
1525.189453	2001.195801
1528.605469	2009.237671
1532.019531	2046.238403
1535.431641	2053.579834
1538.841797	2066.721924
1542.251953	2107.412354
1545.660156	2160.459961
1549.068359	2162.780029
1552.472656	2186.143066
1555.876953	2254.527832
1559.28125	2195.164063
1562.681641	2249.077393
1566.082031	2237.626953
1569.480469	2303.959229
1572.878906	2320.158936
1576.273438	2346.557617
1579.667969	2405.004883
1583.0625	2301.838379
1586.453125	2374.883301
1589.84375	2293.483887
1593.234375	2298.049805
1596.621094	2266.879639
1600.007813	2259.762695
1603.392578	2266.508789
1606.777344	2282.022461
1610.160156	2246.410156
1613.541016	2238.540527
1616.919922	2249.67334
1620.298828	2270.322754
1623.675781	2276.354248
1627.050781	2210.65332
1630.425781	2229.113281
1633.798828	2273.960938
1637.169922	2333.501709
1640.541016	2330.769287
1643.910156	2354.438965
1647.277344	2303.283447
1650.642578	2352.651855
1654.007813	2404.996826
1657.371094	2415.508057
1660.734375	2434.111572
1664.09375	2396.851807
1667.453125	2385.305176
1670.8125	2398.766357
1674.167969	2306.973633
1677.523438	2326.304443
1680.878906	2316.182129
1684.230469	2254.46167
1687.582031	2201.538574
1690.933594	2273.224121
1694.28125	2173.779297
1697.628906	2156.929443
1700.974609	2092.804199
1704.320313	2044.879883
1707.664063	1949.617554
1711.005859	1991.057739
1714.345703	1996.288208
1717.685547	1962.305664
1721.023438	2004.539307
1724.361328	1976.456299
1727.695313	1929.829956
1731.03125	1963.206177
1734.363281	1913.570923
1737.695313	1921.006836
1741.025391	1926.963989
1744.353516	1951.482788
1747.681641	1914.385986
1751.007813	1910.688843
1754.332031	1912.933716
1757.65625	1930.792725
1760.978516	1909.24585
1764.298828	1937.533569
1767.619141	1960.63269
1770.9375	1924.922241
1774.253906	1889.927856
1777.570313	1918.250854
1780.884766	1912.301147
1784.197266	1892.921265
1787.509766	1913.070313
1790.818359	1979.513062
1794.128906	1894.424194
1797.435547	1951.947021
1800.742188	1954.214111
1804.048828	1921.344971
1807.351563	1932.575562
1810.654297	1939.325317
1813.955078	1940.092041
1817.255859	1949.095581
1820.554688	1985.072754
1823.851563	1940.144775
1827.148438	1939.411865
1830.443359	1931.927979
1833.736328	1931.940552
1837.027344	1928.199707
1840.318359	1917.697754
1843.609375	1974.039917
1846.896484	1931.234375
1850.183594	1915.457397
1853.46875	1916.212646
1856.753906	1972.641357
1860.037109	1986.213623
1863.318359	1931.278931
1866.599609	1918.481567
1869.878906	1964.448853
1873.15625	1907.177734
1876.433594	1932.814453
1879.708984	1942.628174
1882.982422	1949.430298
1886.255859	1961.522339
1889.527344	1963.049072
1892.796875	1954.753662
1896.066406	1977.443359
1899.333984	1957.803101
1902.599609	1965.380859
1905.865234	1970.693726
1909.128906	1948.754883
1912.390625	1941.946167
1915.652344	1923.766357
1918.912109	1922.247437
1922.169922	1948.025024
1925.427734	1970.788086
1928.683594	1932.858276
1931.939453	1989.795166
1935.191406	1941.209473
1938.445313	1957.925537
1941.695313	1985.295044
1944.945313	1956.418701
1948.193359	1956.424316
1951.441406	2001.32605
1954.6875	2001.348389
1957.931641	1948.061157
1961.173828	1972.440918
1964.416016	1980.834229
1967.658203	1957.973022
1970.896484	1957.975952
1974.134766	1953.400024
1977.373047	1950.346924
1980.607422	1956.45459
1983.84375	1969.442017
1987.076172	1971.739746
1990.308594	1993.916748
1993.539063	1987.046875
1996.767578	2004.655518
1999.996094	2020.74646
2003.222656	2019.237671
2006.449219	1949.550415
2009.673828	1980.963867
2012.896484	2020.067749
2016.119141	2005.516602
2019.339844	1974.074585
2022.558594	1994.031982
2025.777344	1972.541748
2028.994141	1971.005615
2032.208984	1957.941406
2035.423828	2006.364258
2038.636719	2009.452148
2041.847656	1988.692993
2045.058594	1989.466675
2048.267578	1986.390747
2051.476563	2022.59314
2054.683594	2023.379395
2057.888672	2033.415527
2061.09375	1985.625244
2064.296875	1985.625244
2067.498047	1984.852905
2070.699219	1967.095215
2073.898438	1990.255981
2077.097656	2002.617676
2080.292969	2000.302979
2083.490234	1984.068237
2086.683594	1997.213989
2089.876953	1970.131104
2093.068359	1977.087769
2096.259766	2000.312012
2099.449219	1988.69165
2102.636719	2015.037476
2105.824219	2018.919189
2109.009766	1966.959106
2112.195313	2006.516357
2115.378906	2046.10376
2118.560547	2001.857544
2121.742188	1978.550659
2124.921875	2029.051392
2128.099609	1983.968384
2131.277344	2010.400024
2134.453125	2021.29126
2137.626953	1953.5802
2140.800781	2049.326416
2143.972656	2029.866089
2147.144531	2001.039551
2150.314453	1967.513062
2153.482422	1980.749634
2156.650391	2036.90271
2159.816406	1976.034912
2162.980469	2007.245361
2166.144531	2019.734741
2169.306641	2026.764038
2172.46875	1979.084229
2175.628906	2014.251709
2178.787109	2013.463257
2181.945313	1995.458008
2185.101563	2043.979248
2188.255859	1976.633423
2191.410156	2012.648804
2194.564453	2007.15332
2197.714844	2048.695557
2200.865234	2000.85437
2204.013672	2019.670654
2207.162109	1994.543823
2210.308594	2025.14978
2213.455078	2032.212402
2216.599609	2043.994995
2219.742188	2031.415527
2222.884766	2012.534302
2226.025391	2060.512207
2229.164063	2054.219482
2232.302734	2014.852417
2235.439453	2049.494873
2238.576172	2043.189331
2241.710938	2028.995728
2244.84375	2032.139282
2247.976563	2071.572754
2251.107422	2006.865356
2254.236328	2073.949951
2257.365234	1991.817749
2260.492188	2073.168701
2263.619141	2021.006714
2266.744141	2043.128662
2269.867188	2034.418701
2272.990234	2026.492798
2276.111328	2032.017456
2279.232422	2027.251221
2282.351563	2030.40271
2285.46875	2047.028809
2288.585938	2033.540527
2291.701172	2051.765869
2294.816406	2070.797852
2297.929688	2093.8125
2301.041016	2043.7948
2304.152344	2054.901123
2307.261719	2067.604492
2310.369141	2050.905029
2313.476563	2104.172119
2316.583984	2093.837158
2319.6875	2095.431152
2322.791016	2030.946533
2325.894531	2133.664795
2328.996094	2166.347412
2332.095703	2153.622559
2335.195313	2084.275879
2338.292969	2059.544189
2341.388672	2091.448486
2344.484375	2021.997314
2347.578125	2065.090332
2350.671875	2072.266846
2353.763672	2036.292725
2356.853516	2061.05127
2359.943359	2054.636475
2363.03125	2045.015991
2366.119141	2065.002197
2369.205078	2047.370483
2372.289063	2057.759766
2375.373047	2113.029541
2378.457031	2059.322266
2381.537109	2048.876953
2384.617188	2090.566895
2387.697266	2061.666748
2390.773438	2110.617676
2393.851563	2114.630127
2396.925781	2106.593994
2400	2103.373291
2403.074219	2045.47522
2406.146484	2063.945557
2409.216797	2051.852539
2412.286133	2057.458984
2415.355469	2104.137207
2418.421875	2113.794434
2421.488281	2131.51709
2424.553711	2083.146729
2427.617188	2065.385498
2430.679688	2050.837402
2433.741211	2126.671387
2436.801758	2131.511719
2439.861328	2116.970459
2442.918945	2074.946045
2445.976563	2120.994385
2449.032227	2120.177734
2452.086914	2134.729492
2455.140625	2065.132568
2458.192383	2152.530762
2461.243164	2129.047363
2464.293945	2099.064941
2467.342773	2167.122803
2470.390625	2135.509521
2473.436523	2172.000244
2476.482422	2168.761475
2479.526367	2141.981445
2482.569336	2072.146484
2485.611328	2106.229736
2488.652344	2114.335449
2491.692383	2108.627686
2494.730469	2154.959473
2497.768555	2163.091064
2500.804688	2130.53833
2503.839844	2115.056885
2506.873047	2161.45874
2509.90625	2116.64624
2512.938477	2126.406494
2515.96875	2144.326904
2518.998047	2164.707031
2522.026367	2162.255615
2525.053711	2106.745605
2528.079102	2108.352295
2531.104492	2116.494629
2534.12793	2167.952637
2537.150391	2123.803955
2540.171875	2116.422119
2543.192383	2172.844971
2546.211914	2158.109375
2549.230469	2185.93457
2552.24707	2172.829834
2555.262695	2140.870361
2558.277344	2172.817139
2561.291016	2198.227783
2564.303711	2177.723633
2567.31543	2188.384521
2570.325195	2159.6521
2573.333984	2186.736084
2576.341797	2184.267334
2579.348633	2184.261475
2582.354492	2199.874512
2585.359375	2206.452393
2588.363281	2171.077637
2591.365234	2184.23291
2594.366211	2160.348633
2597.366211	2175.155762
2600.365234	2166.079834
2603.363281	2169.360107
2606.360352	2170.168701
2609.355469	2174.276611
2612.350586	2201.491211
2615.34375	2246.060303
2618.335938	2180.01001
2621.327148	2202.299316
2624.317383	2241.13208
2627.306641	2235.352539
2630.293945	2252.723877
2633.280273	2177.450195
2636.266602	2268.46875
2639.250977	2200.595215
2642.234375	2201.412842
2645.216797	2241.171631
2648.197266	2238.688721
2651.177734	2234.545166
2654.157227	2252.793213
2657.134766	2234.544922
2660.111328	2230.393555
2663.086914	2202.988281
2666.061523	2232.87915
2669.035156	2247.003174
2672.007813	2252.82373
2674.978516	2224.55249
2677.949219	2237.855469
2680.917969	2265.31543
2683.885742	2291.962891
2686.852539	2249.503662
2689.818359	2284.495361
2692.783203	2267.838135
2695.74707	2284.518799
2698.708984	2283.695557
2701.670898	2244.489746
2704.630859	2313.76416
2707.589844	2297.919189
2710.547852	2368.098877
2713.504883	2346.411865
2716.460938	2355.637695
2719.416016	2279.573975
2722.369141	2328.098389
2725.322266	2401.763428
2728.273438	2364.977295
2731.223633	2348.262695
2734.173828	2376.775391
2737.12207	2385.194336
2740.069336	2379.366211
2743.014648	2402.887939
2745.959961	2407.12915
2748.904297	2338.352051
2751.84668	2394.628662
2754.788086	2263.639404
2757.729492	2303.124023
2760.668945	2307.333496
2763.607422	2342.657715
2766.544922	2356.136963
2769.481445	2358.686035
2772.416016	2293.051025
2775.350586	2242.525146
2778.28418	2256.827637
2781.21582	2321.703369
2784.146484	2306.53833
2787.077148	2298.108154
2790.005859	2289.671387
2792.933594	2299.794922
2795.860352	2309.081299
2798.785156	2296.414551
2801.709961	2302.325928
2804.633789	2339.513184
2807.555664	2325.151367
2810.477539	2328.540527
2813.397461	2325.162598
2816.316406	2353.946533
2819.234375	2408.15332
2822.151367	2401.410889
2825.067383	2356.531494
2827.982422	2426.05542
2830.896484	2482.909668
2833.80957	2508.417969
2836.720703	2533.94458
2839.631836	2572.222656
2842.541016	2765.937256
2845.450195	2853.600098
2848.357422	3071.353516
2851.263672	3240.805908
2854.168945	3324.484131
2857.073242	3349.518799
2859.976563	3374.570801
2862.878906	3467.752441
2865.779297	3620.621094
2868.679688	3846.874023
2871.579102	3958.226318
2874.476563	4154.070313
2877.374023	4156.436035
2880.269531	4150.269531
2883.164063	4192.751953
2886.057617	4267.711426
2888.950195	4220.574707
2891.841797	4277.652344
2894.732422	4301.433105
2897.62207	4352.59375
2900.510742	4472.225586
2903.398438	4557.713867
2906.28418	4558.513184
2909.169922	4696.331055
2912.053711	4894.21582
2914.9375	5032.253418
2917.819336	5178.105957
2920.700195	5311.199219
2923.581055	5374.037598
2926.459961	5558.790039
2929.337891	5567.672852
2932.214844	5617.786133
2935.09082	5762.443359
2937.96582	5707.804688
2940.838867	5661.722656
2943.711914	5413.482422
2946.583984	5302.727051
2949.454102	5018.023926
2952.324219	4740.863281
2955.193359	4655.581543
2958.060547	4579.714844
2960.926758	4435.697266
2963.792969	4478.688965
2966.657227	4302.612793
2969.520508	4335.230957
2972.382813	4297.951172
2975.244141	4126.796875
2978.104492	4055.723145
2980.963867	3880.035156
2983.822266	3839.075684
2986.679688	3730.633545
2989.536133	3617.786865
2992.390625	3454.664795
2995.245117	3355.487061
2998.098633	3298.672119
3000.950195	3141.321045
3003.801758	3065.320313
3006.651367	2908.637207
3009.500977	2848.974854
3012.348633	2778.85791
3015.195313	2740.801758
3018.041992	2665.38501
3020.886719	2698.478027
3023.730469	2592.581543
3026.573242	2587.428711
3029.415039	2517.932129
3032.255859	2547.53833
3035.095703	2544.102051
3037.93457	2532.829346
3040.772461	2624.290527
3043.609375	2562.518555
3046.445313	2583.477783
3049.280273	2605.322754
3052.114258	2622.823242
3054.946289	2565.321289
3057.77832	2642.153809
3060.609375	2702.455811
3063.438477	2698.183838
3066.267578	2687.793457
3069.094727	2647.685059
3071.921875	2574.330322
3074.74707	2608.479736
3077.572266	2567.42334
3080.395508	2524.587158
3083.21875	2470.3396
3086.040039	2515.006592
3088.860352	2532.548584
3091.679688	2447.572754
3094.499023	2446.692871
3097.316406	2456.334961
3100.132813	2435.279297
3102.948242	2458.9646
3105.762695	2472.131348
3108.576172	2442.275146
3111.388672	2451.930176
3114.201172	2466.864502
3117.011719	2417.631836
3119.821289	2450.152588
3122.629883	2399.118408
3125.436523	2495.02002
3128.243164	2488.864258
3131.048828	2457.163086
3133.853516	2393.722168
3136.657227	2418.368408
3139.459961	2447.440186
3142.261719	2413.031006
3145.0625	2416.534424
3147.861328	2374.145508
3150.660156	2440.322266
3153.458008	2423.523682
3156.254883	2418.198486
3159.049805	2381.934814
3161.844727	2446.4375
3164.638672	2386.276611
3167.430664	2459.67334
3170.222656	2444.612793
3173.013672	2401.208008
3175.802734	2414.458008
3178.591797	2390.503418
3181.379883	2437.438721
3184.166016	2401.947754
3186.952148	2452.467041
3189.737305	2467.530518
3192.520508	2488.816895
3195.303711	2418.66333
3198.084961	2439.946533
3200.866211	2438.169922
