399.363281	976.911804
403.25	970.341248
407.134766	982.213013
411.017578	946.362976
414.898438	949.320251
418.777344	926.800781
422.654297	894.06543
426.53125	911.666199
430.404297	916.525879
434.277344	895.866211
438.148438	905.191223
442.017578	927.935364
445.884766	914.280945
449.751953	873.129456
453.615234	875.425598
457.478516	904.59259
461.339844	901.143616
465.199219	905.374939
469.056641	878.221741
472.912109	882.446289
476.765625	896.291077
480.619141	898.602356
484.470703	916.957336
488.320313	894.884705
492.167969	884.995178
496.013672	905.294739
499.857422	887.044434
503.699219	899.645142
507.541016	879.446106
511.380859	915.22406
515.21875	898.233276
519.054688	899.908569
522.888672	881.607056
526.720703	875.539368
530.552734	929.45166
534.380859	908.557312
538.208984	901.201477
542.035156	902.880737
545.859375	892.931152
549.683594	897.19342
553.503906	874.945557
557.324219	870.792847
561.140625	910.000488
564.957031	883.196106
568.773438	859.607361
572.585938	845.719055
576.396484	858.400391
580.207031	839.958801
584.015625	843.563538
587.820313	856.259583
591.626953	859.224487
595.429688	863.49115
599.230469	819.010559
603.03125	829.765991
606.828125	841.831543
610.625	859.113953
614.419922	830.832336
618.214844	870.271973
622.005859	874.554382
625.796875	856.021667
629.583984	860.301208
633.371094	861.321533
637.15625	868.870422
640.941406	856.180237
644.722656	897.707275
648.503906	860.179993
652.283203	865.778564
656.060547	880.540405
659.835938	888.769836
663.609375	895.041809
667.382813	905.904053
671.152344	893.839539
674.921875	905.365662
678.689453	879.516907
682.455078	897.607666
686.220703	897.990112
689.982422	892.462219
693.744141	882.330505
697.503906	887.964294
701.261719	888.342224
705.017578	914.375366
708.773438	918.054932
712.525391	937.538513
716.277344	929.374512
720.027344	969.965149
723.775391	951.919128
727.523438	938.47406
731.267578	938.872681
735.011719	910.228577
738.753906	954.858154
742.494141	954.602844
746.232422	989.375
749.970703	968.636841
753.707031	968.38623
757.439453	968.796936
761.171875	995.688721
764.904297	977.566162
768.632813	998.52063
772.361328	993.640686
776.087891	1029.871704
779.8125	1040.259155
783.535156	1011.496277
787.255859	1015.244324
790.976563	1025.638062
794.695313	1010.78717
798.412109	1024.511353
802.126953	985.037537
805.839844	1015.396851
809.552734	1027.808228
813.263672	1020.916931
816.972656	1022.014404
820.679688	1034.443359
824.384766	1034.213379
828.089844	1048.658691
831.791016	993.042419
835.492188	986.117249
839.193359	993.212463
842.890625	1023.700867
846.587891	1023.463928
850.28125	1043.289795
853.974609	1027.672119
857.666016	999.323425
861.357422	1026.529175
865.044922	1008.204163
868.732422	1005.277649
872.417969	1026.485229
876.101563	1012.831421
879.785156	983.061096
883.464844	1020.39679
887.144531	1001.349609
890.822266	972.879761
894.5	1012.946106
898.173828	1005.974854
901.847656	1007.07019
905.519531	997.39801
909.189453	992.43042
912.857422	990.15271
916.523438	988.546692
920.189453	987.613159
923.853516	992.748413
927.515625	976.297119
931.177734	992.23114
934.835938	977.791138
938.494141	950.503235
942.150391	975.231506
945.804688	953.328064
949.458984	966.578979
953.109375	978.487305
956.759766	993.790161
960.408203	971.179443
964.056641	951.937256
967.701172	959.113586
971.345703	964.261353
974.988281	980.267334
978.628906	952.851624
982.267578	949.855042
985.90625	984.213684
989.542969	960.841553
993.177734	987.755127
996.810547	992.247986
1000.443359	1060.699341
1004.074219	1099.939209
1007.703125	1007.109436
1011.330078	1009.57312
1014.955078	996.363953
1018.580078	944.281311
1022.203125	947.403198
1025.824219	943.021423
1029.443359	985.055542
1033.0625	984.099976
1036.679688	938.05127
1040.294922	940.492249
1043.908203	983.961914
1047.519531	985.739441
1051.130859	989.571228
1054.740234	979.028625
1058.347656	993.819031
1061.953125	984.639282
1065.558594	986.419495
1069.162109	1008.088318
1072.763672	992.727722
1076.363281	993.140015
1079.962891	1035.436768
1083.560547	1011.137634
1087.15625	1024.614014
1090.75	1012.664429
1094.34375	1006.894592
1097.933594	1018.321045
1101.523438	1008.418152
1105.113281	1018.476929
1108.699219	952.074646
1112.285156	1000.023621
1115.869141	993.54303
1119.451172	991.885193
1123.03125	1039.219482
1126.611328	1016.868469
1130.189453	1040.079834
1133.765625	997.673767
1137.341797	957.305908
1140.914063	961.159241
1144.486328	958.097778
1148.056641	968.182556
1151.626953	954.735901
1155.193359	973.138611
1158.759766	973.540527
1162.324219	1011.375244
1165.888672	991.681763
1169.449219	1012.904236
1173.009766	993.19458
1176.568359	1001.936462
1180.125	989.151794
1183.681641	979.830933
1187.236328	978.149292
1190.789063	991.071228
1194.339844	989.392334
1197.890625	989.799988
1201.439453	1017.365295
1204.986328	1019.874146
1208.53125	1037.020142
1212.076172	1070.21582
1215.619141	1078.328735
1219.160156	1101.10144
1222.699219	1132.269409
1226.238281	1160.669312
1229.775391	1120.625122
1233.310547	1114.79541
1236.84375	1160.702759
1240.376953	1118.509766
1243.908203	1154.658569
1247.4375	1150.2323
1250.964844	1155.607056
1254.492188	1186.209595
1258.017578	1147.443604
1261.541016	1126.176147
1265.064453	1120.324463
1268.583984	1118.678467
1272.103516	1141.604126
1275.623047	1123.810181
1279.138672	1086.326538
1282.654297	1145.117065
1286.167969	1179.341919
1289.679688	1185.453125
1293.191406	1187.346069
1296.701172	1208.251343
1300.208984	1216.494141
1303.714844	1225.44812
1307.220703	1204.800171
1310.722656	1253.955933
1314.226563	1212.13562
1317.726563	1248.628784
1321.226563	1257.612671
1324.724609	1253.887939
1328.220703	1250.159912
1331.714844	1249.25647
1335.208984	1254.010254
1338.701172	1269.381104
1342.191406	1258.573364
1345.681641	1244.21582
1349.169922	1222.761841
1352.65625	1148.135498
1356.140625	1171.292114
1359.625	1198.013794
1363.107422	1177.214355
1366.587891	1170.595093
1370.068359	1180.304199
1373.544922	1168.707031
1377.021484	1167.050659
1380.498047	1161.837402
1383.970703	1180.80481
1387.443359	1132.183594
1390.914063	1131.220337
1394.384766	1137.378052
1397.851563	1165.627441
1401.318359	1134.026367
1404.785156	1133.77417
1408.248047	1133.521484
1411.710938	1149.682129
1415.171875	1135.870361
1418.630859	1123.475586
1422.089844	1176.091187
1425.546875	1152.97998
1429.001953	1209.22522
1432.457031	1216.154175
1435.908203	1238.833374
1439.361328	1247.211304
1442.810547	1297.854858
1446.257813	1332.775024
1449.705078	1303.924805
1453.152344	1342.460693
1456.595703	1287.045898
1460.039063	1283.260864
1463.480469	1270.138428
1466.919922	1241.920898
1470.359375	1239.549194
1473.796875	1191.886353
1477.232422	1212.504883
1480.666016	1219.470337
1484.099609	1183.25647
1487.53125	1165.013794
1490.962891	1138.112305
1494.390625	1093.893921
1497.818359	1102.986694
1501.246094	1116.413574
1504.669922	1088.004761
1508.09375	1061.738037
1511.515625	1110.545288
1514.935547	1095.82373
1518.355469	1084.703247
1521.773438	1103.937256
1525.189453	1083.408447
1528.605469	1062.139282
1532.019531	1104.54895
1535.431641	1110.062744
1538.841797	1116.305054
1542.251953	1130.523804
1545.660156	1122.279175
1549.068359	1150.291504
1552.472656	1195.739746
1555.876953	1196.220825
1559.28125	1187.261963
1562.681641	1201.541992
1566.082031	1207.838989
1569.480469	1215.594849
1572.878906	1253.176758
1576.273438	1254.407959
1579.667969	1292.035034
1583.0625	1243.764648
1586.453125	1193.998047
1589.84375	1232.374146
1593.234375	1179.646118
1596.621094	1175.013916
1600.007813	1224.372559
1603.392578	1226.323486
1606.777344	1198.335571
1610.160156	1229.498657
1613.541016	1216.105591
1616.919922	1232.677734
1620.298828	1255.114014
1623.675781	1210.25061
1627.050781	1214.395264
1630.425781	1217.810669
1633.798828	1211.704712
1637.169922	1221.717041
1640.541016	1263.996948
1643.910156	1255.700806
1647.277344	1234.190063
1650.642578	1282.397095
1654.007813	1352.672974
1657.371094	1363.498535
1660.734375	1327.296387
1664.09375	1316.062866
1667.453125	1332.769897
1670.8125	1353.904907
1674.167969	1300.709229
1677.523438	1285.763794
1680.878906	1262.702393
1684.230469	1250.677124
1687.582031	1219.472534
1690.933594	1288.553711
1694.28125	1185.764893
1697.628906	1189.190063
1700.974609	1155.69458
1704.320313	1133.25354
1707.664063	1134.443848
1711.005859	1118.629883
1714.345703	1119.075195
1717.685547	1090.663086
1721.023438	1104.421143
1724.361328	1087.088013
1727.695313	1051.96106
1731.03125	1059.049316
1734.363281	1078.746948
1737.695313	1067.30835
1741.025391	1059.570557
1744.353516	1073.352661
1747.681641	1073.036377
1751.007813	1071.233765
1754.332031	1044.904785
1757.65625	1085.466797
1760.978516	1058.378174
1764.298828	1061.030273
1767.619141	1069.639038
1770.9375	1050.702271
1774.253906	1068.997437
1777.570313	1090.287842
1780.884766	1094.447632
1784.197266	1085.931152
1787.509766	1069.200439
1790.818359	1151.730225
1794.128906	1070.047241
1797.435547	1059.265503
1800.742188	1097.797485
1804.048828	1078.794067
1807.351563	1085.203979
1810.654297	1082.640381
1813.955078	1071.092529
1817.255859	1093.230713
1820.554688	1073.4375
1823.851563	1088.849121
1827.148438	1109.520508
1830.443359	1075.459961
1833.736328	1082.636963
1837.027344	1098.075562
1840.318359	1062.467651
1843.609375	1099.693481
1846.896484	1103.133057
1850.183594	1133.638062
1853.46875	1100.243042
1856.753906	1111.209473
1860.037109	1107.131592
1863.318359	1112.085449
1866.599609	1129.094604
1869.878906	1114.468628
1873.15625	1089.277344
1876.433594	1088.952026
1879.708984	1130.119263
1882.982422	1092.828125
1886.255859	1094.768066
1889.527344	1118.613159
1892.796875	1112.252563
1896.066406	1080.941895
1899.333984	1116.151978
1902.599609	1123.398926
1905.865234	1085.243774
1909.128906	1125.795898
1912.390625	1114.877075
1915.652344	1085.007324
1918.912109	1111.20459
1922.169922	1125.289673
1925.427734	1139.385498
1928.683594	1130.725952
1931.939453	1116.744995
1935.191406	1129.334351
1938.445313	1109.263184
1941.695313	1132.499878
1944.945313	1113.934448
1948.193359	1121.216675
1951.441406	1125.460571
1954.6875	1087.077026
1957.931641	1121.772461
1961.173828	1108.498169
1964.416016	1130.272095
1967.658203	1126.901855
1970.896484	1122.766113
1974.134766	1109.470215
1977.373047	1102.270386
1980.607422	1108.810303
1983.84375	1118.410767
1987.076172	1132.604004
1990.308594	1139.927124
1993.539063	1148.020508
1996.767578	1123.219238
1999.996094	1108.348877
2003.222656	1110.312744
2006.449219	1078.57251
2009.673828	1114.244263
2012.896484	1126.178223
2016.119141	1149.625
2019.339844	1138.564575
2022.558594	1141.310791
2025.777344	1127.166748
2028.994141	1111.475098
2032.208984	1135.728882
2035.423828	1143.089478
2038.636719	1091.240967
2041.847656	1115.514526
2045.058594	1153.65979
2048.267578	1121.771851
2051.476563	1134.531494
2054.683594	1143.448242
2057.888672	1144.663452
2061.09375	1126.601318
2064.296875	1147.86731
2067.498047	1102.78186
2070.699219	1114.790283
2073.898438	1144.570923
2077.097656	1134.971191
2080.292969	1129.228271
2083.490234	1173.739502
2086.683594	1139.386597
2089.876953	1156.852295
2093.068359	1166.590088
2096.259766	1177.109619
2099.449219	1114.039185
2102.636719	1126.870972
2105.824219	1145.139648
2109.009766	1141.704956
2112.195313	1160.768921
2115.378906	1140.260376
2118.560547	1129.053833
2121.742188	1161.340088
2124.921875	1157.126587
2128.099609	1137.361206
2131.277344	1130.023682
2134.453125	1146.020752
2137.626953	1134.010498
2140.800781	1142.234741
2143.972656	1132.550049
2147.144531	1141.558716
2150.314453	1141.219971
2153.482422	1152.577881
2156.650391	1115.576782
2159.816406	1112.885376
2162.980469	1158.59668
2166.144531	1135.612671
2169.306641	1124.330566
2172.46875	1138.833252
2175.628906	1157.25647
2178.787109	1135.017578
2181.945313	1119.804077
2185.101563	1142.9375
2188.255859	1156.690796
2191.410156	1121.0979
2194.564453	1138.771484
2197.714844	1122.744751
2200.865234	1173.37439
2204.013672	1116.546753
2207.162109	1147.588745
2210.308594	1140.962646
2213.455078	1146.11438
2216.599609	1136.338623
2219.742188	1165.862671
2222.884766	1127.77417
2226.025391	1184.853516
2229.164063	1166.418945
2232.302734	1156.630859
2235.439453	1126.355713
2238.576172	1114.968384
2241.710938	1129.584595
2244.84375	1160.771851
2247.976563	1120.984375
2251.107422	1162.450928
2254.236328	1161.317261
2257.365234	1155.443848
2260.492188	1157.466431
2263.619141	1155.538452
2266.744141	1178.119873
2269.867188	1151.677124
2272.990234	1162.404541
2276.111328	1135.143311
2279.232422	1126.074707
2282.351563	1161.361816
2285.46875	1142.785767
2288.585938	1133.70874
2291.701172	1162.693726
2294.816406	1152.030029
2297.929688	1143.739136
2301.041016	1164.82019
2304.152344	1128.726074
2307.261719	1128.362183
2310.369141	1125.612915
2313.476563	1149.103882
2316.583984	1172.612427
2319.6875	1166.692749
2322.791016	1187.040894
2325.894531	1258.376343
2328.996094	1266.823242
2332.095703	1240.206055
2335.195313	1184.066406
2338.292969	1155.003906
2341.388672	1190.553711
2344.484375	1167.857056
2347.578125	1163.51001
2350.671875	1169.544556
2353.763672	1176.38269
2356.853516	1142.452271
2359.943359	1194.07251
2363.03125	1156.922241
2366.119141	1174.970215
2369.205078	1168.210205
2372.289063	1114.186035
2375.373047	1156.276611
2378.457031	1134.270508
2381.537109	1145.927612
2384.617188	1159.197754
2387.697266	1141.981934
2390.773438	1159.27417
2393.851563	1147.666748
2396.925781	1139.263916
2400	1161.396484
2403.074219	1157.816162
2406.146484	1158.254639
2409.216797	1133.749146
2412.286133	1157.521851
2415.355469	1163.59668
2418.421875	1162.425781
2421.488281	1160.447876
2424.553711	1172.173218
2427.617188	1145.196167
2430.679688	1169.025635
2433.741211	1158.975342
2436.801758	1152.954102
2439.861328	1167.120361
2442.918945	1174.83313
2445.976563	1167.193604
2449.032227	1161.165283
2452.086914	1142.189453
2455.140625	1185.509033
2458.192383	1171.384766
2461.243164	1185.593506
2464.293945	1175.508789
2467.342773	1163.795166
2470.390625	1176.394897
2473.436523	1173.593872
2476.482422	1196.753906
2479.526367	1223.989502
2482.569336	1183.039795
2485.611328	1199.730469
2488.652344	1174.179321
2491.692383	1187.627197
2494.730469	1194.579468
2497.768555	1168.183105
2500.804688	1163.73938
2503.839844	1164.176758
2506.873047	1158.91333
2509.90625	1182.160767
2512.938477	1202.980469
2515.96875	1189.571411
2518.998047	1184.308472
2522.026367	1195.360229
2525.053711	1200.706177
2528.079102	1198.706909
2531.104492	1197.522705
2534.12793	1148.941406
2537.150391	1160.81665
2540.171875	1197.234131
2543.192383	1160.868652
2546.211914	1161.303467
2549.230469	1187.118042
2552.24707	1226.874878
2555.262695	1197.019409
2558.277344	1198.286865
2561.291016	1211.034058
2564.303711	1200.003662
2567.31543	1189.7854
2570.325195	1230.45166
2573.333984	1208.740356
2576.341797	1202.620239
2579.348633	1217.861328
2582.354492	1189.543457
2585.359375	1201.500977
2588.363281	1206.88562
2591.365234	1198.282959
2594.366211	1180.61731
2597.366211	1204.118774
2600.365234	1191.385132
2603.363281	1172.87207
2606.360352	1239.271851
2609.355469	1200.141357
2612.350586	1209.665039
2615.34375	1196.908325
2618.335938	1212.217651
2621.327148	1243.233398
2624.317383	1239.564209
2627.306641	1271.439453
2630.293945	1266.950439
2633.280273	1254.184814
2636.266602	1218.23645
2639.250977	1228.624268
2642.234375	1198.436646
2645.216797	1232.851563
2648.197266	1200.156006
2651.177734	1218.842896
2654.157227	1254.132324
2657.134766	1226.385986
2660.111328	1242.612305
2663.086914	1218.992432
2666.061523	1236.058105
2669.035156	1196.628784
2672.007813	1192.915894
2674.978516	1238.264893
2677.949219	1222.917236
2680.917969	1275.800415
2683.885742	1249.631836
2686.852539	1221.777832
2689.818359	1249.723999
2692.783203	1277.690552
2695.74707	1228.971069
2698.708984	1237.766357
2701.670898	1259.083618
2704.630859	1290.432617
2707.589844	1275.879517
2710.547852	1300.574951
2713.504883	1265.123779
2716.460938	1283.981323
2719.416016	1290.309082
2722.369141	1304.170044
2725.322266	1315.530396
2728.273438	1330.247437
2731.223633	1298.076782
2734.173828	1281.799927
2737.12207	1317.472046
2740.069336	1286.098633
2743.014648	1305.024048
2745.959961	1307.182739
2748.904297	1316.057373
2751.84668	1304.787109
2754.788086	1296.028076
2757.729492	1300.706299
2760.668945	1278.489746
2763.607422	1289.050415
2766.544922	1283.636108
2769.481445	1304.303711
2772.416016	1292.997925
2775.350586	1285.894165
2778.28418	1224.870239
2781.21582	1260.714478
2784.146484	1309.230225
2787.077148	1260.796997
2790.005859	1259.572388
2792.933594	1278.601563
2795.860352	1233.47998
2798.785156	1293.052856
2801.709961	1248.747681
2804.633789	1268.64502
2807.555664	1285.174561
2810.477539	1297.486816
2813.397461	1280.193237
2816.316406	1286.587036
2819.234375	1276.050293
2822.151367	1301.081909
2825.067383	1296.473633
2827.982422	1335.94104
2830.896484	1318.621826
2833.80957	1349.642578
2836.720703	1356.076172
2839.631836	1422.787231
2842.541016	1455.577637
2845.450195	1586.088623
2848.357422	1625.760742
2851.263672	1670.562378
2854.168945	1694.134644
2857.073242	1804.503174
2859.976563	1817.07666
2862.878906	1855.200806
2865.779297	1947.01001
2868.679688	2002.248901
2871.579102	2095.030273
2874.476563	2186.17334
2877.374023	2204.881348
2880.269531	2218.48291
2883.164063	2275.626221
2886.057617	2251.69165
2888.950195	2261.906982
2891.841797	2258.457031
2894.732422	2261.842529
2897.62207	2306.276123
2900.510742	2343.897949
2903.398438	2372.989258
2906.28418	2421.790283
2909.169922	2524.577637
2912.053711	2575.181641
2914.9375	2606.11084
2917.819336	2746.796631
2920.700195	2812.114014
2923.581055	2852.598145
2926.459961	2915.425293
2929.337891	2935.369873
2932.214844	3019.742676
2935.09082	2969.286377
2937.96582	2989.270264
2940.838867	2957.68042
2943.711914	2834.89624
2946.583984	2800.645264
2949.454102	2668.246094
2952.324219	2534.028564
2955.193359	2517.717773
2958.060547	2451.418457
2960.926758	2401.447998
2963.792969	2397.14209
2966.657227	2319.511963
2969.520508	2329.841309
2972.382813	2234.002197
2975.244141	2201.994385
2978.104492	2163.91626
2980.963867	2091.243896
2983.822266	2043.588135
2986.679688	1965.630493
2989.536133	1920.48938
2992.390625	1926.373779
2995.245117	1753.060181
2998.098633	1753.691528
3000.950195	1662.491699
3003.801758	1631.890869
3006.651367	1554.452026
3009.500977	1535.931396
3012.348633	1524.337646
3015.195313	1425.946045
3018.041992	1439.481567
3020.886719	1456.50061
3023.730469	1379.698242
3026.573242	1411.482788
3029.415039	1430.248047
3032.255859	1418.584839
3035.095703	1386.901001
3037.93457	1374.342773
3040.772461	1394.861816
3043.609375	1393.619995
3046.445313	1405.446777
3049.280273	1405.950439
3052.114258	1411.685791
3054.946289	1425.275391
3057.77832	1425.785767
3060.609375	1497.872803
3063.438477	1458.241699
3066.267578	1480.601196
3069.094727	1454.916138
3071.921875	1466.800171
3074.74707	1388.624146
3077.572266	1381.247559
3080.395508	1382.616089
3083.21875	1344.593018
3086.040039	1349.45166
3088.860352	1373.585693
3091.679688	1339.022949
3094.499023	1342.130615
3097.316406	1311.039185
3100.132813	1325.542969
3102.948242	1313.729492
3105.762695	1329.999634
3108.576172	1290.076294
3111.388672	1310.741577
3114.201172	1316.481323
3117.011719	1346.840698
3119.821289	1328.851563
3122.629883	1289.734985
3125.436523	1330.677368
3128.243164	1326.748657
3131.048828	1305.202759
3133.853516	1346.193359
3136.657227	1325.519775
3139.459961	1292.488159
3142.261719	1320.287842
3145.0625	1336.637329
3147.861328	1280.626465
3150.660156	1338.469116
3153.458008	1298.316284
3156.254883	1306.728394
3159.049805	1299.237061
3161.844727	1297.929321
3164.638672	1262.126221
3167.430664	1280.268799
3170.222656	1290.45813
3173.013672	1297.998169
3175.802734	1284.286133
3178.591797	1329.927979
3181.379883	1355.215942
3184.166016	1329.095581
3186.952148	1308.278198
3189.737305	1282.12207
3192.520508	1279.912231
3195.303711	1302.562012
3198.084961	1305.686646
3200.866211	1307.463135
