399.363281	955.301514
403.25	932.824768
407.134766	930.048828
411.017578	906.26825
414.898438	898.384216
418.777344	891.76709
422.654297	869.849854
426.53125	864.489075
430.404297	855.934387
434.277344	870.342957
438.148438	865.613037
442.017578	886.424133
445.884766	857.417908
449.751953	849.479553
453.615234	854.962769
457.478516	850.214661
461.339844	849.942261
465.199219	850.309692
469.056641	861.566895
472.912109	877.960388
476.765625	849.489075
480.619141	861.401123
484.470703	852.147888
488.320313	838.3927
492.167969	856.094788
496.013672	856.464111
499.857422	871.617615
503.699219	872.636475
507.541016	863.36261
511.380859	829.622986
515.21875	871.833618
519.054688	865.767456
522.888672	866.784729
526.720703	885.210266
530.552734	856.566101
534.380859	878.229065
538.208984	860.531189
542.035156	846.692932
545.859375	863.855957
549.683594	866.812927
553.503906	888.525635
557.324219	861.735535
561.140625	838.158386
564.957031	810.675598
568.773438	823.331543
572.585938	835.350098
576.396484	820.796753
580.207031	790.01532
584.015625	799.438721
587.820313	846.521973
591.626953	822.20575
595.429688	821.258667
599.230469	819.010559
603.03125	840.820862
606.828125	787.834656
610.625	775.805969
614.419922	775.486938
618.214844	804.480469
622.005859	830.240173
625.796875	824.727661
629.583984	807.469971
633.371094	826.085632
637.15625	838.189026
640.941406	847.03717
644.722656	846.745728
648.503906	845.146484
652.283203	849.430786
656.060547	847.176636
659.835938	846.883789
663.609375	866.232849
667.382813	853.50177
671.152344	860.418884
674.921875	824.728455
678.689453	851.314636
682.455078	853.645874
686.220703	840.22467
689.982422	862.910522
693.744141	846.853333
697.503906	847.213867
701.261719	877.164001
705.017578	877.537231
708.773438	902.260437
712.525391	901.327393
716.277344	897.758667
720.027344	916.590759
723.775391	916.980286
727.523438	887.692261
731.267578	905.883484
735.011719	908.248413
738.753906	902.690918
742.494141	912.983459
746.232422	945.75531
749.970703	917.725586
753.707031	934.651489
757.439453	935.709595
761.171875	949.346863
764.904297	935.178467
768.632813	956.777588
772.361328	947.902771
776.087891	995.387878
779.8125	1012.395142
783.535156	1020.124512
787.255859	965.444946
790.976563	949.246582
794.695313	978.88855
798.412109	1003.901489
802.126953	1001.000366
805.839844	1000.758118
809.552734	990.530151
813.263672	1000.93811
816.972656	970.713806
820.679688	1015.780762
824.384766	973.53418
828.089844	985.285583
831.791016	950.330872
835.492188	967.423035
839.193359	962.487671
842.890625	976.926025
846.587891	991.376221
850.28125	999.819397
853.974609	998.233582
857.666016	1003.339478
861.357422	999.744324
865.044922	968.679871
868.732422	995.224915
872.417969	964.131836
876.101563	963.86676
879.785156	926.023438
883.464844	965.349121
887.144531	972.470947
890.822266	963.47345
894.5	950.435181
898.173828	961.593628
901.847656	950.561218
905.519531	920.002075
909.189453	932.507568
912.857422	959.841919
916.523438	960.918579
920.189453	971.433838
923.853516	932.050476
927.515625	952.007751
931.177734	940.257141
934.835938	912.289917
938.494141	907.267822
942.150391	938.060547
945.804688	904.647522
949.458984	928.700439
953.109375	902.698486
956.759766	952.495056
960.408203	925.803589
964.056641	922.125671
967.701172	915.055359
971.345703	927.64386
974.988281	915.142334
978.628906	932.491577
982.267578	926.77063
985.90625	924.440857
989.542969	941.815002
993.177734	935.410217
996.810547	937.160889
1000.443359	1000.826599
1004.074219	1033.234985
1007.703125	945.143921
1011.330078	946.21936
1014.955078	922.761108
1018.580078	927.918335
1022.203125	928.305054
1025.824219	913.679932
1029.443359	939.31842
1033.0625	952.685242
1036.679688	936.684814
1040.294922	920.670837
1043.908203	960.713318
1047.519531	943.327332
1051.130859	918.398743
1054.740234	888.656738
1058.347656	936.970642
1061.953125	955.175476
1065.558594	947.346558
1069.162109	956.655273
1072.763672	959.11084
1076.363281	958.136475
1079.962891	991.492493
1083.560547	983.661072
1087.15625	990.941284
1090.75	1001.664673
1094.34375	975.944946
1097.933594	1008.688293
1101.523438	989.144592
1105.113281	948.237122
1108.699219	932.096252
1112.285156	912.495728
1115.869141	935.626587
1119.451172	956.707092
1123.03125	948.132507
1126.611328	980.970886
1130.189453	973.779968
1133.765625	953.455566
1137.341797	935.187683
1140.914063	920.361816
1144.486328	896.530457
1148.056641	934.271912
1151.626953	910.426147
1155.193359	929.503174
1158.759766	953.446106
1162.324219	897.690857
1165.888672	938.977051
1169.449219	948.383606
1173.009766	951.551208
1176.568359	974.162781
1180.125	952.336487
1183.681641	980.525818
1187.236328	926.009094
1190.789063	954.905823
1194.339844	947.645813
1197.890625	966.13385
1201.439453	981.155151
1204.986328	999.671692
1208.53125	988.235596
1212.076172	994.917297
1215.619141	1026.713989
1219.160156	1028.531982
1222.699219	1091.083252
1226.238281	1104.800781
1229.775391	1088.487549
1233.310547	1102.2146
1236.84375	1117.351196
1240.376953	1137.396362
1243.908203	1139.963013
1247.4375	1135.530518
1250.964844	1103.779785
1254.492188	1100.028931
1258.017578	1106.78894
1261.541016	1086.206055
1265.064453	1084.546997
1268.583984	1081.482788
1272.103516	1082.628296
1275.623047	1068.322021
1279.138672	1120.054688
1282.654297	1106.454468
1286.167969	1099.875244
1289.679688	1097.511475
1293.191406	1163.41626
1296.701172	1204.026611
1300.208984	1184.091919
1303.714844	1157.093628
1307.220703	1218.899658
1310.722656	1181.313965
1314.226563	1212.841187
1317.726563	1211.925171
1321.226563	1186.999878
1324.724609	1193.842651
1328.220703	1227.54541
1331.714844	1206.129883
1335.208984	1203.085938
1338.701172	1217.728516
1342.191406	1203.360352
1345.681641	1183.315063
1349.169922	1180.963989
1352.65625	1141.75708
1356.140625	1114.570923
1359.625	1143.397461
1363.107422	1112.641357
1366.587891	1113.094727
1370.068359	1144.085449
1373.544922	1141.709595
1377.021484	1125.827148
1380.498047	1099.977051
1383.970703	1111.094604
1387.443359	1136.453369
1390.914063	1127.660889
1394.384766	1126.695068
1397.851563	1112.903442
1401.318359	1115.494141
1404.785156	1090.990234
1408.248047	1082.159912
1411.710938	1090.449585
1415.171875	1100.173706
1418.630859	1063.480713
1422.089844	1093.20752
1425.546875	1105.088013
1429.001953	1125.559082
1432.457031	1149.623413
1435.908203	1178.000977
1439.361328	1217.140747
1442.810547	1268.488403
1446.257813	1248.222656
1449.705078	1292.455444
1453.152344	1242.062988
1456.595703	1236.109375
1460.039063	1233.739014
1463.480469	1226.340576
1466.919922	1228.991699
1470.359375	1187.092896
1473.796875	1188.291992
1477.232422	1167.916992
1480.666016	1138.891724
1484.099609	1160.224731
1487.53125	1136.932495
1490.962891	1127.307373
1494.390625	1056.421875
1497.818359	1038.825928
1501.246094	1083.238525
1504.669922	1068.524536
1508.09375	1005.43927
1511.515625	1053.501709
1514.935547	1051.759644
1518.355469	1003.043396
1521.773438	1033.811646
1525.189453	1014.700989
1528.605469	1002.809998
1532.019531	1070.529419
1535.431641	1077.477661
1538.841797	1036.620728
1542.251953	1058.779053
1545.660156	1084.579834
1549.068359	1103.873657
1552.472656	1125.359375
1555.876953	1152.669067
1559.28125	1133.526611
1562.681641	1143.42627
1566.082031	1140.252319
1569.480469	1182.151367
1572.878906	1201.536865
1576.273438	1215.84436
1579.667969	1189.400146
1583.0625	1168.76001
1586.453125	1177.971191
1589.84375	1124.514038
1593.234375	1156.315674
1596.621094	1186.683838
1600.007813	1184.241211
1603.392578	1160.627686
1606.777344	1179.349243
1610.160156	1176.169312
1613.541016	1158.369873
1616.919922	1163.951904
1620.298828	1146.13269
1623.675781	1171.469971
1627.050781	1159.494995
1630.425781	1143.116333
1633.798828	1148.701904
1637.169922	1139.634155
1640.541016	1167.950684
1643.910156	1226.362061
1647.277344	1182.092896
1650.642578	1225.874756
1654.007813	1230.770874
1657.371094	1234.935913
1660.734375	1237.634033
1664.09375	1309.445801
1667.453125	1309.233154
1670.8125	1263.399292
1674.167969	1219.000854
1677.523438	1216.541626
1680.878906	1180.192017
1684.230469	1185.084717
1687.582031	1164.91333
1690.933594	1147.675781
1694.28125	1086.889648
1697.628906	1115.373169
1700.974609	1100.309937
1704.320313	1080.062988
1707.664063	1086.405518
1711.005859	1037.30188
1714.345703	1036.97522
1717.685547	1018.889526
1721.023438	1028.917847
1724.361328	1024.143555
1727.695313	1033.440674
1731.03125	1028.663696
1734.363281	1037.228149
1737.695313	1022.806335
1741.025391	1023.212708
1744.353516	1024.36145
1747.681641	1008.431396
1751.007813	1027.403809
1754.332031	991.396118
1757.65625	1012.60675
1760.978516	1009.289734
1764.298828	990.344543
1767.619141	955.00824
1770.9375	987.406921
1774.253906	1013.126526
1777.570313	986.699341
1780.884766	1001.255554
1784.197266	1003.889709
1787.509766	1028.909546
1790.818359	1047.977539
1794.128906	1014.043335
1797.435547	1008.468628
1800.742188	1026.055786
1804.048828	1019.733276
1807.351563	984.237366
1810.654297	990.612183
1813.955078	990.25531
1817.255859	1002.627319
1820.554688	1005.270813
1823.851563	1052.129517
1827.148438	1019.559387
1830.443359	1025.211792
1833.736328	1007.610107
1837.027344	992.246033
1840.318359	1012.910828
1843.609375	986.268799
1846.896484	1016.715942
1850.183594	1011.854675
1853.46875	1000.220886
1856.753906	1011.900269
1860.037109	1010.793823
1863.318359	1010.439148
1866.599609	1025.901733
1869.878906	1042.129883
1873.15625	1019.171631
1876.433594	1055.770752
1879.708984	1059.958252
1882.982422	993.205688
1886.255859	1026.06189
1889.527344	1019.667664
1892.796875	1014.779358
1896.066406	1022.737305
1899.333984	1000.453247
1902.599609	1033.375732
1905.865234	1022.42981
1909.128906	1034.187744
1912.390625	1027.777344
1915.652344	1016.815491
1918.912109	1014.940613
1922.169922	1020.646851
1925.427734	1049.114624
1928.683594	996.404785
1931.939453	1026.40332
1935.191406	999.464661
1938.445313	1027.20813
1941.695313	1013.169373
1944.945313	1028.77356
1948.193359	1038.304443
1951.441406	1024.252808
1954.6875	1023.131287
1957.931641	1034.193481
1961.173828	1017.837463
1964.416016	1001.468323
1967.658203	997.285278
1970.896484	1022.846008
1974.134766	1059.872192
1977.373047	1055.706299
1980.607422	1026.336792
1983.84375	1084.797363
1987.076172	1082.928345
1990.308594	1056.592407
1993.539063	1029.470825
1996.767578	1062.008301
1999.996094	1044.817749
2003.222656	1058.24292
2006.449219	1048.697266
2009.673828	1031.480591
2012.896484	1043.382202
2016.119141	1080.60144
2019.339844	1053.402466
2022.558594	1063.790649
2025.777344	1018.903442
2028.994141	1028.5177
2032.208984	1050.43396
2035.423828	1063.911133
2038.636719	1045.868774
2041.847656	1045.506348
2045.058594	1083.62439
2048.267578	1059.408447
2051.476563	1045.956421
2054.683594	1049.445068
2057.888672	1037.519897
2061.09375	1041.007446
2064.296875	1019.040771
2067.498047	1066.51123
2070.699219	1057.661133
2073.898438	1076.6073
2077.097656	1019.078979
2080.292969	1052.709717
2083.490234	1032.241333
2086.683594	1026.453491
2089.876953	1047.744507
2093.068359	1053.569458
2096.259766	1047.782471
2099.449219	1039.666626
2102.636719	1044.719482
2105.824219	1054.427856
2109.009766	1037.772583
2112.195313	1051.364868
2115.378906	1019.170776
2118.560547	1052.178833
2121.742188	1047.148071
2124.921875	1067.758179
2128.099609	1100.82251
2131.277344	1063.917725
2134.453125	1043.322388
2137.626953	1041.390625
2140.800781	1036.342529
2143.972656	1071.794189
2147.144531	1036.363892
2150.314453	1059.370117
2153.482422	1057.439575
2156.650391	1065.648804
2159.816406	1075.425049
2162.980469	1062.567505
2166.144531	1063.758179
2169.306641	1029.789917
2172.46875	1045.03772
2175.628906	1029.80188
2178.787109	1044.278687
2181.945313	1048.593628
2185.101563	1073.265259
2188.255859	1067.41333
2191.410156	1089.760376
2194.564453	1089.395996
2197.714844	1016.115356
2200.865234	1081.606567
2204.013672	1064.760254
2207.162109	1087.148071
2210.308594	1053.800293
2213.455078	1073.058472
2216.599609	1088.401855
2219.742188	1072.310669
2222.884766	1060.13916
2226.025391	1047.171387
2229.164063	1077.481445
2232.302734	1056.63623
2235.439453	1059.404541
2238.576172	1063.750732
2241.710938	1078.347412
2244.84375	1100.840698
2247.976563	1115.46228
2251.107422	1070.90686
2254.236328	1086.317139
2257.365234	1098.579956
2260.492188	1084.779175
2263.619141	1063.854126
2266.744141	1089.563232
2269.867188	1059.131592
2272.990234	1068.240967
2276.111328	1056.775757
2279.232422	1098.358398
2282.351563	1090.064087
2285.46875	1048.478149
2288.585938	1090.897339
2291.701172	1060.383057
2294.816406	1073.482544
2297.929688	1051.668579
2301.041016	1082.242554
2304.152344	1071.535156
2307.261719	1091.80957
2310.369141	1101.765137
2313.476563	1067.195435
2316.583984	1081.126343
2319.6875	1103.026001
2322.791016	1158.379883
2325.894531	1160.414185
2328.996094	1223.799072
2332.095703	1200.353638
2335.195313	1082.005493
2338.292969	1072.845459
2341.388672	1112.35376
2344.484375	1064.083008
2347.578125	1105.214722
2350.671875	1082.467773
2353.763672	1101.260376
2356.853516	1098.481079
2359.943359	1078.104248
2363.03125	1087.314819
2366.119141	1090.929443
2369.205078	1066.522339
2372.289063	1079.743164
2375.373047	1079.351807
2378.457031	1065.33252
2381.537109	1109.039795
2384.617188	1103.042847
2387.697266	1072.162964
2390.773438	1114.316162
2393.851563	1072.976074
2396.925781	1089.451294
2400	1105.13501
2403.074219	1103.141479
2406.146484	1092.298462
2409.216797	1095.125977
2412.286133	1097.955322
2415.355469	1130.581177
2418.421875	1080.258545
2421.488281	1095.172729
2424.553711	1121.384399
2427.617188	1087.936401
2430.679688	1098.835693
2433.741211	1125.884766
2436.801758	1128.7323
2439.861328	1124.3125
2442.918945	1113.425049
2445.976563	1106.570679
2449.032227	1130.437988
2452.086914	1092.845581
2455.140625	1072.21814
2458.192383	1135.765503
2461.243164	1107.039917
2464.293945	1101.786255
2467.342773	1140.292358
2470.390625	1095.32019
2473.436523	1052.746948
2476.482422	1081.541016
2479.526367	1094.123169
2482.569336	1123.765991
2485.611328	1072.203247
2488.652344	1092.921265
2491.692383	1112.841675
2494.730469	1114.886597
2497.768555	1096.595337
2500.804688	1118.166382
2503.839844	1127.54187
2506.873047	1123.893433
2509.90625	1093.356201
2512.938477	1140.223267
2515.96875	1130.867432
2518.998047	1132.107544
2522.026367	1106.422119
2525.053711	1106.83728
2528.079102	1105.619263
2531.104492	1111.751953
2534.12793	1124.42627
2537.150391	1107.680664
2540.171875	1108.913574
2543.192383	1120.782227
2546.211914	1181.763306
2549.230469	1128.171509
2552.24707	1158.897095
2555.262695	1120.82312
2558.277344	1101.571533
2561.291016	1132.320923
2564.303711	1119.620728
2567.31543	1108.551758
2570.325195	1159.037842
2573.333984	1142.226807
2576.341797	1134.438965
2579.348633	1129.932007
2582.354492	1148.439697
2585.359375	1162.848999
2588.363281	1139.425049
2591.365234	1129.974243
2594.366211	1164.974609
2597.366211	1150.584106
2600.365234	1192.209106
2603.363281	1160.508789
2606.360352	1179.080933
2609.355469	1158.899292
2612.350586	1162.631714
2615.34375	1150.682861
2618.335938	1154.414307
2621.327148	1123.453491
2624.317383	1142.05188
2627.306641	1135.036621
2630.293945	1163.576538
2633.280273	1205.374268
2636.266602	1142.09668
2639.250977	1173.981934
2642.234375	1116.442627
2645.216797	1125.971313
2648.197266	1153.741089
2651.177734	1142.561523
2654.157227	1142.985718
2657.134766	1152.537231
2660.111328	1125.572632
2663.086914	1137.615479
2666.061523	1175.418213
2669.035156	1165.88208
2672.007813	1179.615112
2674.978516	1201.674072
2677.949219	1153.868164
2680.917969	1174.268921
2683.885742	1147.230225
2686.852539	1202.622437
2689.818359	1190.570435
2692.783203	1180.176025
2695.74707	1190.617798
2698.708984	1181.883301
2701.670898	1184.823486
2704.630859	1181.922729
2707.589844	1189.874512
2710.547852	1212.867554
2713.504883	1240.890869
2716.460938	1216.271484
2719.416016	1210.866821
2722.369141	1238.919678
2725.322266	1196.69751
2728.273438	1263.274658
2731.223633	1288.864624
2734.173828	1247.45105
2737.12207	1259.644165
2740.069336	1249.209229
2743.014648	1217.798706
2745.959961	1220.764404
2748.904297	1224.571289
2751.84668	1211.588013
2754.788086	1244.791748
2757.729492	1278.859741
2760.668945	1224.69397
2763.607422	1210.849609
2766.544922	1198.677246
2769.481445	1223.520996
2772.416016	1231.546875
2775.350586	1222.736206
2778.28418	1219.815796
2781.21582	1213.521973
2784.146484	1220.711792
2787.077148	1207.666382
2790.005859	1216.546143
2792.933594	1260.878418
2795.860352	1179.446655
2798.785156	1244.067261
2801.709961	1231.849976
2804.633789	1197.648193
2807.555664	1247.972168
2810.477539	1240.816895
2813.397461	1234.502319
2816.316406	1241.72583
2819.234375	1270.969727
2822.151367	1270.587769
2825.067383	1258.342163
2827.982422	1299.490967
2830.896484	1271.134521
2833.80957	1321.648804
2836.720703	1376.442749
2839.631836	1384.585938
2842.541016	1427.553101
2845.450195	1558.053833
2848.357422	1645.307251
2851.263672	1696.067139
2854.168945	1734.106689
2857.073242	1777.27832
2859.976563	1776.224243
2862.878906	1856.052124
2865.779297	1960.637451
2868.679688	2062.742432
2871.579102	2076.278809
2874.476563	2198.962891
2877.374023	2242.411377
2880.269531	2300.39624
2883.164063	2215.022461
2886.057617	2240.591064
2888.950195	2247.385498
2891.841797	2328.526367
2894.732422	2270.390625
2897.62207	2296.869629
2900.510742	2387.525146
2903.398438	2402.084473
2906.28418	2458.60083
2909.169922	2551.125
2912.053711	2525.494141
2914.9375	2650.674316
2917.819336	2771.658447
2920.700195	2817.259521
2923.581055	2910.937012
2926.459961	2899.118652
2929.337891	2955.116455
2932.214844	3040.355225
2935.09082	3052.625732
2937.96582	3086.391357
2940.838867	2995.51123
2943.711914	2824.575195
2946.583984	2740.41626
2949.454102	2556.351807
2952.324219	2558.998535
2955.193359	2466.036865
2958.060547	2421.260498
2960.926758	2363.521484
2963.792969	2375.584961
2966.657227	2344.5271
2969.520508	2310.857422
2972.382813	2252.99292
2975.244141	2137.22998
2978.104492	2150.958496
2980.963867	2073.09668
2983.822266	2025.434448
2986.679688	1909.420166
2989.536133	1899.727417
2992.390625	1827.718506
2995.245117	1776.434326
2998.098633	1721.648804
3000.950195	1615.709717
3003.801758	1593.758545
3006.651367	1555.31897
3009.500977	1524.65686
3012.348633	1466.209717
3015.195313	1451.114868
3018.041992	1418.644775
3020.886719	1427.8396
3023.730469	1354.502197
3026.573242	1386.27771
3029.415039	1372.864258
3032.255859	1373.357056
3035.095703	1372.109741
3037.93457	1337.786499
3040.772461	1358.292358
3043.609375	1380.55481
3046.445313	1357.523926
3049.280273	1319.658325
3052.114258	1368.088379
3054.946289	1383.40686
3057.77832	1422.29541
3060.609375	1380.906006
3063.438477	1417.201416
3066.267578	1394.997192
3069.094727	1402.486694
3071.921875	1353.162476
3074.74707	1335.282715
3077.572266	1344.507568
3080.395508	1285.483032
3083.21875	1325.334473
3086.040039	1288.15271
3088.860352	1275.472412
3091.679688	1278.556641
3094.499023	1254.467041
3097.316406	1292.623291
3100.132813	1272.907227
3102.948242	1261.074951
3105.762695	1267.669556
3108.576172	1249.679077
3111.388672	1256.273804
3114.201172	1269.02478
3117.011719	1268.597412
3119.821289	1305.98584
3122.629883	1303.811279
3125.436523	1272.592285
3128.243164	1268.642822
3131.048828	1283.185181
3133.853516	1255.448608
3136.657227	1292.029297
3139.459961	1284.553467
3142.261719	1259.432861
3145.0625	1272.231689
3147.861328	1254.149048
3150.660156	1265.188721
3153.458008	1216.177856
3156.254883	1243.998291
3159.049805	1284.211914
3161.844727	1291.740234
3164.638672	1270.086426
3167.430664	1247.532104
3170.222656	1269.216064
3173.013672	1299.769043
3175.802734	1319.714722
3178.591797	1267.906006
3181.379883	1277.217896
3184.166016	1260.82312
3186.952148	1253.286133
3189.737305	1245.74353
3192.520508	1219.555786
3195.303711	1255.50293
3198.084961	1238.181763
3200.866211	1262.163818
