399.363281	1002.335632
403.25	965.890137
407.134766	952.314026
411.017578	962.910034
414.898438	955.050537
418.777344	943.362183
422.654297	932.937866
426.53125	902.103271
430.404297	889.100281
434.277344	930.322632
438.148438	909.021362
442.017578	916.439941
445.884766	893.196899
449.751953	892.944275
453.615234	881.820251
457.478516	870.04657
461.339844	887.063232
465.199219	924.58374
469.056641	901.282288
472.912109	911.925232
476.765625	893.726624
480.619141	879.360352
484.470703	900.273682
488.320313	930.1922
492.167969	921.602356
496.013672	881.521912
499.857422	897.329041
503.699219	906.718811
507.541016	912.25647
511.380859	922.303894
515.21875	934.291382
519.054688	932.761353
522.888672	904.807251
526.720703	923.249207
530.552734	919.131531
534.380859	913.07428
538.208984	919.277161
542.035156	904.172424
545.859375	907.145691
549.683594	890.729492
553.503906	896.285645
557.324219	927.724304
561.140625	865.989075
564.957031	878.016113
568.773438	896.531006
572.585938	907.28479
576.396484	897.949097
580.207031	856.174255
584.015625	874.71051
587.820313	859.505432
591.626953	876.110229
595.429688	839.451111
599.230469	854.111023
603.03125	847.32373
606.828125	865.902466
610.625	859.764832
614.419922	867.946289
618.214844	891.116821
622.005859	858.26239
625.796875	885.359802
629.583984	847.256409
633.371094	924.615601
637.15625	879.315125
640.941406	879.690918
644.722656	883.333496
648.503906	885.018005
652.283203	875.58728
656.060547	871.381714
659.835938	875.02594
663.609375	864.92334
667.382813	899.35376
671.152344	889.907715
674.921875	905.365662
678.689453	866.399597
682.455078	908.106018
686.220703	906.523621
689.982422	910.849976
693.744141	908.609924
697.503906	925.428345
701.261719	908.068542
705.017578	934.767944
708.773438	941.746643
712.525391	936.880127
716.277344	937.937134
720.027344	978.531433
723.775391	971.036621
727.523438	983.979797
731.267578	985.717346
735.011719	970.954529
738.753906	974.668518
742.494141	971.118469
746.232422	967.565186
749.970703	969.959229
753.707031	992.199036
757.439453	984.01709
761.171875	984.434265
764.904297	962.333069
768.632813	1013.760193
772.361328	1024.13269
776.087891	1029.871704
779.8125	1023.673462
783.535156	1044.018188
787.255859	1028.52417
790.976563	1022.31665
794.695313	1040.027588
798.412109	1015.203674
802.126953	1053.544556
805.839844	1018.058472
809.552734	1037.127686
813.263672	1030.90625
816.972656	1036.671753
820.679688	1035.109985
824.384766	1064.219604
828.089844	1038.652466
831.791016	1053.772827
835.492188	1040.86438
839.193359	995.884216
842.890625	1026.373657
846.587891	1016.110535
850.28125	1045.964966
853.974609	1054.434326
857.666016	1035.467773
861.357422	1024.520264
865.044922	1009.543945
868.732422	1031.414917
872.417969	1024.473877
876.101563	1024.904907
879.785156	1030.704346
883.464844	1011.669739
887.144531	1022.840637
890.822266	1019.911255
894.5	1000.175049
898.173828	1037.579712
901.847656	970.070251
905.519531	1013.550171
909.189453	1003.876404
912.857422	991.499878
916.523438	1008.76239
920.189453	989.63562
923.853516	1006.236816
927.515625	997.887634
931.177734	991.556152
934.835938	967.662048
938.494141	1011.302979
942.150391	984.693237
945.804688	980.372864
949.458984	977.401367
953.109375	966.306946
956.759766	963.326538
960.408203	975.920227
964.056641	962.777771
967.701172	981.481628
971.345703	980.535828
974.988281	966.699646
978.628906	1004.430481
982.267578	968.865723
985.90625	957.72345
989.542969	993.458496
993.177734	1014.267456
996.810547	1003.129395
1000.443359	1041.648926
1004.074219	1106.74585
1007.703125	1036.389771
1011.330078	997.99231
1014.955078	1000.453003
1018.580078	970.189392
1022.203125	959.680542
1025.824219	957.351013
1029.443359	983.690308
1033.0625	995.709778
1036.679688	978.36084
1040.294922	962.364136
1043.908203	986.013245
1047.519531	944.011414
1051.130859	1005.31134
1054.740234	1002.990906
1058.347656	984.230164
1061.953125	996.287781
1065.558594	972.709656
1069.162109	972.42804
1072.763672	1026.344604
1076.363281	991.767334
1079.962891	1034.063477
1083.560547	1019.380615
1087.15625	1056.912354
1090.75	1039.476318
1094.34375	1005.519043
1097.933594	984.606323
1101.523438	1032.51001
1105.113281	1035.003906
1108.699219	1029.232666
1112.285156	995.19928
1115.869141	986.648254
1119.451172	978.779602
1123.03125	1012.307434
1126.611328	1044.482056
1130.189453	1033.864258
1133.765625	982.473755
1137.341797	964.909058
1140.914063	963.233643
1144.486328	968.474304
1148.056641	987.560059
1151.626953	967.197998
1155.193359	982.1427
1158.759766	992.942078
1162.324219	994.738525
1165.888672	1027.049438
1169.449219	1008.741638
1173.009766	1036.920166
1176.568359	1008.185547
1180.125	1008.60144
1183.681641	995.119019
1187.236328	1032.375
1190.789063	995.939697
1194.339844	994.958557
1197.890625	1017.642456
1201.439453	1037.559326
1204.986328	1071.425171
1208.53125	1076.744751
1212.076172	1080.67395
1215.619141	1072.748779
1219.160156	1080.865723
1222.699219	1114.119629
1226.238281	1122.259644
1229.775391	1170.92749
1233.310547	1150.440918
1236.84375	1205.452759
1240.376953	1173.770752
1243.908203	1181.250732
1247.4375	1222.340576
1250.964844	1180.119995
1254.492188	1160.985962
1258.017578	1191.603027
1261.541016	1168.951294
1265.064453	1174.341431
1268.583984	1169.208496
1272.103516	1121.945557
1275.623047	1144.179199
1279.138672	1144.648071
1282.654297	1168.314697
1286.167969	1163.167236
1289.679688	1181.935425
1293.191406	1253.505249
1296.701172	1206.84314
1300.208984	1249.60083
1303.714844	1270.547974
1307.220703	1321.12085
1310.722656	1268.061157
1314.226563	1275.635132
1317.726563	1288.155762
1321.226563	1285.151611
1324.724609	1270.841919
1328.220703	1239.559326
1331.714844	1282.485229
1335.208984	1289.37439
1338.701172	1289.193115
1342.191406	1280.51709
1345.681641	1271.833618
1349.169922	1208.593018
1352.65625	1239.561157
1356.140625	1252.119873
1359.625	1220.002197
1363.107422	1236.820068
1366.587891	1191.891602
1370.068359	1201.609375
1373.544922	1193.57312
1377.021484	1185.530151
1380.498047	1163.970581
1383.970703	1215.659912
1387.443359	1188.401367
1390.914063	1182.477661
1394.384766	1160.880493
1397.851563	1194.839355
1401.318359	1165.38855
1404.785156	1196.523926
1408.248047	1176.322876
1411.710938	1192.500854
1415.171875	1173.708984
1418.630859	1212.753662
1422.089844	1191.810547
1425.546875	1236.612183
1429.001953	1197.068604
1432.457031	1241.908081
1435.908203	1306.82251
1439.361328	1337.422974
1442.810547	1307.882446
1446.257813	1334.20813
1449.705078	1383.493652
1453.152344	1351.066284
1456.595703	1365.961792
1460.039063	1332.064941
1463.480469	1326.142212
1466.919922	1297.229126
1470.359375	1236.674805
1473.796875	1269.524292
1477.232422	1239.113892
1480.666016	1220.90918
1484.099609	1226.440918
1487.53125	1229.816772
1490.962891	1166.204956
1494.390625	1166.676025
1497.818359	1159.217285
1501.246094	1122.183228
1504.669922	1160.153687
1508.09375	1139.690308
1511.515625	1153.147461
1514.935547	1164.44812
1518.355469	1123.726563
1521.773438	1135.023926
1525.189453	1137.651245
1528.605469	1164.15686
1532.019531	1198.645508
1535.431641	1172.336304
1538.841797	1192.367432
1542.251953	1188.49939
1545.660156	1199.127686
1549.068359	1230.072144
1552.472656	1256.687622
1555.876953	1246.305298
1559.28125	1254.794312
1562.681641	1275.639526
1566.082031	1273.972168
1569.480469	1273.757202
1572.878906	1274.99646
1576.273438	1328.624634
1579.667969	1305.137451
1583.0625	1286.728394
1586.453125	1312.013794
1589.84375	1306.710083
1593.234375	1267.86438
1596.621094	1245.033325
1600.007813	1254.288696
1603.392578	1319.02771
1606.777344	1312.984375
1610.160156	1303.283203
1613.541016	1295.035522
1616.919922	1315.294922
1620.298828	1296.804932
1623.675781	1270.250977
1627.050781	1279.543701
1630.425781	1277.126709
1633.798828	1264.451294
1637.169922	1294.272583
1640.541016	1321.917847
1643.910156	1325.380493
1647.277344	1342.786987
1650.642578	1364.61145
1654.007813	1366.62561
1657.371094	1374.518188
1660.734375	1383.151611
1664.09375	1387.380249
1667.453125	1358.513306
1670.8125	1380.394409
1674.167969	1366.223145
1677.523438	1343.939697
1680.878906	1291.433594
1684.230469	1310.373535
1687.582031	1318.268921
1690.933594	1307.730835
1694.28125	1233.726807
1697.628906	1212.811523
1700.974609	1226.587036
1704.320313	1192.354004
1707.664063	1195.785156
1711.005859	1165.947998
1714.345703	1182.684204
1717.685547	1169.096191
1721.023438	1116.264893
1724.361328	1148.551392
1727.695313	1170.491821
1731.03125	1185.779541
1734.363281	1148.439087
1737.695313	1160.021118
1741.025391	1183.483887
1744.353516	1152.035522
1747.681641	1175.513184
1751.007813	1144.778931
1754.332031	1178.67627
1757.65625	1139.740234
1760.978516	1159.530273
1764.298828	1151.061646
1767.619141	1121.743896
1770.9375	1129.635254
1774.253906	1161.370728
1777.570313	1146.92627
1780.884766	1131.724487
1784.197266	1146.343628
1787.509766	1129.636719
1790.818359	1122.619751
1794.128906	1142.478882
1797.435547	1157.871338
1800.742188	1150.109131
1804.048828	1120.659912
1807.351563	1148.027588
1810.654297	1173.920288
1813.955078	1145.193237
1817.255859	1157.626465
1820.554688	1159.582153
1823.851563	1165.285889
1827.148438	1167.995239
1830.443359	1169.956421
1833.736328	1143.408691
1837.027344	1158.120728
1840.318359	1140.557129
1843.609375	1176.311523
1846.896484	1127.93103
1850.183594	1107.326904
1853.46875	1186.728271
1856.753906	1200.738159
1860.037109	1164.332153
1863.318359	1190.390625
1866.599609	1176.548218
1869.878906	1152.89856
1873.15625	1168.429077
1876.433594	1162.856079
1879.708984	1134.645752
1882.982422	1172.073242
1886.255859	1176.309448
1889.527344	1117.102539
1892.796875	1165.14502
1896.066406	1158.799927
1899.333984	1160.7677
1902.599609	1193.753296
1905.865234	1155.62561
1909.128906	1178.792358
1912.390625	1156.533447
1915.652344	1173.656616
1918.912109	1182.455078
1922.169922	1172.303101
1925.427734	1170.487305
1928.683594	1184.606201
1931.939453	1166.850464
1935.191406	1180.218994
1938.445313	1182.20105
1941.695313	1181.904297
1944.945313	1162.597778
1948.193359	1177.505737
1951.441406	1168.835327
1954.6875	1182.234253
1957.931641	1162.896606
1961.173828	1211.348511
1964.416016	1166.093262
1967.658203	1187.897949
1970.896484	1160.140747
1974.134766	1161.357422
1977.373047	1184.71167
1980.607422	1184.411011
1983.84375	1189.457397
1987.076172	1192.214722
1990.308594	1169.744141
1993.539063	1157.198608
1996.767578	1183.664917
1999.996094	1192.546631
2003.222656	1212.920898
2006.449219	1201.137573
2009.673828	1173.251709
2012.896484	1159.909912
2016.119141	1181.069092
2019.339844	1168.48645
2022.558594	1209.620605
2025.777344	1214.69873
2028.994141	1216.708008
2032.208984	1189.518555
2035.423828	1225.342773
2038.636719	1231.202759
2041.847656	1237.067139
2045.058594	1223.69519
2048.267578	1193.374268
2051.476563	1223.106567
2054.683594	1202.007568
2057.888672	1213.266113
2061.09375	1201.399658
2064.296875	1214.208984
2067.498047	1198.474609
2070.699219	1187.359741
2073.898438	1228.753296
2077.097656	1216.095703
2080.292969	1196.471802
2083.490234	1223.998535
2086.683594	1215.964478
2089.876953	1221.852661
2093.068359	1204.521729
2096.259766	1209.63501
2099.449219	1234.894653
2102.636719	1236.148071
2105.824219	1227.322998
2109.009766	1224.695801
2112.195313	1215.083008
2115.378906	1220.210571
2118.560547	1225.341797
2121.742188	1226.592651
2124.921875	1220.850098
2128.099609	1236.09314
2131.277344	1196.907349
2134.453125	1222.266602
2137.626953	1207.172485
2140.800781	1219.318115
2143.972656	1247.8302
2147.144531	1162.597656
2150.314453	1196.565918
2153.482422	1232.899658
2156.650391	1234.155518
2159.816406	1199.512573
2162.980469	1202.317383
2166.144531	1194.189697
2169.306641	1218.089844
2172.46875	1214.651245
2175.628906	1240.140991
2178.787109	1224.191895
2181.945313	1192.57959
2185.101563	1209.478394
2188.255859	1194.28125
2191.410156	1201.008423
2194.564453	1203.821777
2197.714844	1249.759155
2200.865234	1195.335938
2204.013672	1203.64209
2207.162109	1232.362793
2210.308594	1228.910278
2213.455078	1219.170288
2216.599609	1222.782104
2219.742188	1249.980957
2222.884766	1215.070557
2226.025391	1224.978027
2229.164063	1235.679932
2232.302734	1197.573486
2235.439453	1216.14917
2238.576172	1244.194336
2241.710938	1273.04895
2244.84375	1228.588623
2247.976563	1217.226563
2251.107422	1257.940796
2254.236328	1217.369995
2257.365234	1231.262451
2260.492188	1251.485962
2263.619141	1249.593872
2266.744141	1245.328003
2269.867188	1260.833374
2272.990234	1240.742188
2276.111328	1225.384888
2279.232422	1201.304688
2282.351563	1200.179565
2285.46875	1237.093262
2288.585938	1224.881104
2291.701172	1249.935425
2294.816406	1263.1073
2297.929688	1207.236084
2301.041016	1241.045654
2304.152344	1231.193115
2307.261719	1248.349976
2310.369141	1221.798828
2313.476563	1215.902954
2316.583984	1263.302856
2319.6875	1252.642822
2322.791016	1277.800537
2325.894531	1331.648926
2328.996094	1337.733398
2332.095703	1398.021484
2335.195313	1289.316772
2338.292969	1244.341187
2341.388672	1232.047485
2344.484375	1248.481567
2347.578125	1232.186646
2350.671875	1275.794189
2353.763672	1264.291626
2356.853516	1227.196899
2359.943359	1267.652344
2363.03125	1262.533325
2366.119141	1276.619629
2369.205078	1257.087158
2372.289063	1261.569458
2375.373047	1280.478271
2378.457031	1205.613403
2381.537109	1234.137573
2384.617188	1242.62793
2387.697266	1202.170776
2390.773438	1249.190186
2393.851563	1260.907471
2396.925781	1262.188721
2400	1257.040894
2403.074219	1286.462402
2406.146484	1224.210815
2409.216797	1253.641602
2412.286133	1254.116211
2415.355469	1267.474854
2418.421875	1252.648804
2421.488281	1224.917236
2424.553711	1225.380493
2427.617188	1282.297119
2430.679688	1260.191895
2433.741211	1272.774414
2436.801758	1295.862183
2439.861328	1251.928467
2442.918945	1245.12915
2445.976563	1251.257446
2449.032227	1254.964111
2452.086914	1244.921753
2455.140625	1259.148193
2458.192383	1282.289795
2461.243164	1267.386597
2464.293945	1258.1427
2467.342773	1262.669067
2470.390625	1257.469727
2473.436523	1247.399658
2476.482422	1258.417114
2479.526367	1262.949341
2482.569336	1282.100098
2485.611328	1262.275757
2488.652344	1283.877808
2491.692383	1279.483398
2494.730469	1269.393066
2497.768555	1241.397949
2500.804688	1282.55481
2503.839844	1279.780396
2506.873047	1275.374634
2509.90625	1275.039063
2512.938477	1253.512085
2515.96875	1267.843384
2518.998047	1278.107056
2522.026367	1294.905518
2525.053711	1291.310059
2528.079102	1297.510376
2531.104492	1281.659668
2534.12793	1288.67749
2537.150391	1291.612915
2540.171875	1275.741333
2543.192383	1305.67041
2546.211914	1279.970825
2549.230469	1311.560791
2552.24707	1277.653442
2555.262695	1310.084839
2558.277344	1293.363037
2561.291016	1315.984863
2564.303711	1321.398438
2567.31543	1315.328247
2570.325195	1313.3573
2573.333984	1281.001953
2576.341797	1268.337158
2579.348633	1286.889893
2582.354492	1256.131592
2585.359375	1278.804932
2588.363281	1268.58728
2591.365234	1297.042603
2594.366211	1303.289551
2597.366211	1311.188232
2600.365234	1354.520874
2603.363281	1317.11145
2606.360352	1304.409912
2609.355469	1285.924561
2612.350586	1292.179688
2615.34375	1316.599121
2618.335938	1326.998535
2621.327148	1302.710449
2624.317383	1270.966553
2627.306641	1298.719971
2630.293945	1321.53186
2633.280273	1355.942627
2636.266602	1343.204956
2639.250977	1338.736816
2642.234375	1312.731201
2645.216797	1294.991211
2648.197266	1325.310425
2651.177734	1311.707031
2654.157227	1336.248169
2657.134766	1341.722656
2660.111328	1340.560425
2663.086914	1312.824951
2666.061523	1344.877808
2669.035156	1341.221436
2672.007813	1368.320313
2674.978516	1330.573364
2677.949219	1348.536621
2680.917969	1369.009521
2683.885742	1314.569336
2686.852539	1296.733521
2689.818359	1328.873169
2692.783203	1326.864502
2695.74707	1361.539795
2698.708984	1332.85083
2701.670898	1370.890869
2704.630859	1341.348755
2707.589844	1357.709473
2710.547852	1399.141235
2713.504883	1363.726563
2716.460938	1416.057617
2719.416016	1401.528198
2722.369141	1407.901367
2725.322266	1359.046631
2728.273438	1380.477051
2731.223633	1391.873291
2734.173828	1389.873291
2737.12207	1406.309204
2740.069336	1364.069458
2743.014648	1388.894409
2745.959961	1393.601196
2748.904297	1418.454712
2751.84668	1374.476563
2754.788086	1376.662354
2757.729492	1397.334961
2760.668945	1339.009888
2763.607422	1342.025024
2766.544922	1354.295044
2769.481445	1385.086426
2772.416016	1378.019287
2775.350586	1348.209839
2778.28418	1408.516602
2781.21582	1375.324829
2784.146484	1397.748657
2787.077148	1388.984985
2790.005859	1404.68042
2792.933594	1364.685669
2795.860352	1378.69458
2798.785156	1375.821777
2801.709961	1339.99585
2804.633789	1409.793335
2807.555664	1379.026123
2810.477539	1382.914551
2813.397461	1363.113892
2816.316406	1388.159668
2819.234375	1425.924805
2822.151367	1427.293579
2825.067383	1427.815796
2827.982422	1464.788208
2830.896484	1462.779785
2833.80957	1470.100952
2836.720703	1514.765869
2839.631836	1571.3479
2842.541016	1635.614014
2845.450195	1749.199951
2848.357422	1854.369995
2851.263672	1899.255127
2854.168945	1934.817383
2857.073242	1944.881836
2859.976563	1987.294556
2862.878906	2077.41626
2865.779297	2107.131592
2868.679688	2173.505127
2871.579102	2250.154541
2874.476563	2346.469971
2877.374023	2362.67749
2880.269531	2372.923584
2883.164063	2403.662354
2886.057617	2427.591797
2888.950195	2448.975342
2891.841797	2426.794434
2894.732422	2443.063477
2897.62207	2511.506348
2900.510742	2545.78125
2903.398438	2595.483643
2906.28418	2596.42627
2909.169922	2642.756592
2912.053711	2701.970215
2914.9375	2775.795166
2917.819336	2786.232422
2920.700195	2952.762451
2923.581055	3006.166504
2926.459961	3011.547607
2929.337891	3052.132324
2932.214844	3123.664307
2935.09082	3126.51416
2937.96582	3073.499268
2940.838867	3078.910889
2943.711914	2982.833984
2946.583984	2794.622314
2949.454102	2693.207031
2952.324219	2649.407227
2955.193359	2548.726318
2958.060547	2522.936035
2960.926758	2477.301514
2963.792969	2453.190186
2966.657227	2420.435303
2969.520508	2365.220459
2972.382813	2335.861816
2975.244141	2309.935303
2978.104492	2213.155029
2980.963867	2152.598633
2983.822266	2079.895508
2986.679688	2124.748779
2989.536133	2044.196655
2992.390625	1986.951538
2995.245117	1892.439331
2998.098633	1844.623657
3000.950195	1762.119873
3003.801758	1729.821655
3006.651367	1674.958862
3009.500977	1685.10144
3012.348633	1627.57959
3015.195313	1554.393921
3018.041992	1543.666016
3020.886719	1523.376343
3023.730469	1553.463745
3026.573242	1525.340088
3029.415039	1518.932129
3032.255859	1490.775146
3035.095703	1476.518921
3037.93457	1476.178223
3040.772461	1507.182129
3043.609375	1505.980591
3046.445313	1516.976318
3049.280273	1520.134888
3052.114258	1501.496582
3054.946289	1566.581787
3057.77832	1530.494629
3060.609375	1559.847656
3063.438477	1581.362671
3066.267578	1566.205322
3069.094727	1471.518799
3071.921875	1541.101685
3074.74707	1485.687866
3077.572266	1460.85083
3080.395508	1428.119995
3083.21875	1451.390137
3086.040039	1447.529907
3088.860352	1506.73938
3091.679688	1429.284302
3094.499023	1385.962524
3097.316406	1417.150024
3100.132813	1419.409912
3102.948242	1434.834717
3105.762695	1407.253784
3108.576172	1401.607788
3111.388672	1421.434326
3114.201172	1443.032349
3117.011719	1450.579102
3119.821289	1424.711914
3122.629883	1435.776001
3125.436523	1424.845703
3128.243164	1461.448364
3131.048828	1432.024048
3133.853516	1434.295044
3136.657227	1418.940674
3139.459961	1380.652466
3142.261719	1410.247314
3145.0625	1422.217407
3147.861328	1383.88855
3150.660156	1402.037476
3153.458008	1450.228149
3156.254883	1435.722534
3159.049805	1391.155884
3161.844727	1429.667358
3164.638672	1406.293457
3167.430664	1400.598145
3170.222656	1414.370483
3173.013672	1418.41272
3175.802734	1409.171875
3178.591797	1394.608032
3181.379883	1415.487183
3184.166016	1377.861572
3186.952148	1388.99231
3189.737305	1410.777954
3192.520508	1424.590332
3195.303711	1456.170288
3198.084961	1445.137573
3200.866211	1470.007813
