399.363281	1369.710449
403.25	1395.739868
407.134766	1340.364502
411.017578	1353.038086
414.898438	1335.797363
418.777344	1326.822021
422.654297	1315.926636
426.53125	1338.810547
430.404297	1317.705322
434.277344	1325.933105
438.148438	1330.337402
442.017578	1304.09082
445.884766	1298.266235
449.751953	1318.003662
453.615234	1330.723633
457.478516	1316.585205
461.339844	1315.234497
465.199219	1258.816895
469.056641	1292.030151
472.912109	1311.813721
476.765625	1343.795532
480.619141	1346.941406
484.470703	1341.106201
488.320313	1320.50061
492.167969	1330.061646
496.013672	1335.775635
499.857422	1324.138794
503.699219	1340.786377
507.541016	1389.614868
511.380859	1338.080811
515.21875	1343.808472
519.054688	1344.387329
522.888672	1364.299805
526.720703	1326.848389
530.552734	1350.639648
534.380859	1327.345459
538.208984	1327.270874
542.035156	1329.779297
545.859375	1314.84436
549.683594	1342.558105
553.503906	1321.795044
557.324219	1343.065308
561.140625	1349.467285
564.957031	1371.414551
568.773438	1320.180786
572.585938	1308.434326
576.396484	1297.973999
580.207031	1310.854614
584.015625	1286.109985
587.820313	1286.661499
591.626953	1282.017456
595.429688	1302.058838
599.230469	1309.766846
603.03125	1306.42627
606.828125	1323.249878
610.625	1294.528564
614.419922	1321.778687
618.214844	1352.308838
622.005859	1358.10083
625.796875	1353.466187
629.583984	1322.085327
633.371094	1316.777832
637.15625	1332.35498
640.941406	1374.067993
644.722656	1356.361206
648.503906	1347.135986
652.283203	1329.401733
656.060547	1346.323975
659.835938	1382.23999
663.609375	1347.473267
667.382813	1371.62915
671.152344	1368.9375
674.921875	1374.110352
678.689453	1355.02002
682.455078	1392.341675
686.220703	1361.426514
689.982422	1388.931274
693.744141	1377.040039
697.503906	1398.001465
701.261719	1386.760742
705.017578	1445.23938
708.773438	1420.846313
712.525391	1408.941284
716.277344	1444.449585
720.027344	1459.560425
723.775391	1445.677734
727.523438	1432.442505
731.267578	1439.648804
735.011719	1488.444824
738.753906	1447.475098
742.494141	1509.52771
746.232422	1484.392944
749.970703	1538.578857
753.707031	1494.913208
757.439453	1479.665283
761.171875	1522.000244
764.904297	1523.307739
768.632813	1510.701416
772.361328	1511.341431
776.087891	1555.086304
779.8125	1530.534424
783.535156	1552.421143
787.255859	1525.190552
790.976563	1530.485718
794.695313	1508.53833
798.412109	1521.143433
802.126953	1518.46106
805.839844	1561.688354
809.552734	1530.395752
813.263672	1510.397583
816.972656	1561.669922
820.679688	1565.662109
824.384766	1555.654297
828.089844	1568.985596
831.791016	1593.672852
835.492188	1507.550903
839.193359	1565.628784
842.890625	1562.947998
846.587891	1588.341187
850.28125	1609.742676
853.974609	1574.29187
857.666016	1570.939087
861.357422	1562.226074
865.044922	1557.524658
868.732422	1529.362427
872.417969	1554.142944
876.101563	1540.711182
879.785156	1559.477173
883.464844	1536.637085
887.144531	1563.475464
890.822266	1552.038818
894.5	1556.05188
898.173828	1523.755981
901.847656	1521.032471
905.519531	1535.13147
909.189453	1543.855469
912.857422	1576.161499
916.523438	1576.149048
920.189453	1551.86731
923.853516	1530.262329
927.515625	1559.241699
931.177734	1507.246338
934.835938	1526.110474
938.494141	1509.185669
942.150391	1574.022339
945.804688	1563.187622
949.458984	1557.078247
953.109375	1549.609863
956.759766	1577.33728
960.408203	1539.393921
964.056641	1543.425659
967.701172	1584.0625
971.345703	1575.909546
974.988281	1594.884766
978.628906	1615.232788
982.267578	1573.133789
985.90625	1557.489258
989.542969	1547.947021
993.177734	1562.869263
996.810547	1609.7677
1000.443359	1637.654419
1004.074219	1677.815796
1007.703125	1628.126221
1011.330078	1602.237549
1014.955078	1595.409058
1018.580078	1569.484253
1022.203125	1557.178955
1025.824219	1576.933838
1029.443359	1611.7229
1033.0625	1615.808838
1036.679688	1583.687378
1040.294922	1615.787476
1043.908203	1632.870728
1047.519531	1612.344116
1051.130859	1598.643433
1054.740234	1604.100708
1058.347656	1619.151001
1061.953125	1656.140015
1065.558594	1611.585938
1069.162109	1618.42749
1072.763672	1638.995483
1076.363281	1626.63562
1079.962891	1643.103516
1083.560547	1649.280884
1087.15625	1630.036621
1090.75	1689.149048
1094.34375	1683.65979
1097.933594	1655.459717
1101.523438	1665.782837
1105.113281	1682.311768
1108.699219	1643.052124
1112.285156	1686.463013
1115.869141	1688.540527
1119.451172	1691.309082
1123.03125	1694.07959
1126.611328	1703.755127
1130.189453	1674.072754
1133.765625	1654.038086
1137.341797	1623.61853
1140.914063	1642.959961
1144.486328	1617.352051
1148.056641	1645.702759
1151.626953	1644.305786
1155.193359	1626.284302
1158.759766	1672.688232
1162.324219	1707.345581
1165.888672	1695.567871
1169.449219	1714.305664
1173.009766	1762.208984
1176.568359	1720.581177
1180.125	1710.87146
1183.681641	1682.390503
1187.236328	1658.752075
1190.789063	1678.909424
1194.339844	1698.387329
1197.890625	1736.674316
1201.439453	1770.814453
1204.986328	1779.90332
1208.53125	1751.365356
1212.076172	1797.404907
1215.619141	1777.917114
1219.160156	1795.395386
1222.699219	1865.940918
1226.238281	1838.773926
1229.775391	1845.817749
1233.310547	1866.146484
1236.84375	1872.507202
1240.376953	1896.360229
1243.908203	1886.642212
1247.4375	1862.914185
1250.964844	1929.51355
1254.492188	1938.713501
1258.017578	1906.564819
1261.541016	1901.737183
1265.064453	1915.144531
1268.583984	1902.595581
1272.103516	1879.504517
1275.623047	1904.858276
1279.138672	1910.557495
1282.654297	1957.032471
1286.167969	1926.18811
1289.679688	1969.892456
1293.191406	1977.737183
1296.701172	2035.57959
1300.208984	2056.135742
1303.714844	2040.064575
1307.220703	2047.243774
1310.722656	2032.565186
1314.226563	2046.096191
1317.726563	2026.463257
1321.226563	2023.760742
1324.724609	2083.926514
1328.220703	2094.671631
1331.714844	2050.279541
1335.208984	2103.455322
1338.701172	2070.350586
1342.191406	2114.375
1345.681641	2040.882202
1349.169922	2050.21582
1352.65625	1992.227783
1356.140625	2015.019531
1359.625	2028.608398
1363.107422	2069.172363
1366.587891	2030.971924
1370.068359	1974.275391
1373.544922	2036.178955
1377.021484	2022.793091
1380.498047	2025.038574
1383.970703	2021.594727
1387.443359	2023.840454
1390.914063	1996.1875
1394.384766	1999.848145
1397.851563	2002.086304
1401.318359	2011.453369
1404.785156	2000.148804
1408.248047	2064.450195
1411.710938	2031.033813
1415.171875	2027.575073
1418.630859	2016.970703
1422.089844	2054.229736
1425.546875	2057.922607
1429.001953	2075.204834
1432.457031	2070.32373
1435.908203	2111.956787
1439.361328	2128.564453
1442.810547	2131.576172
1446.257813	2221.291748
1449.705078	2204.987793
1453.152344	2200.144043
1456.595703	2170.903564
1460.039063	2250.012695
1463.480469	2235.127686
1466.919922	2160.612061
1470.359375	2154.300537
1473.796875	2147.264404
1477.232422	2112.175049
1480.666016	2131.734863
1484.099609	2081.494873
1487.53125	2091.696533
1490.962891	2083.897949
1494.390625	2065.283203
1497.818359	2002.677734
1501.246094	1994.11084
1504.669922	2016.560547
1508.09375	2054.906982
1511.515625	2040.572754
1514.935547	2057.288086
1518.355469	2076.906982
1521.773438	2070.514893
1525.189453	2086.537598
1528.605469	2065.672852
1532.019531	2066.505371
1535.431641	2070.958496
1538.841797	2119.603271
1542.251953	2113.209961
1545.660156	2122.760498
1549.068359	2192.516357
1552.472656	2236.933105
1555.876953	2189.200195
1559.28125	2216.222412
1562.681641	2241.086426
1566.082031	2178.034424
1569.480469	2242.161621
1572.878906	2280.883545
1576.273438	2250.512451
1579.667969	2245.593262
1583.0625	2267.613037
1586.453125	2286.007324
1589.84375	2229.351074
1593.234375	2198.895508
1596.621094	2221.658691
1600.007813	2251.736572
1603.392578	2278.187988
1606.777344	2254.272949
1610.160156	2245.679688
1613.541016	2282.390625
1616.919922	2224.814941
1620.298828	2258.620117
1623.675781	2228.061279
1627.050781	2220.901367
1630.425781	2195.427734
1633.798828	2228.540283
1637.169922	2262.411865
1640.541016	2261.117432
1643.910156	2270.823486
1647.277344	2306.218262
1650.642578	2297.597656
1654.007813	2335.233398
1657.371094	2324.412354
1660.734375	2315.786865
1664.09375	2343.915283
1667.453125	2325.727783
1670.8125	2314.147217
1674.167969	2311.390381
1677.523438	2253.400391
1680.878906	2254.299316
1684.230469	2238.984619
1687.582031	2243.563965
1690.933594	2201.678955
1694.28125	2210.673096
1697.628906	2175.383789
1700.974609	2204.312012
1704.320313	2102.50293
1707.664063	2125.511719
1711.005859	2138.927002
1714.345703	2120.547607
1717.685547	2138.410156
1721.023438	2104.470215
1724.361328	2093.458984
1727.695313	2144.666992
1731.03125	2073.631836
1734.363281	2121.164795
1737.695313	2090.114746
1741.025391	2105.785156
1744.353516	2159.324219
1747.681641	2107.458252
1751.007813	2105.323486
1754.332031	2091.295898
1757.65625	2127.068848
1760.978516	2135.350586
1764.298828	2092.298096
1767.619141	2078.240723
1770.9375	2146.083496
1774.253906	2123.84082
1777.570313	2181.321045
1780.884766	2123.288086
1784.197266	2127.858398
1787.509766	2171.230469
1790.818359	2157.161621
1794.128906	2131.133789
1797.435547	2179.039307
1800.742188	2161.21875
1804.048828	2138.150391
1807.351563	2182.374268
1810.654297	2131.611816
1813.955078	2097.275391
1817.255859	2146.775635
1820.554688	2107.17334
1823.851563	2118.497314
1827.148438	2155.318604
1830.443359	2153.169678
1833.736328	2109.75415
1837.027344	2193.899414
1840.318359	2174.491943
1843.609375	2160.326904
1846.896484	2170.947754
1850.183594	2169.548828
1853.46875	2191.461426
1856.753906	2181.040039
1860.037109	2169.857422
1863.318359	2160.924316
1866.599609	2164.78833
1869.878906	2165.640869
1873.15625	2172.52417
1876.433594	2221.643311
1879.708984	2174.234863
1882.982422	2178.109131
1886.255859	2152.540527
1889.527344	2178.312256
1892.796875	2157.256104
1896.066406	2125.600342
1899.333984	2184.66333
1902.599609	2203.67749
1905.865234	2211.354492
1909.128906	2158.469482
1912.390625	2182.038574
1915.652344	2204.868164
1918.912109	2195.121826
1922.169922	2183.092285
1925.427734	2221.877686
1928.683594	2240.962158
1931.939453	2206.918945
1935.191406	2216.897705
1938.445313	2183.576904
1941.695313	2256.638916
1944.945313	2178.445068
1948.193359	2243.194092
1951.441406	2202.219727
1954.6875	2197.75293
1957.931641	2251.922119
1961.173828	2226.900391
1964.416016	2210.241943
1967.658203	2256.853516
1970.896484	2197.479004
1974.134766	2196.812012
1977.373047	2212.9375
1980.607422	2232.893555
1983.84375	2181.053955
1987.076172	2215.532471
1990.308594	2239.33374
1993.539063	2227.205811
1996.767578	2231.135742
1999.996094	2172.30249
2003.222656	2238.237305
2006.449219	2252.898926
2009.673828	2203.199707
2012.896484	2243.156738
2016.119141	2255.535156
2019.339844	2206.544434
2022.558594	2250.385498
2025.777344	2241.280518
2028.994141	2208.355713
2032.208984	2223.815674
2035.423828	2213.150391
2038.636719	2230.930176
2041.847656	2207.949463
2045.058594	2207.269043
2048.267578	2222.755859
2051.476563	2257.509766
2054.683594	2222.943359
2057.888672	2199.912109
2061.09375	2240.09375
2064.296875	2203.936035
2067.498047	2248.779785
2070.699219	2202.560059
2073.898438	2238.169189
2077.097656	2255.262695
2080.292969	2270.823242
2083.490234	2228.404053
2086.683594	2284.961426
2089.876953	2276.561523
2093.068359	2237.964355
2096.259766	2274.45459
2099.449219	2279.209473
2102.636719	2187.865723
2105.824219	2242.209717
2109.009766	2253.161133
2112.195313	2274.207031
2115.378906	2255.681885
2118.560547	2248.012939
2121.742188	2300.929443
2124.921875	2255.192383
2128.099609	2277.832031
2131.277344	2258.491943
2134.453125	2236.02417
2137.626953	2269.577637
2140.800781	2262.668213
2143.972656	2317.287598
2147.144531	2276.883789
2150.314453	2234.109375
2153.482422	2283.320801
2156.650391	2287.322266
2159.816406	2242.940186
2162.980469	2294.55249
2166.144531	2295.437256
2169.306641	2264.287598
2172.46875	2271.41333
2175.628906	2262.905518
2178.787109	2257.519531
2181.945313	2263.866699
2185.101563	2257.692871
2188.255859	2250.730713
2191.410156	2251.596924
2194.564453	2226.600098
2197.714844	2253.329834
2200.865234	2290.276367
2204.013672	2262.125244
2207.162109	2219.822998
2210.308594	2239.521973
2213.455078	2252.165771
2216.599609	2285.250977
2219.742188	2253.110352
2222.884766	2221.730957
2226.025391	2257.987793
2229.164063	2225.798096
2232.302734	2259.721191
2235.439453	2258.225098
2238.576172	2228.36084
2241.710938	2294.641357
2244.84375	2259.246826
2247.976563	2305.078369
2251.107422	2340.685303
2254.236328	2278.424072
2257.365234	2333.79126
2260.492188	2236.715088
2263.619141	2292.107666
2266.744141	2253.450684
2269.867188	2236.911377
2272.990234	2250.427734
2276.111328	2281.368896
2279.232422	2286.200928
2282.351563	2340.1521
2285.46875	2324.404053
2288.585938	2293.580078
2291.701172	2341.249512
2294.816406	2322.308594
2297.929688	2289.859375
2301.041016	2272.471191
2304.152344	2308.288574
2307.261719	2313.937012
2310.369141	2287.79248
2313.476563	2305.364746
2316.583984	2315.790039
2319.6875	2326.2229
2322.791016	2312.779053
2325.894531	2340.739258
2328.996094	2410.151123
2332.095703	2409.474854
2335.195313	2288.397705
2338.292969	2243.80249
2341.388672	2288.544189
2344.484375	2318.950684
2347.578125	2297.4729
2350.671875	2264.794189
2353.763672	2251.270264
2356.853516	2308.888916
2359.943359	2298.56958
2363.03125	2310.644043
2366.119141	2313.923096
2369.205078	2315.602539
2372.289063	2278.033936
2375.373047	2253.25708
2378.457031	2271.747559
2381.537109	2358.413574
2384.617188	2287.109131
2387.697266	2316.867188
2390.773438	2293.660889
2393.851563	2293.727295
2396.925781	2321.109619
2400	2306.718262
2403.074219	2318.848633
2406.146484	2298.009521
2409.216797	2331.06543
2412.286133	2306.994141
2415.355469	2269.214844
2418.421875	2336.935059
2421.488281	2316.866455
2424.553711	2301.619141
2427.617188	2290.392334
2430.679688	2317.881836
2433.741211	2326.828613
2436.801758	2326.092773
2439.861328	2292.240479
2442.918945	2271.290039
2445.976563	2331.154053
2449.032227	2280.282715
2452.086914	2309.455322
2455.140625	2373.445801
2458.192383	2346.817139
2461.243164	2363.898682
2464.293945	2348.587158
2467.342773	2350.282715
2470.390625	2304.955566
2473.436523	2279.870361
2476.482422	2264.501709
2479.526367	2368.435791
2482.569336	2327.916992
2485.611328	2343.414063
2488.652344	2345.108398
2491.692383	2344.364746
2494.730469	2360.697021
2497.768555	2384.362549
2500.804688	2351.893066
2503.839844	2299.045654
2506.873047	2334.929199
2509.90625	2312.179443
2512.938477	2349.723877
2515.96875	2362.020752
2518.998047	2331.913086
2522.026367	2342.57959
2525.053711	2323.052246
2528.079102	2386.798584
2531.104492	2393.411621
2534.12793	2391.857422
2537.150391	2369.864502
2540.171875	2377.294922
2543.192383	2356.096924
2546.211914	2356.979492
2549.230469	2314.470703
2552.24707	2366.934814
2555.262695	2365.362793
2558.277344	2321.988281
2561.291016	2358.11377
2564.303711	2390.164551
2567.31543	2348.390137
2570.325195	2364.043213
2573.333984	2377.244141
2576.341797	2388.811279
2579.348633	2374.911621
2582.354492	2355.246826
2585.359375	2399.712402
2588.363281	2384.977051
2591.365234	2420.432861
2594.366211	2391.697021
2597.366211	2340.701416
2600.365234	2391.009521
2603.363281	2405.088379
2606.360352	2440.615234
2609.355469	2414.304932
2612.350586	2381.373291
2615.34375	2449.12207
2618.335938	2419.480713
2621.327148	2382.382324
2624.317383	2441.94165
2627.306641	2393.249268
2630.293945	2418.949219
2633.280273	2396.684326
2636.266602	2501.026123
2639.250977	2419.164551
2642.234375	2420.891602
2645.216797	2416.819824
2648.197266	2455.015137
2651.177734	2407.836426
2654.157227	2463.474365
2657.134766	2447.793457
2660.111328	2435.420654
2663.086914	2422.20752
2666.061523	2453.841309
2669.035156	2401.567627
2672.007813	2423.240479
2674.978516	2439.938965
2677.949219	2463.304688
2680.917969	2394.310303
2683.885742	2427.665771
2686.852539	2416.072021
2689.818359	2435.29541
2692.783203	2455.366211
2695.74707	2426.259033
2698.708984	2411.308838
2701.670898	2483.95752
2704.630859	2467.347168
2707.589844	2423.169189
2710.547852	2477.52417
2713.504883	2518.549072
2716.460938	2463.472168
2719.416016	2450.165771
2722.369141	2523.012695
2725.322266	2485.44873
2728.273438	2481.342529
2731.223633	2520.781494
2734.173828	2492.388672
2737.12207	2436.317627
2740.069336	2495.90332
2743.014648	2572.306396
2745.959961	2496.903564
2748.904297	2483.554688
2751.84668	2474.393555
2754.788086	2516.461426
2757.729492	2522.428955
2760.668945	2483.010254
2763.607422	2509.990479
2766.544922	2477.266357
2769.481445	2513.519531
2772.416016	2543.90625
2775.350586	2438.735596
2778.28418	2526.400146
2781.21582	2470.865479
2784.146484	2518.139648
2787.077148	2531.714111
2790.005859	2509.020752
2792.933594	2460.147705
2795.860352	2470.336914
2798.785156	2510.937988
2801.709961	2502.564941
2804.633789	2502.636719
2807.555664	2544.983887
2810.477539	2490.092041
2813.397461	2481.696533
2816.316406	2528.312744
2819.234375	2536.858887
2822.151367	2498.822754
2825.067383	2551.42627
2827.982422	2563.379395
2830.896484	2538.876953
2833.80957	2599.186035
2836.720703	2585.709473
2839.631836	2619.762207
2842.541016	2701.395752
2845.450195	2764.398682
2848.357422	2854.64209
2851.263672	2907.543701
2854.168945	2985.146973
2857.073242	2985.38501
2859.976563	3055.412109
2862.878906	3074.405762
2865.779297	3140.256348
2868.679688	3263.239746
2871.579102	3314.716064
2874.476563	3349.176514
2877.374023	3404.985107
2880.269531	3436.088867
2883.164063	3455.264404
2886.057617	3476.161133
2888.950195	3442.403564
2891.841797	3416.311279
2894.732422	3491.067627
2897.62207	3497.467285
2900.510742	3625.343018
2903.398438	3624.092773
2906.28418	3634.825684
2909.169922	3725.207764
2912.053711	3780.531006
2914.9375	3846.177246
2917.819336	3889.580566
2920.700195	4035.927979
2923.581055	4052.834229
2926.459961	4091.20752
2929.337891	4150.212891
2932.214844	4192.941895
2935.09082	4153.220703
2937.96582	4239.812988
2940.838867	4159.667969
2943.711914	3991.733643
2946.583984	3907.136719
2949.454102	3806.123779
2952.324219	3732.590332
2955.193359	3608.183105
2958.060547	3602.594238
2960.926758	3560.797607
2963.792969	3560.359375
2966.657227	3508.164795
2969.520508	3450.753906
2972.382813	3475.306396
2975.244141	3290.038818
2978.104492	3308.502686
2980.963867	3299.326172
2983.822266	3229.630127
2986.679688	3208.310303
2989.536133	3150.640625
2992.390625	3115.429199
2995.245117	3061.14624
2998.098633	2999.89502
3000.950195	2863.228271
3003.801758	2833.92627
3006.651367	2828.010254
3009.500977	2763.115234
3012.348633	2683.424072
3015.195313	2713.029297
3018.041992	2686.221924
3020.886719	2633.339355
3023.730469	2626.46582
3026.573242	2549.186523
3029.415039	2556.187988
3032.255859	2618.858887
3035.095703	2658.952148
3037.93457	2638.14624
3040.772461	2632.126953
3043.609375	2630.45752
3046.445313	2583.477783
3049.280273	2621.012207
3052.114258	2680.371826
3054.946289	2659.525391
3057.77832	2675.311523
3060.609375	2648.336914
3063.438477	2678.100098
3066.267578	2634.509277
3069.094727	2602.246338
3071.921875	2673.981934
3074.74707	2553.389404
3077.572266	2586.668213
3080.395508	2528.087402
3083.21875	2532.491943
3086.040039	2538.650391
3088.860352	2585.985352
3091.679688	2518.554932
3094.499023	2520.330322
3097.316406	2524.737061
3100.132813	2491.424072
3102.948242	2516.884521
3105.762695	2544.996094
3108.576172	2479.159668
3111.388672	2526.60376
3114.201172	2512.563477
3117.011719	2575.876953
3119.821289	2574.155273
3122.629883	2544.279541
3125.436523	2575.987305
3128.243164	2472.136719
3131.048828	2511.766602
3133.853516	2499.444092
3136.657227	2505.620117
3139.459961	2480.060791
3142.261719	2581.484619
3145.0625	2521.524414
3147.861328	2499.472168
3150.660156	2538.32373
3153.458008	2464.151367
3156.254883	2522.454102
3159.049805	2549.863281
3161.844727	2532.199951
3164.638672	2531.328125
3167.430664	2495.064209
3170.222656	2522.500488
3173.013672	2475.581787
3175.802734	2441.029297
3178.591797	2516.319336
3181.379883	2518.982178
3184.166016	2534.946045
3186.952148	2499.476563
3189.737305	2473.741455
3192.520508	2455.97583
3195.303711	2436.421387
3198.084961	2531.43335
3200.866211	2455.93457
