399.363281	1121.827759
403.25	1108.325562
407.134766	1083.360596
411.017578	1077.466431
414.898438	1081.753906
418.777344	1063.11377
422.654297	1055.927612
426.53125	1062.123047
430.404297	1039.622314
434.277344	1023.482483
438.148438	1000.944885
442.017578	1046.082642
445.884766	1062.508179
449.751953	1032.92627
453.615234	1023.141724
457.478516	1024.223999
461.339844	1016.986694
465.199219	995.656311
469.056641	1028.115112
472.912109	1018.305847
476.765625	1013.61676
480.619141	1006.357666
484.470703	1028.609253
488.320313	1027.127319
492.167969	1021.790527
496.013672	1028.013916
499.857422	1033.599609
503.699219	1061.053955
507.541016	1066.658081
511.380859	1043.947632
515.21875	1052.768066
519.054688	1057.086548
522.888672	1042.719482
526.720703	1030.918579
530.552734	1057.162598
534.380859	1037.61377
538.208984	1043.870239
542.035156	1055.944214
545.859375	1074.489502
549.683594	1019.361633
553.503906	1004.279663
557.324219	1012.474609
561.140625	1034.915161
564.957031	1004.927002
568.773438	1015.722961
572.585938	998.013245
576.396484	996.496521
580.207031	998.869934
584.015625	1012.925171
587.820313	973.759949
591.626953	1005.351135
595.429688	1000.584167
599.230469	980.212646
603.03125	967.626831
606.828125	972.595215
610.625	980.821777
614.419922	984.497253
618.214844	986.221375
622.005859	1014.013916
625.796875	987.717346
629.583984	983.574036
633.371094	1004.222595
637.15625	1020.97168
640.941406	1033.816406
644.722656	995.056885
648.503906	1012.476318
652.283203	978.905273
656.060547	1012.686829
659.835938	1055.659546
663.609375	1031.229614
667.382813	1074.246338
671.152344	1056.355835
674.921875	1045.661255
678.689453	1032.989624
682.455078	1041.303589
686.220703	1043.716553
689.982422	1040.877563
693.744141	1053.803589
697.503906	1064.111206
701.261719	1088.893188
705.017578	1049.22937
708.773438	1096.401001
712.525391	1096.867432
716.277344	1134.877563
720.027344	1145.244263
723.775391	1154.300903
727.523438	1107.307007
731.267578	1136.148071
735.011719	1125.409546
738.753906	1125.227051
742.494141	1140.238403
746.232422	1165.175781
749.970703	1200.713013
753.707031	1156.904053
757.439453	1167.982666
761.171875	1141.996704
764.904297	1192.153809
768.632813	1164.167725
772.361328	1183.884155
776.087891	1181.069824
779.8125	1263.171875
783.535156	1238.485596
787.255859	1211.12207
790.976563	1190.377808
794.695313	1196.197876
798.412109	1211.994995
802.126953	1191.888794
805.839844	1254.940063
809.552734	1200.218994
813.263672	1215.377319
816.972656	1203.232056
820.679688	1237.066406
824.384766	1210.249634
828.089844	1224.769287
831.791016	1177.235718
835.492188	1211.782471
839.193359	1194.92749
842.890625	1184.071777
846.587891	1235.376465
850.28125	1231.215698
853.974609	1228.389282
857.666016	1247.648315
861.357422	1219.380127
865.044922	1200.466309
868.732422	1178.855591
872.417969	1180.022217
876.101563	1249.605957
879.785156	1227.316528
883.464844	1207.693359
887.144531	1224.319458
890.822266	1224.834106
894.5	1182.330566
898.173828	1229.225952
901.847656	1227.051392
905.519531	1212.76062
909.189453	1195.090942
912.857422	1226.576904
916.523438	1224.39624
920.189453	1193.899658
923.853516	1240.935547
927.515625	1208.395386
931.177734	1225.776733
934.835938	1212.785156
938.494141	1196.404541
942.150391	1209.070801
945.804688	1210.253418
949.458984	1189.115356
953.109375	1234.274414
956.759766	1231.40625
960.408203	1253.593506
964.056641	1230.404297
967.701172	1205.161743
971.345703	1226.68689
974.988281	1223.807861
978.628906	1188.349854
982.267578	1182.056885
985.90625	1209.720215
989.542969	1209.545898
993.177734	1214.80957
996.810547	1270.403931
1000.443359	1358.021606
1004.074219	1406.914917
1007.703125	1295.146729
1011.330078	1236.420532
1014.955078	1238.980591
1018.580078	1223.815918
1022.203125	1186.811768
1025.824219	1226.200806
1029.443359	1248.556274
1033.0625	1288.686035
1036.679688	1233.882446
1040.294922	1247.382568
1043.908203	1226.02063
1047.519531	1188.907104
1051.130859	1198.982544
1054.740234	1209.066162
1058.347656	1217.787842
1061.953125	1245.702271
1065.558594	1220.171387
1069.162109	1285.141113
1072.763672	1254.802368
1076.363281	1277.972778
1079.962891	1277.130127
1083.560547	1311.319092
1087.15625	1253.451416
1090.75	1281.470825
1094.34375	1303.323242
1097.933594	1305.927856
1101.523438	1305.781006
1105.113281	1274.645508
1108.699219	1264.840088
1112.285156	1260.539795
1115.869141	1287.95166
1119.451172	1292.623657
1123.03125	1306.959961
1126.611328	1357.205322
1130.189453	1337.738892
1133.765625	1279.564941
1137.341797	1263.505615
1140.914063	1232.219971
1144.486328	1206.442261
1148.056641	1206.940918
1151.626953	1235.825562
1155.193359	1250.188721
1158.759766	1244.468872
1162.324219	1258.153564
1165.888672	1253.818604
1169.449219	1277.230591
1173.009766	1265.95874
1176.568359	1255.371582
1180.125	1248.248413
1183.681641	1261.271729
1187.236328	1240.240479
1190.789063	1231.014771
1194.339844	1261.44043
1197.890625	1258.479858
1201.439453	1296.601074
1204.986328	1349.38269
1208.53125	1342.272095
1212.076172	1372.804565
1215.619141	1354.537109
1219.160156	1417.894897
1222.699219	1417.780029
1226.238281	1447.694092
1229.775391	1467.152588
1233.310547	1480.336426
1236.84375	1523.597168
1240.376953	1499.040894
1243.908203	1510.153564
1247.4375	1455.467285
1250.964844	1448.36084
1254.492188	1498.701904
1258.017578	1501.4198
1261.541016	1436.821289
1265.064453	1487.919922
1268.583984	1456.948853
1272.103516	1462.460938
1275.623047	1465.869873
1279.138672	1491.063965
1282.654297	1475.506958
1286.167969	1445.871826
1289.679688	1538.626709
1293.191406	1538.552856
1296.701172	1542.703125
1300.208984	1584.189575
1303.714844	1629.9375
1307.220703	1634.12915
1310.722656	1631.271118
1314.226563	1694.026489
1317.726563	1659.427002
1321.226563	1653.043945
1324.724609	1638.884521
1328.220703	1631.780273
1331.714844	1681.936157
1335.208984	1670.599121
1338.701172	1676.94165
1342.191406	1627.36792
1345.681641	1615.285278
1349.169922	1557.143921
1352.65625	1562.740112
1356.140625	1545.651855
1359.625	1534.933105
1363.107422	1533.42981
1366.587891	1535.474365
1370.068359	1515.504883
1373.544922	1506.886108
1377.021484	1485.466431
1380.498047	1454.7854
1383.970703	1446.841553
1387.443359	1467.355591
1390.914063	1455.849976
1394.384766	1478.520142
1397.851563	1502.633423
1401.318359	1436.243286
1404.785156	1471.054199
1408.248047	1440.264282
1411.710938	1413.730835
1415.171875	1442.862427
1418.630859	1468.446167
1422.089844	1485.476074
1425.546875	1483.219727
1429.001953	1492.40271
1432.457031	1566.692749
1435.908203	1610.984375
1439.361328	1646.719849
1442.810547	1716.864258
1446.257813	1719.709717
1449.705078	1734.743286
1453.152344	1724.689087
1456.595703	1679.473022
1460.039063	1639.243774
1463.480469	1622.675415
1466.919922	1601.783447
1470.359375	1561.472656
1473.796875	1503.156982
1477.232422	1503.765015
1480.666016	1538.906738
1484.099609	1523.69458
1487.53125	1462.387573
1490.962891	1392.386719
1494.390625	1399.434814
1497.818359	1364.675659
1501.246094	1338.542358
1504.669922	1331.86792
1508.09375	1336.014404
1511.515625	1314.891357
1514.935547	1314.699585
1518.355469	1324.624268
1521.773438	1354.799194
1525.189453	1348.836304
1528.605469	1372.532959
1532.019531	1357.161987
1535.431641	1375.087402
1538.841797	1399.546631
1542.251953	1374.02124
1545.660156	1445.623169
1549.068359	1443.303955
1552.472656	1513.539551
1555.876953	1500.357056
1559.28125	1505.317505
1562.681641	1470.327026
1566.082031	1513.795776
1569.480469	1564.569336
1572.878906	1614.656128
1576.273438	1593.47644
1579.667969	1629.05603
1583.0625	1630.438477
1586.453125	1572.813843
1589.84375	1537.005981
1593.234375	1528.144775
1596.621094	1538.969116
1600.007813	1522.804321
1603.392578	1563.5625
1606.777344	1521.835083
1610.160156	1569.930298
1613.541016	1545.711182
1616.919922	1594.584839
1620.298828	1532.321655
1623.675781	1548.30127
1627.050781	1540.137207
1630.425781	1512.194214
1633.798828	1536.974854
1637.169922	1565.439453
1640.541016	1513.2771
1643.910156	1569.625977
1647.277344	1611.344482
1650.642578	1610.520508
1654.007813	1692.677124
1657.371094	1681.599243
1660.734375	1702.849243
1664.09375	1698.382813
1667.453125	1682.143921
1670.8125	1712.248291
1674.167969	1665.084473
1677.523438	1594.317627
1680.878906	1584.639893
1684.230469	1565.373169
1687.582031	1547.565186
1690.933594	1507.615234
1694.28125	1458.040771
1697.628906	1413.593506
1700.974609	1425.233643
1704.320313	1382.953369
1707.664063	1353.942139
1711.005859	1338.954956
1714.345703	1307.68335
1717.685547	1283.046021
1721.023438	1302.80249
1724.361328	1275.921387
1727.695313	1268.279785
1731.03125	1291.758545
1734.363281	1282.633789
1737.695313	1257.18396
1741.025391	1236.165649
1744.353516	1264.86377
1747.681641	1249.029175
1751.007813	1267.354248
1754.332031	1284.950439
1757.65625	1242.339111
1760.978516	1263.657471
1764.298828	1260.438477
1767.619141	1250.517456
1770.9375	1248.779297
1774.253906	1219.476563
1777.570313	1241.571899
1780.884766	1266.666504
1784.197266	1267.914185
1787.509766	1229.617798
1790.818359	1286.832764
1794.128906	1282.861938
1797.435547	1243.031006
1800.742188	1285.372192
1804.048828	1239.529175
1807.351563	1279.658203
1810.654297	1260.71106
1813.955078	1271.688477
1817.255859	1281.176514
1820.554688	1253.217651
1823.851563	1282.189209
1827.148438	1287.193726
1830.443359	1245.703613
1833.736328	1250.697021
1837.027344	1286.467163
1840.318359	1280.217163
1843.609375	1259.689819
1846.896484	1292.499268
1850.183594	1249.407471
1853.46875	1260.428711
1856.753906	1251.145142
1860.037109	1249.380249
1863.318359	1260.413696
1866.599609	1237.559937
1869.878906	1258.392578
1873.15625	1278.487549
1876.433594	1305.38501
1879.708984	1251.580688
1882.982422	1271.695679
1886.255859	1272.95105
1889.527344	1262.877319
1892.796875	1280.752808
1896.066406	1244.9729
1899.333984	1233.363037
1902.599609	1258.055542
1905.865234	1266.117676
1909.128906	1286.299316
1912.390625	1317.857422
1915.652344	1288.824951
1918.912109	1305.248535
1922.169922	1293.628174
1925.427734	1265.309692
1928.683594	1289.331055
1931.939453	1279.208252
1935.191406	1263.760864
1938.445313	1265.015869
1941.695313	1276.912598
1944.945313	1303.265259
1948.193359	1263.460571
1951.441406	1294.393799
1954.6875	1300.990601
1957.931641	1285.50708
1961.173828	1309.627686
1964.416016	1288.037598
1967.658203	1293.87854
1970.896484	1310.402222
1974.134766	1304.810181
1977.373047	1297.686768
1980.607422	1290.557495
1983.84375	1323.147217
1987.076172	1290.801758
1990.308594	1292.070313
1993.539063	1246.68457
1996.767578	1311.442627
1999.996094	1278.275269
2003.222656	1307.106079
2006.449219	1296.125488
2009.673828	1285.902344
2012.896484	1277.970703
2016.119141	1279.23584
2019.339844	1324.233521
2022.558594	1342.402588
2025.777344	1320.658569
2028.994141	1284.302979
2032.208984	1284.034546
2035.423828	1286.071777
2038.636719	1290.41748
2041.847656	1287.842285
2045.058594	1285.264771
2048.267578	1292.693848
2051.476563	1321.69458
2054.683594	1327.601929
2057.888672	1326.576294
2061.09375	1324.007202
2064.296875	1295.979126
2067.498047	1315.775391
2070.699219	1310.110107
2073.898438	1323.748047
2077.097656	1297.220337
2080.292969	1309.317383
2083.490234	1313.691406
2086.683594	1345.141479
2089.876953	1302.329346
2093.068359	1332.25061
2096.259766	1320.376343
2099.449219	1328.63501
2102.636719	1325.274658
2105.824219	1305.629761
2109.009766	1312.34021
2112.195313	1344.660767
2115.378906	1311.803955
2118.560547	1331.724487
2121.742188	1310.48877
2124.921875	1335.863403
2128.099609	1331.715454
2131.277344	1329.119385
2134.453125	1324.18689
2137.626953	1331.703491
2140.800781	1316.645508
2143.972656	1313.259521
2147.144531	1354.286133
2150.314453	1293.226685
2153.482422	1298.404785
2156.650391	1365.996338
2159.816406	1299.40686
2162.980469	1315.522583
2166.144531	1346.489868
2169.306641	1309.505249
2172.46875	1315.481323
2175.628906	1323.025635
2178.787109	1330.575317
2181.945313	1324.827637
2185.101563	1286.978882
2188.255859	1331.329956
2191.410156	1328.708618
2194.564453	1321.382446
2197.714844	1332.867432
2200.865234	1334.164429
2204.013672	1322.123169
2207.162109	1337.54541
2210.308594	1315.287354
2213.455078	1332.289185
2216.599609	1345.374634
2219.742188	1309.728394
2222.884766	1315.736572
2226.025391	1320.175415
2229.164063	1327.765625
2232.302734	1315.677368
2235.439453	1343.750244
2238.576172	1294.624023
2241.710938	1329.015869
2244.84375	1329.525391
2247.976563	1356.856567
2251.107422	1356.58728
2254.236328	1335.791138
2257.365234	1342.620972
2260.492188	1359.726807
2263.619141	1342.859009
2266.744141	1316.489624
2269.867188	1343.886963
2272.990234	1363.39209
2276.111328	1396.368774
2279.232422	1320.880859
2282.351563	1371.294312
2285.46875	1348.835815
2288.585938	1364.414551
2291.701172	1365.728882
2294.816406	1348.795532
2297.929688	1333.436279
2301.041016	1336.327393
2304.152344	1344.78064
2307.261719	1370.72168
2310.369141	1342.627319
2313.476563	1342.344116
2316.583984	1326.14978
2319.6875	1363.263794
2322.791016	1362.19104
2325.894531	1420.850342
2328.996094	1459.635254
2332.095703	1433.091553
2335.195313	1426.46106
2338.292969	1370.370728
2341.388672	1382.861572
2344.484375	1373.808594
2347.578125	1337.59729
2350.671875	1333.312744
2353.763672	1379.372559
2356.853516	1375.100098
2359.943359	1389.218994
2363.03125	1332.940796
2366.119141	1327.844482
2369.205078	1353.970947
2372.289063	1324.047119
2375.373047	1387.051147
2378.457031	1349.902222
2381.537109	1360.037231
2384.617188	1362.157593
2387.697266	1387.552246
2390.773438	1376.838867
2393.851563	1375.754517
2396.925781	1364.224365
2400	1373.582397
2403.074219	1357.217896
2406.146484	1405.18811
2409.216797	1375.143555
2412.286133	1379.688843
2415.355469	1373.768921
2418.421875	1373.483032
2421.488281	1427.995605
2424.553711	1415.636963
2427.617188	1371.009521
2430.679688	1397.344727
2433.741211	1372.853027
2436.801758	1423.429932
2439.861328	1415.083008
2442.918945	1400.265259
2445.976563	1351.487305
2449.032227	1391.619385
2452.086914	1414.794189
2455.140625	1434.749146
2458.192383	1410.195068
2461.243164	1396.959595
2464.293945	1359.40979
2467.342773	1372.889282
2470.390625	1407.458008
2473.436523	1410.421387
2476.482422	1374.441406
2479.526367	1396.873901
2482.569336	1416.886963
2485.611328	1380.055664
2488.652344	1410.640381
2491.692383	1380.281372
2494.730469	1380.800415
2497.768555	1408.978516
2500.804688	1411.135742
2503.839844	1395.383911
2506.873047	1407.310059
2509.90625	1407.023926
2512.938477	1401.847168
2515.96875	1413.788086
2518.998047	1381.693237
2522.026367	1408.322021
2525.053711	1442.31665
2528.079102	1444.490723
2531.104492	1449.933594
2534.12793	1376.931885
2537.150391	1419.956787
2540.171875	1385.324219
2543.192383	1469.28833
2546.211914	1384.725464
2549.230469	1441.734375
2552.24707	1423.43689
2555.262695	1414.137939
2558.277344	1427.781006
2561.291016	1446.353516
2564.303711	1441.973022
2567.31543	1435.127319
2570.325195	1421.709351
2573.333984	1441.948364
2576.341797	1461.380737
2579.348633	1455.352539
2582.354492	1441.920654
2585.359375	1463.018555
2588.363281	1448.756348
2591.365234	1473.163818
2594.366211	1424.315186
2597.366211	1466.026978
2600.365234	1448.44751
2603.363281	1456.405518
2606.360352	1429.73877
2609.355469	1459.965698
2612.350586	1505.8927
2615.34375	1514.70813
2618.335938	1469.029419
2621.327148	1441.48999
2624.317383	1465.164917
2627.306641	1464.883423
2630.293945	1455.504395
2633.280273	1483.346558
2636.266602	1483.070435
2639.250977	1497.696289
2642.234375	1448.55957
2645.216797	1493.838257
2648.197266	1460.410767
2651.177734	1494.118896
2654.157227	1538.634644
2657.134766	1512.65332
2660.111328	1505.744019
2663.086914	1507.963379
2666.061523	1510.18396
2669.035156	1514.898926
2672.007813	1518.785645
2674.978516	1509.369141
2677.949219	1511.592285
2680.917969	1542.944458
2683.885742	1506.884399
2686.852539	1531.594727
2689.818359	1529.662109
2692.783203	1525.227417
2695.74707	1522.456665
2698.708984	1524.687866
2701.670898	1546.111206
2704.630859	1593.425537
2707.589844	1582.324463
2710.547852	1592.097412
2713.504883	1546.726685
2716.460938	1565.688232
2719.416016	1608.914185
2722.369141	1583.575317
2725.322266	1620.144287
2728.273438	1645.019653
2731.223633	1612.965088
2734.173828	1584.237671
2737.12207	1614.154785
2740.069336	1615.588013
2743.014648	1584.312622
2745.959961	1609.227539
2748.904297	1630.803223
2751.84668	1586.063599
2754.788086	1632.004272
2757.729492	1592.272827
2760.668945	1561.757935
2763.607422	1569.900269
2766.544922	1584.777466
2769.481445	1592.933472
2772.416016	1580.050293
2775.350586	1547.788696
2778.28418	1587.108398
2781.21582	1584.320313
2784.146484	1591.646362
2787.077148	1616.6875
2790.005859	1571.723511
2792.933594	1575.676025
2795.860352	1588.918091
2798.785156	1590.345215
2801.709961	1536.010376
2804.633789	1506.991333
2807.555664	1577.720825
2810.477539	1641.735229
2813.397461	1587.338135
2816.316406	1586.22644
2819.234375	1566.484985
2822.151367	1596.705322
2825.067383	1648.979004
2827.982422	1663.992554
2830.896484	1673.928955
2833.80957	1678.782349
2836.720703	1721.826294
2839.631836	1759.807861
2842.541016	1892.081055
2845.450195	2041.441284
2848.357422	2258.048096
2851.263672	2300.530273
2854.168945	2428.939941
2857.073242	2402.601074
2859.976563	2504.75708
2862.878906	2561.862793
2865.779297	2731.435303
2868.679688	2918.171387
2871.579102	3006.172363
2874.476563	3092.531494
2877.374023	3203.688477
2880.269531	3220.213379
2883.164063	3182.121094
2886.057617	3243.904541
2888.950195	3208.354248
2891.841797	3261.645996
2894.732422	3346.60376
2897.62207	3270.003662
2900.510742	3405.495605
2903.398438	3406.732666
2906.28418	3479.878906
2909.169922	3595.895996
2912.053711	3768.537354
2914.9375	3880.457031
2917.819336	3951.306396
2920.700195	4113.970703
2923.581055	4172.943359
2926.459961	4377.858398
2929.337891	4464.440918
2932.214844	4470.353027
2935.09082	4538.987305
2937.96582	4520.863281
2940.838867	4401.269531
2943.711914	4166.334473
2946.583984	4089.544189
2949.454102	3871.539063
2952.324219	3669.734619
2955.193359	3536.691406
2958.060547	3490.578613
2960.926758	3428.054199
2963.792969	3367.208496
2966.657227	3344.271973
2969.520508	3245.382813
2972.382813	3229.290039
2975.244141	3138.921631
2978.104492	3019.980469
2980.963867	2956.258545
2983.822266	2857.911377
2986.679688	2767.275635
2989.536133	2665.327881
2992.390625	2622.153076
2995.245117	2462.075684
2998.098633	2359.906006
3000.950195	2296.646973
3003.801758	2241.141602
3006.651367	2148.316895
3009.500977	2131.744385
3012.348633	1981.552124
3015.195313	1922.380005
3018.041992	1842.328125
3020.886719	1842.121582
3023.730469	1831.488647
3026.573242	1790.427734
3029.415039	1767.595337
3032.255859	1738.657837
3035.095703	1752.332886
3037.93457	1725.109131
3040.772461	1750.978271
3043.609375	1780.349487
3046.445313	1759.20459
3049.280273	1797.31543
3052.114258	1797.087402
3054.946289	1862.278442
3057.77832	1902.21106
3060.609375	1891.544434
3063.438477	1934.13501
3066.267578	1884.16333
3069.094727	1881.341919
3071.921875	1818.202759
3074.74707	1797.865967
3077.572266	1751.271484
3080.395508	1724.769897
3083.21875	1726.261353
3086.040039	1748.770264
3088.860352	1684.569702
3091.679688	1624.70459
3094.499023	1650.706787
3097.316406	1661.81897
3100.132813	1651.884399
3102.948242	1677.04541
3105.762695	1624.091919
3108.576172	1633.452637
3111.388672	1669.175049
3114.201172	1641.646973
3117.011719	1637.835693
3119.821289	1671.837769
3122.629883	1690.907715
3125.436523	1643.10498
3128.243164	1677.144043
3131.048828	1650.438477
3133.853516	1626.356689
3136.657227	1690.390259
3139.459961	1645.145264
3142.261719	1609.569336
3145.0625	1594.259888
3147.861328	1633.659302
3150.660156	1620.995483
3153.458008	1643.650757
3156.254883	1673.389771
3159.049805	1627.139771
3161.844727	1640.094604
3164.638672	1644.213501
3167.430664	1681.956421
3170.222656	1635.642456
3173.013672	1630.909058
3175.802734	1657.171997
3178.591797	1686.997192
3181.379883	1646.822266
3184.166016	1668.684326
3186.952148	1606.299438
3189.737305	1606.867188
3192.520508	1633.175171
3195.303711	1668.380493
3198.084961	1655.64624
3200.866211	1630.776001
