399.363281	1181.573853
403.25	1138.211548
407.134766	1094.175171
411.017578	1129.016724
414.898438	1122.502808
418.777344	1144.009766
422.654297	1094.800049
426.53125	1103.562378
430.404297	1093.197876
434.277344	1131.956299
438.148438	1087.123169
442.017578	1086.9552
445.884766	1081.675537
449.751953	1105.793579
453.615234	1096.680054
457.478516	1080.521118
461.339844	1100.188843
465.199219	1080.81543
469.056641	1081.923096
472.912109	1092.003296
476.765625	1058.495361
480.619141	1094.870972
484.470703	1088.285278
488.320313	1066.928589
492.167969	1083.444702
496.013672	1074.274536
499.857422	1106.877197
503.699219	1097.708496
507.541016	1105.901855
511.380859	1098.655029
515.21875	1079.167725
519.054688	1091.871826
522.888672	1108.453369
526.720703	1105.706909
530.552734	1104.247925
534.380859	1089.881592
538.208984	1103.907227
542.035156	1101.798706
545.859375	1091.288574
549.683594	1076.244263
553.503906	1083.82019
557.324219	1093.34314
561.140625	1076.337769
564.957031	1085.217529
568.773438	1049.407715
572.585938	1064.76355
576.396484	1074.297241
580.207031	1078.001221
584.015625	1066.134521
587.820313	1075.031006
591.626953	1056.657837
595.429688	1067.506348
599.230469	1064.713745
603.03125	1009.245178
606.828125	1014.231384
610.625	1010.76062
614.419922	1035.935913
618.214844	1063.08667
622.005859	1098.7323
625.796875	1071.819946
629.583984	1058.581421
633.371094	1074.04187
637.15625	1063.403442
640.941406	1090.633789
644.722656	1102.860107
648.503906	1083.068604
652.283203	1062.605957
656.060547	1064.36792
659.835938	1100.817993
663.609375	1122.239624
667.382813	1126.64856
671.152344	1187.417358
674.921875	1098.108154
678.689453	1127.434448
682.455078	1104.949829
686.220703	1126.426147
689.982422	1096.040771
693.744141	1097.164551
697.503906	1123.922241
701.261719	1136.23645
705.017578	1135.404297
708.773438	1157.604736
712.525391	1152.171631
716.277344	1198.767944
720.027344	1212.456421
723.775391	1201.765015
727.523438	1224.039185
731.267578	1185.631958
735.011719	1186.795532
738.753906	1228.240723
742.494141	1202.997803
746.232422	1223.996338
749.970703	1237.078247
753.707031	1239.58728
757.439453	1241.436523
761.171875	1226.736206
764.904297	1191.491577
768.632813	1233.739502
772.361328	1244.2052
776.087891	1282.531738
779.8125	1304.304565
783.535156	1292.909912
787.255859	1279.513306
790.976563	1284.040405
794.695313	1281.260742
798.412109	1287.786133
802.126953	1277.688843
805.839844	1295.529297
809.552734	1288.088623
813.263672	1307.279785
816.972656	1300.503296
820.679688	1307.05127
824.384766	1296.267456
828.089844	1292.812012
831.791016	1323.38916
835.492188	1287.226807
839.193359	1260.384644
842.890625	1279.626099
846.587891	1283.508057
850.28125	1346.245117
853.974609	1308.676147
857.666016	1289.81665
861.357422	1274.958618
865.044922	1295.592529
868.732422	1288.765991
872.417969	1300.706299
876.101563	1284.484863
879.785156	1313.879639
883.464844	1297.649414
887.144531	1257.227661
890.822266	1273.209351
894.5	1301.302979
898.173828	1305.884521
901.847656	1288.942139
905.519531	1273.331299
909.189453	1261.746704
912.857422	1286.525024
916.523438	1294.477295
920.189453	1295.69458
923.853516	1305.679932
927.515625	1263.721191
931.177734	1282.475586
934.835938	1262.755127
938.494141	1301.790771
942.150391	1264.48938
945.804688	1288.00708
949.458984	1308.838501
953.109375	1298.55957
956.759766	1295.04126
960.408203	1271.202148
964.056641	1277.154175
967.701172	1283.788818
971.345703	1299.921997
974.988281	1264.510986
978.628906	1272.504883
982.267578	1304.947388
985.90625	1314.322632
989.542969	1322.346313
993.177734	1336.494507
996.810547	1332.971924
1000.443359	1452.593262
1004.074219	1502.206665
1007.703125	1382.987915
1011.330078	1348.822388
1014.955078	1275.781982
1018.580078	1284.495361
1022.203125	1277.527832
1025.824219	1298.531006
1029.443359	1376.893311
1033.0625	1331.027588
1036.679688	1317.917603
1040.294922	1321.883667
1043.908203	1267.731323
1047.519531	1283.99231
1051.130859	1300.950806
1054.740234	1295.3302
1058.347656	1306.142578
1061.953125	1338.890137
1065.558594	1321.623901
1069.162109	1351.661255
1072.763672	1359.769409
1076.363281	1352.784302
1079.962891	1329.313965
1083.560547	1371.767578
1087.15625	1368.900879
1090.75	1420.342651
1094.34375	1364.53479
1097.933594	1396.06311
1101.523438	1382.875122
1105.113281	1388.268677
1108.699219	1358.531982
1112.285156	1334.283813
1115.869141	1350.005127
1119.451172	1376.085571
1123.03125	1369.754761
1126.611328	1416.574341
1130.189453	1419.232544
1133.765625	1339.674194
1137.341797	1284.241455
1140.914063	1293.070313
1144.486328	1299.830811
1148.056641	1243.619751
1151.626953	1247.595337
1155.193359	1328.455322
1158.759766	1331.775757
1162.324219	1346.189697
1165.888672	1334.262817
1169.449219	1373.664673
1173.009766	1383.948364
1176.568359	1344.941772
1180.125	1364.251465
1183.681641	1324.509033
1187.236328	1329.921509
1190.789063	1345.074951
1194.339844	1335.888428
1197.890625	1343.399414
1201.439453	1435.174438
1204.986328	1438.552002
1208.53125	1435.659668
1212.076172	1464.836182
1215.619141	1491.943848
1219.160156	1503.024414
1222.699219	1534.357666
1226.238281	1574.09668
1229.775391	1583.127563
1233.310547	1581.681519
1236.84375	1577.437012
1240.376953	1606.065308
1243.908203	1659.209473
1247.4375	1616.48584
1250.964844	1605.943604
1254.492188	1544.94519
1258.017578	1610.766846
1261.541016	1596.00061
1265.064453	1579.11731
1268.583984	1558.710693
1272.103516	1572.689575
1275.623047	1569.119995
1279.138672	1544.466919
1282.654297	1582.356445
1286.167969	1605.508423
1289.679688	1625.864746
1293.191406	1652.571899
1296.701172	1646.207153
1300.208984	1688.440308
1303.714844	1714.499878
1307.220703	1730.005615
1310.722656	1766.681396
1314.226563	1744.826172
1317.726563	1761.067871
1321.226563	1776.616211
1324.724609	1758.97522
1328.220703	1751.920044
1331.714844	1771.724243
1335.208984	1808.519043
1338.701172	1802.181519
1342.191406	1763.984741
1345.681641	1717.966675
1349.169922	1682.537231
1352.65625	1658.417969
1356.140625	1649.876953
1359.625	1610.119263
1363.107422	1584.520508
1366.587891	1618.530518
1370.068359	1627.001709
1373.544922	1594.272705
1377.021484	1565.781128
1380.498047	1598.415283
1383.970703	1563.49939
1387.443359	1549.903198
1390.914063	1575.450439
1394.384766	1571.817993
1397.851563	1573.88208
1401.318359	1558.12793
1404.785156	1493.872314
1408.248047	1535.140503
1411.710938	1567.164551
1415.171875	1584.221558
1418.630859	1585.578979
1422.089844	1563.358154
1425.546875	1568.281494
1429.001953	1553.900879
1432.457031	1610.331299
1435.908203	1704.022095
1439.361328	1732.635742
1442.810547	1761.988281
1446.257813	1906.011597
1449.705078	1858.039063
1453.152344	1833.692383
1456.595703	1795.69458
1460.039063	1808.622681
1463.480469	1764.838989
1466.919922	1718.14624
1470.359375	1654.887939
1473.796875	1647.649902
1477.232422	1638.248047
1480.666016	1634.59375
1484.099609	1651.088989
1487.53125	1529.350708
1490.962891	1512.680908
1494.390625	1446.995361
1497.818359	1420.906372
1501.246094	1402.007813
1504.669922	1449.470581
1508.09375	1432.011108
1511.515625	1442.697998
1514.935547	1427.388062
1518.355469	1435.190308
1521.773438	1393.838257
1525.189453	1391.507324
1528.605469	1453.568115
1532.019531	1473.697021
1535.431641	1467.773682
1538.841797	1462.569702
1542.251953	1463.158691
1545.660156	1465.197754
1549.068359	1520.908691
1552.472656	1576.664063
1555.876953	1614.317383
1559.28125	1614.966797
1562.681641	1641.768311
1566.082031	1631.527344
1569.480469	1646.723755
1572.878906	1686.661011
1576.273438	1715.715698
1579.667969	1660.356079
1583.0625	1683.597046
1586.453125	1650.762451
1589.84375	1626.646362
1593.234375	1638.235352
1596.621094	1603.153687
1600.007813	1630.794189
1603.392578	1662.836304
1606.777344	1690.522217
1610.160156	1645.175903
1613.541016	1639.257813
1616.919922	1614.325195
1620.298828	1644.960083
1623.675781	1606.106445
1627.050781	1606.017578
1630.425781	1644.73999
1633.798828	1613.896973
1637.169922	1653.385498
1640.541016	1656.246582
1643.910156	1681.846924
1647.277344	1744.15564
1650.642578	1814.588257
1654.007813	1762.440308
1657.371094	1848.363281
1660.734375	1892.463013
1664.09375	1833.665283
1667.453125	1838.810669
1670.8125	1812.319458
1674.167969	1793.903931
1677.523438	1737.180176
1680.878906	1694.408081
1684.230469	1697.294922
1687.582031	1631.615967
1690.933594	1605.713501
1694.28125	1548.061401
1697.628906	1501.435547
1700.974609	1448.125977
1704.320313	1466.432983
1707.664063	1464.060791
1711.005859	1397.363281
1714.345703	1391.262695
1717.685547	1382.197266
1721.023438	1406.434448
1724.361328	1379.594604
1727.695313	1331.990112
1731.03125	1376.245361
1734.363281	1345.65332
1737.695313	1406.265991
1741.025391	1368.98291
1744.353516	1335.381348
1747.681641	1347.793091
1751.007813	1355.01416
1754.332031	1349.606689
1757.65625	1359.063965
1760.978516	1323.158691
1764.298828	1343.773315
1767.619141	1356.960205
1770.9375	1324.733643
1774.253906	1313.339722
1777.570313	1344.415161
1780.884766	1368.05957
1784.197266	1360.397339
1787.509766	1346.013672
1790.818359	1356.996582
1794.128906	1337.372314
1797.435547	1322.214355
1800.742188	1349.640747
1804.048828	1327.746582
1807.351563	1314.80957
1810.654297	1321.315063
1813.955078	1370.48938
1817.255859	1322.359863
1820.554688	1341.609497
1823.851563	1371.365356
1827.148438	1353.165161
1830.443359	1358.199341
1833.736328	1357.985352
1837.027344	1329.24939
1840.318359	1331.275635
1843.609375	1337.05896
1846.896484	1326.314575
1850.183594	1323.830688
1853.46875	1359.69873
1856.753906	1365.501099
1860.037109	1347.223267
1863.318359	1354.530518
1866.599609	1320.415405
1869.878906	1335.252563
1873.15625	1367.438843
1876.433594	1366.468994
1879.708984	1339.847656
1882.982422	1379.619995
1886.255859	1356.002319
1889.527344	1406.386108
1892.796875	1353.291016
1896.066406	1362.893799
1899.333984	1358.136108
1902.599609	1377.582153
1905.865234	1364.500977
1909.128906	1367.308228
1912.390625	1358.75647
1915.652344	1390.35498
1918.912109	1374.225098
1922.169922	1364.148315
1925.427734	1312.341553
1928.683594	1368.254272
1931.939453	1345.256348
1935.191406	1351.100098
1938.445313	1334.914673
1941.695313	1380.281738
1944.945313	1386.14502
1948.193359	1341.808838
1951.441406	1336.246582
1954.6875	1336.008545
1957.931641	1358.616577
1961.173828	1388.098633
1964.416016	1363.490723
1967.658203	1361.736694
1970.896484	1408.034058
1974.134766	1365.854004
1977.373047	1390.814819
1980.607422	1352.412598
1983.84375	1360.580322
1987.076172	1398.55957
1990.308594	1353.233398
1993.539063	1380.531006
1996.767578	1374.948853
1999.996094	1386.201416
2003.222656	1372.959106
2006.449219	1394.943604
2009.673828	1348.741455
2012.896484	1349.267212
2016.119141	1380.470337
2019.339844	1367.965454
2022.558594	1360.82312
2025.777344	1440.439209
2028.994141	1405.666504
2032.208984	1355.497925
2035.423828	1386.774414
2038.636719	1315.026123
2041.847656	1380.160645
2045.058594	1352.991211
2048.267578	1388.933716
2051.476563	1379.460938
2054.683594	1373.833008
2057.888672	1352.013184
2061.09375	1356.394165
2064.296875	1416.320068
2067.498047	1374.425781
2070.699219	1368.011353
2073.898438	1363.908447
2077.097656	1399.978027
2080.292969	1384.290039
2083.490234	1406.477051
2086.683594	1372.214478
2089.876953	1391.317993
2093.068359	1407.339722
2096.259766	1426.471069
2099.449219	1404.557007
2102.636719	1395.026001
2105.824219	1384.711914
2109.009766	1365.082031
2112.195313	1433.890991
2115.378906	1394.859009
2118.560547	1383.750977
2121.742188	1371.8573
2124.921875	1400.364014
2128.099609	1390.799072
2131.277344	1413.890625
2134.453125	1406.65686
2137.626953	1406.422119
2140.800781	1349.347534
2143.972656	1374.015259
2147.144531	1381.558838
2150.314453	1371.958374
2153.482422	1363.130005
2156.650391	1380.038574
2159.816406	1395.399048
2162.980469	1367.831177
2166.144531	1430.840698
2169.306641	1395.451294
2172.46875	1395.989136
2175.628906	1386.361938
2178.787109	1368.122437
2181.945313	1403.863403
2185.101563	1420.843506
2188.255859	1454.282104
2191.410156	1434.472534
2194.564453	1417.782227
2197.714844	1372.069336
2200.865234	1380.440552
2204.013672	1386.463867
2207.162109	1397.201172
2210.308594	1401.664429
2213.455078	1436.76709
2216.599609	1365.806763
2219.742188	1415.072754
2222.884766	1392.022461
2226.025391	1412.22583
2229.164063	1430.870117
2232.302734	1387.327148
2235.439453	1405.187866
2238.576172	1433.305542
2241.710938	1387.347534
2244.84375	1407.593628
2247.976563	1377.367188
2251.107422	1415.775269
2254.236328	1417.896606
2257.365234	1383.689453
2260.492188	1402.391113
2263.619141	1406.879883
2266.744141	1434.301636
2269.867188	1395.301147
2272.990234	1414.825928
2276.111328	1382.911743
2279.232422	1412.740601
2282.351563	1416.449585
2285.46875	1451.068481
2288.585938	1440.523682
2291.701172	1449.798096
2294.816406	1429.723267
2297.929688	1379.471558
2301.041016	1449.077515
2304.152344	1444.070435
2307.261719	1396.944092
2310.369141	1441.992798
2313.476563	1433.795288
2316.583984	1446.275024
2319.6875	1450.009644
2322.791016	1469.669678
2325.894531	1517.219604
2328.996094	1544.09021
2332.095703	1478.523315
2335.195313	1457.557861
2338.292969	1429.397095
2341.388672	1434.728882
2344.484375	1396.159912
2347.578125	1419.050903
2350.671875	1460.333008
2353.763672	1403.347778
2356.853516	1399.883911
2359.943359	1454.801025
2363.03125	1429.751099
2366.119141	1414.286377
2369.205078	1434.84082
2372.289063	1420.967651
2375.373047	1461.572144
2378.457031	1467.738037
2381.537109	1456.266357
2384.617188	1432.752319
2387.697266	1445.333496
2390.773438	1428.21936
2393.851563	1420.729492
2396.925781	1435.729736
2400	1432.255005
2403.074219	1419.932861
2406.146484	1422.079346
2409.216797	1416.180542
2412.286133	1436.840454
2415.355469	1426.915894
2418.421875	1465.317139
2421.488281	1427.995605
2424.553711	1473.681274
2427.617188	1474.238403
2430.679688	1457.046509
2433.741211	1456.790039
2436.801758	1456.532959
2439.861328	1482.929443
2442.918945	1424.505371
2445.976563	1420.193359
2449.032227	1449.839355
2452.086914	1445.532959
2455.140625	1476.019409
2458.192383	1455.528442
2461.243164	1413.966064
2464.293945	1458.246582
2467.342773	1480.678101
2470.390625	1452.859863
2473.436523	1444.485596
2476.482422	1453.95459
2479.526367	1475.605347
2482.569336	1397.39978
2485.611328	1440.976196
2488.652344	1453.707153
2491.692383	1476.201904
2494.730469	1432.031494
2497.768555	1434.197021
2500.804688	1449.384521
2503.839844	1449.929199
2506.873047	1454.546143
2509.90625	1458.351318
2512.938477	1480.089722
2515.96875	1515.704834
2518.998047	1477.938721
2522.026367	1489.916504
2525.053711	1496.189209
2528.079102	1486.951782
2531.104492	1478.523926
2534.12793	1459.466064
2537.150391	1433.853882
2540.171875	1490.000366
2543.192383	1473.378662
2546.211914	1458.381104
2549.230469	1477.757324
2552.24707	1462.749268
2555.262695	1504.262573
2558.277344	1491.711426
2561.291016	1465.211792
2564.303711	1482.984741
2567.31543	1485.180298
2570.325195	1524.31543
2573.333984	1473.152222
2576.341797	1497.525024
2579.348633	1507.945679
2582.354492	1534.815186
2585.359375	1502.49292
2588.363281	1501.408447
2591.365234	1543.11853
2594.366211	1506.64563
2597.366211	1499.795044
2600.365234	1512.713013
2603.363281	1500.913696
2606.360352	1484.157837
2609.355469	1530.901978
2612.350586	1510.843506
2615.34375	1513.057129
2618.335938	1502.059937
2621.327148	1562.095947
2624.317383	1568.461914
2627.306641	1526.057983
2630.293945	1557.224365
2633.280273	1540.430176
2636.266602	1487.208496
2639.250977	1492.72876
2642.234375	1523.099487
2645.216797	1562.606201
2648.197266	1496.050781
2651.177734	1577.033447
2654.157227	1582.595581
2657.134766	1520.950928
2660.111328	1532.306152
2663.086914	1548.651733
2666.061523	1548.395386
2669.035156	1578.885254
2672.007813	1568.663696
2674.978516	1574.234619
2677.949219	1552.356201
2680.917969	1552.098999
2683.885742	1547.678589
2686.852539	1563.242676
2689.818359	1560.488647
2692.783203	1579.402222
2695.74707	1594.160522
2698.708984	1600.588623
2701.670898	1612.027466
2704.630859	1604.276489
2707.589844	1597.35437
2710.547852	1607.968384
2713.504883	1632.795166
2716.460938	1678.538208
2719.416016	1654.907104
2722.369141	1662.210327
2725.322266	1680.397583
2728.273438	1638.322388
2731.223633	1646.463867
2734.173828	1692.311035
2737.12207	1685.39209
2740.069336	1651.639038
2743.014648	1627.925171
2745.959961	1654.534302
2748.904297	1627.446045
2751.84668	1635.601929
2754.788086	1621.084961
2757.729492	1601.515625
2760.668945	1635.727173
2763.607422	1604.375854
2766.544922	1617.583374
2769.481445	1613.12915
2772.416016	1633.083374
2775.350586	1612.630859
2778.28418	1623.332153
2781.21582	1586.005737
2784.146484	1590.803223
2787.077148	1612.470825
2790.005859	1581.003784
2792.933594	1640.661011
2795.860352	1660.68103
2798.785156	1656.222534
2801.709961	1618.809692
2804.633789	1611.796143
2807.555664	1638.597534
2810.477539	1667.109863
2813.397461	1633.875244
2816.316406	1630.241211
2819.234375	1663.861084
2822.151367	1676.328857
2825.067383	1676.942139
2827.982422	1688.575317
2830.896484	1728.200195
2833.80957	1726.286987
2836.720703	1811.778809
2839.631836	1826.023438
2842.541016	1988.043945
2845.450195	2078.821045
2848.357422	2273.345459
2851.263672	2382.145508
2854.168945	2479.968262
2857.073242	2476.618896
2859.976563	2600.079102
2862.878906	2714.263428
2865.779297	2806.385742
2868.679688	2994.001221
2871.579102	3103.338135
2874.476563	3276.701904
2877.374023	3239.512451
2880.269531	3319.191895
2883.164063	3287.964111
2886.057617	3273.790527
2888.950195	3325.378906
2891.841797	3364.186523
2894.732422	3382.505859
2897.62207	3464.117432
2900.510742	3480.773926
2903.398438	3564.19043
2906.28418	3663.931641
2909.169922	3862.227051
2912.053711	3920.169922
2914.9375	4183.832031
2917.819336	4257.363281
2920.700195	4315.509766
2923.581055	4451.769043
2926.459961	4512.601074
2929.337891	4714.277832
2932.214844	4678.196289
2935.09082	4725.426758
2937.96582	4740.889648
2940.838867	4656.626953
2943.711914	4448.447754
2946.583984	4253.883301
2949.454102	4103.07373
2952.324219	3866.050781
2955.193359	3642.637207
2958.060547	3610.349121
2960.926758	3653.02832
2963.792969	3584.503418
2966.657227	3554.744629
2969.520508	3428.318359
2972.382813	3393.301025
2975.244141	3330.624512
2978.104492	3197.931152
2980.963867	3063.413086
2983.822266	2914.96582
2986.679688	2874.507568
2989.536133	2798.551025
2992.390625	2749.366455
2995.245117	2580.677734
2998.098633	2475.08667
3000.950195	2473.378662
3003.801758	2309.606689
3006.651367	2246.282959
3009.500977	2094.451904
3012.348633	2024.063477
3015.195313	1997.018677
3018.041992	1936.094116
3020.886719	1885.547363
3023.730469	1880.142944
3026.573242	1865.173706
3029.415039	1842.368164
3032.255859	1818.676147
3035.095703	1831.509888
3037.93457	1818.240723
3040.772461	1774.487183
3043.609375	1762.929199
3046.445313	1813.226685
3049.280273	1833.924194
3052.114258	1897.361572
3054.946289	1914.614136
3057.77832	1960.673462
3060.609375	1923.841309
3063.438477	1935.008179
3066.267578	1985.490601
3069.094727	1994.938965
3071.921875	1843.552734
3074.74707	1864.324097
3077.572266	1815.129028
3080.395508	1810.5271
3083.21875	1774.407593
3086.040039	1704.109619
3088.860352	1736.254395
3091.679688	1720.223877
3094.499023	1719.96106
3097.316406	1703.912476
3100.132813	1713.292725
3102.948242	1703.372681
3105.762695	1681.154663
3108.576172	1722.150879
3111.388672	1711.343628
3114.201172	1703.164795
3117.011719	1715.199951
3119.821289	1714.051514
3122.629883	1682.989868
3125.436523	1758.395142
3128.243164	1695.632324
3131.048828	1723.536865
3133.853516	1707.410156
3136.657227	1683.3396
3139.459961	1689.227417
3142.261719	1702.174683
3145.0625	1687.780396
3147.861328	1652.193481
3150.660156	1663.374512
3153.458008	1671.030151
3156.254883	1660.136963
3159.049805	1711.104126
3161.844727	1676.344604
3164.638672	1706.125854
3167.430664	1714.693115
3170.222656	1674.586304
3173.013672	1665.439697
3175.802734	1640.343384
3178.591797	1649.784058
3181.379883	1695.571045
3184.166016	1670.457642
3186.952148	1711.848633
3189.737305	1715.115479
3192.520508	1697.969604
3195.303711	1700.345093
3198.084961	1670.745972
3200.866211	1664.528442
