399.363281	1083.056396
403.25	1091.792847
407.134766	1117.712646
411.017578	1057.737183
414.898438	1072.203491
418.777344	1070.757446
422.654297	1059.751099
426.53125	1057.660278
430.404297	1037.708862
434.277344	1017.739746
438.148438	1025.84082
442.017578	1030.755371
445.884766	1028.00708
449.751953	1036.761353
453.615234	1030.175781
457.478516	1030.621338
461.339844	1048.347534
465.199219	1020.627808
469.056641	1058.221924
472.912109	1008.052307
476.765625	1009.128906
480.619141	1017.902893
484.470703	1049.142944
488.320313	1000.165283
492.167969	1029.497314
496.013672	1018.376282
499.857422	1022.672241
503.699219	1026.328613
507.541016	1026.770996
511.380859	1024.639038
515.21875	1053.411987
519.054688	1038.405518
522.888672	1053.675171
526.720703	1061.865479
530.552734	1061.032593
534.380859	1051.164673
538.208984	1067.755859
542.035156	1050.777588
545.859375	1040.245483
549.683594	1052.327759
553.503906	1026.913208
557.324219	1015.062378
561.140625	1042.034668
564.957031	1037.949707
568.773438	1044.873169
572.585938	1031.064331
576.396484	986.771484
580.207031	1037.138306
584.015625	1016.818542
587.820313	989.340149
591.626953	988.465393
595.429688	1005.781982
599.230469	969.8125
603.03125	957.872498
606.828125	997.316711
610.625	982.123474
614.419922	987.752869
618.214844	1042.241821
622.005859	1034.867676
625.796875	1010.535889
629.583984	1022.708313
633.371094	1034.238281
637.15625	1013.138184
640.941406	1010.958801
644.722656	1029.03125
648.503906	1015.09082
652.283203	1044.296387
656.060547	1054.555054
659.835938	1053.696167
663.609375	1067.895508
667.382813	1053.2854
671.152344	1065.530151
674.921875	1041.072144
678.689453	1072.341675
682.455078	1021.619263
686.220703	1064.722168
689.982422	1036.937378
693.744141	1057.745483
697.503906	1071.998291
701.261719	1081.002686
705.017578	1080.80481
708.773438	1104.956421
712.525391	1100.159302
716.277344	1097.33374
720.027344	1145.903198
723.775391	1141.775635
727.523438	1128.411133
731.267578	1131.529663
735.011719	1132.010132
738.753906	1127.868408
742.494141	1152.790283
746.232422	1137.417847
749.970703	1191.456421
753.707031	1172.117798
757.439453	1154.085938
761.171875	1153.913208
764.904297	1170.959961
768.632813	1199.284912
772.361328	1188.52417
776.087891	1192.343384
779.8125	1228.673462
783.535156	1225.211426
787.255859	1219.754028
790.976563	1229.569946
794.695313	1168.286499
798.412109	1179.417969
802.126953	1221.153931
805.839844	1227.658691
809.552734	1200.884766
813.263672	1245.345459
816.972656	1223.21936
820.679688	1246.397705
824.384766	1264.927612
828.089844	1246.116089
831.791016	1219.279907
835.492188	1176.397095
839.193359	1197.599121
842.890625	1193.426758
846.587891	1203.288818
850.28125	1232.553345
853.974609	1257.158691
857.666016	1198.117188
861.357422	1262.23584
865.044922	1229.942139
868.732422	1207.673584
872.417969	1208.181885
876.101563	1196.616699
879.785156	1199.133301
883.464844	1195.609741
887.144531	1208.201172
890.822266	1175.115112
894.5	1180.986328
898.173828	1175.430542
901.847656	1208.215088
905.519531	1209.395508
909.189453	1196.4375
912.857422	1223.209106
916.523438	1196.768188
920.189453	1204.685791
923.853516	1197.098145
927.515625	1207.720703
931.177734	1202.827148
934.835938	1216.836792
938.494141	1217.34668
942.150391	1223.939209
945.804688	1211.605591
949.458984	1166.794067
953.109375	1199.086792
956.759766	1192.141968
960.408203	1229.212524
964.056641	1167.393433
967.701172	1186.182861
971.345703	1189.391357
974.988281	1222.45105
978.628906	1205.995239
982.267578	1204.462402
985.90625	1186.626099
989.542969	1170.813232
993.177734	1209.371216
996.810547	1255.441895
1000.443359	1326.044189
1004.074219	1343.613892
1007.703125	1248.842896
1011.330078	1225.520996
1014.955078	1203.542236
1018.580078	1191.089844
1022.203125	1215.458984
1025.824219	1223.471313
1029.443359	1253.334717
1033.0625	1217.661499
1036.679688	1219.534912
1040.294922	1244.64856
1043.908203	1228.755737
1047.519531	1196.431885
1051.130859	1198.982544
1054.740234	1204.958374
1058.347656	1180.11731
1061.953125	1184.033936
1065.558594	1237.308594
1069.162109	1239.880005
1072.763672	1259.604736
1076.363281	1253.950806
1079.962891	1250.351685
1083.560547	1276.973389
1087.15625	1254.13855
1090.75	1258.783813
1094.34375	1273.749146
1097.933594	1261.892456
1101.523438	1263.104004
1105.113281	1277.400024
1108.699219	1242.794922
1112.285156	1208.850098
1115.869141	1247.272339
1119.451172	1252.617188
1123.03125	1257.966187
1126.611328	1261.938599
1130.189453	1279.035767
1133.765625	1216.001343
1137.341797	1184.709229
1140.914063	1156.848511
1144.486328	1197.449219
1148.056641	1210.401245
1151.626953	1212.286133
1155.193359	1223.868896
1158.759766	1231.303589
1162.324219	1224.18689
1165.888672	1223.998901
1169.449219	1254.336182
1173.009766	1247.913208
1176.568359	1232.458252
1180.125	1205.876099
1183.681641	1283.509033
1187.236328	1231.898071
1190.789063	1252.574951
1194.339844	1193.950195
1197.890625	1241.078247
1201.439453	1279.888672
1204.986328	1309.674438
1208.53125	1285.12439
1212.076172	1335.852539
1215.619141	1305.014893
1219.160156	1403.939209
1222.699219	1354.255615
1226.238281	1406.490967
1229.775391	1417.54895
1233.310547	1409.744385
1236.84375	1398.437012
1240.376953	1427.691284
1243.908203	1411.482666
1247.4375	1409.261963
1250.964844	1395.833252
1254.492188	1432.139648
1258.017578	1379.455688
1261.541016	1383.527832
1265.064453	1363.049805
1268.583984	1369.223145
1272.103516	1388.741089
1275.623047	1409.679321
1279.138672	1385.663696
1282.654297	1386.934326
1286.167969	1404.380371
1289.679688	1459.831055
1293.191406	1450.575195
1296.701172	1473.700439
1300.208984	1477.121094
1303.714844	1536.214355
1307.220703	1492.429443
1310.722656	1528.302856
1314.226563	1511.994507
1317.726563	1548.610352
1321.226563	1551.361572
1324.724609	1490.537231
1328.220703	1503.866821
1331.714844	1562.454346
1335.208984	1591.383545
1338.701172	1560.192505
1342.191406	1575.694214
1345.681641	1514.728271
1349.169922	1490.550903
1352.65625	1469.896973
1356.140625	1439.299683
1359.625	1418.6073
1363.107422	1441.182739
1366.587891	1390.658447
1370.068359	1384.123291
1373.544922	1404.579834
1377.021484	1415.812988
1380.498047	1391.50293
1383.970703	1421.945068
1387.443359	1367.017456
1390.914063	1383.235474
1394.384766	1432.227417
1397.851563	1367.973511
1401.318359	1392.05127
1404.785156	1374.790283
1408.248047	1348.241455
1411.710938	1342.366333
1415.171875	1385.033691
1418.630859	1399.880493
1422.089844	1377.584351
1425.546875	1388.865479
1429.001953	1443.061157
1432.457031	1457.954346
1435.908203	1450.673218
1439.361328	1522.85791
1442.810547	1574.329346
1446.257813	1567.802002
1449.705078	1592.092896
1453.152344	1574.809692
1456.595703	1566.838501
1460.039063	1574.650024
1463.480469	1569.543579
1466.919922	1491.167114
1470.359375	1506.14209
1473.796875	1441.334229
1477.232422	1449.108765
1480.666016	1425.233398
1484.099609	1388.383057
1487.53125	1454.467163
1490.962891	1354.92981
1494.390625	1318.72583
1497.818359	1307.723999
1501.246094	1295.991699
1504.669922	1305.172852
1508.09375	1330.240112
1511.515625	1289.618896
1514.935547	1317.588989
1518.355469	1314.507202
1521.773438	1305.638916
1525.189453	1315.567383
1528.605469	1331.291748
1532.019531	1306.494629
1535.431641	1301.228149
1538.841797	1338.696777
1542.251953	1387.790405
1545.660156	1362.249634
1549.068359	1373.677246
1552.472656	1395.99707
1555.876953	1474.226074
1559.28125	1429.071289
1562.681641	1455.798096
1566.082031	1441.848633
1569.480469	1476.598755
1572.878906	1488.829346
1576.273438	1524.353027
1579.667969	1480.562988
1583.0625	1505.188232
1586.453125	1459.169067
1589.84375	1442.264038
1593.234375	1427.532227
1596.621094	1436.857422
1600.007813	1463.70166
1603.392578	1459.179077
1606.777344	1464.14563
1610.160156	1488.840332
1613.541016	1493.822021
1616.919922	1487.840454
1620.298828	1456.25415
1623.675781	1469.276489
1627.050781	1442.048584
1630.425781	1435.302979
1633.798828	1421.225586
1637.169922	1470.897461
1640.541016	1450.957031
1643.910156	1486.010498
1647.277344	1511.552612
1650.642578	1572.349609
1654.007813	1572.978027
1657.371094	1560.383057
1660.734375	1558.06665
1664.09375	1552.807129
1667.453125	1603.442871
1670.8125	1582.744263
1674.167969	1574.542725
1677.523438	1519.940674
1680.878906	1508.759888
1684.230469	1495.358765
1687.582031	1438.446777
1690.933594	1434.594727
1694.28125	1404.175903
1697.628906	1385.543091
1700.974609	1363.202759
1704.320313	1348.231812
1707.664063	1329.553467
1711.005859	1330.822144
1714.345703	1235.938354
1717.685547	1274.16687
1721.023438	1286.517456
1724.361328	1270.737671
1727.695313	1224.571533
1731.03125	1247.29187
1734.363281	1246.30481
1737.695313	1256.442261
1741.025391	1276.233398
1744.353516	1254.47168
1747.681641	1270.564209
1751.007813	1253.239502
1754.332031	1262.655151
1757.65625	1281.743042
1760.978516	1233.90686
1764.298828	1261.182495
1767.619141	1291.457031
1770.9375	1261.438354
1774.253906	1250.764282
1777.570313	1216.233643
1780.884766	1230.880737
1784.197266	1270.897461
1787.509766	1207.980103
1790.818359	1283.847046
1794.128906	1295.556152
1797.435547	1251.995117
1800.742188	1268.184082
1804.048828	1307.561279
1807.351563	1299.103638
1810.654297	1247.991821
1813.955078	1264.203491
1817.255859	1271.442261
1820.554688	1236.737793
1823.851563	1258.958374
1827.148438	1245.211792
1830.443359	1217.95459
1833.736328	1228.188965
1837.027344	1269.204224
1840.318359	1244.926758
1843.609375	1225.136597
1846.896484	1269.204224
1850.183594	1249.407471
1853.46875	1268.701294
1856.753906	1251.145142
1860.037109	1290.775391
1863.318359	1255.143066
1866.599609	1267.689209
1869.878906	1264.420776
1873.15625	1281.502808
1876.433594	1262.400146
1879.708984	1276.47644
1882.982422	1259.620239
1886.255859	1283.521118
1889.527344	1277.228149
1892.796875	1275.463501
1896.066406	1250.264282
1899.333984	1261.342407
1902.599609	1240.656128
1905.865234	1288.821533
1909.128906	1254.501465
1912.390625	1254.236694
1915.652344	1257.002197
1918.912109	1264.317383
1922.169922	1300.452637
1925.427734	1263.033936
1928.683594	1259.734863
1931.939453	1261.747192
1935.191406	1276.671875
1938.445313	1287.049194
1941.695313	1248.790161
1944.945313	1262.965942
1948.193359	1278.673828
1951.441406	1265.477295
1954.6875	1269.0177
1957.931641	1261.898926
1961.173828	1293.628784
1964.416016	1288.037598
1967.658203	1245.844238
1970.896484	1305.825806
1974.134766	1305.573242
1977.373047	1290.81665
1980.607422	1275.284546
1983.84375	1303.284668
1987.076172	1292.3302
1990.308594	1324.180908
1993.539063	1311.695679
1996.767578	1303.026123
1999.996094	1302.769165
2003.222656	1304.043213
2006.449219	1280.80481
2009.673828	1289.734009
2012.896484	1277.204102
2016.119141	1284.60437
2019.339844	1322.699097
2022.558594	1308.63147
2025.777344	1290.713379
2028.994141	1317.332275
2032.208984	1278.65564
2035.423828	1324.507935
2038.636719	1278.113037
2041.847656	1308.613892
2045.058594	1302.965942
2048.267578	1260.3573
2051.476563	1271.630371
2054.683594	1293.699219
2057.888672	1277.244019
2061.09375	1309.355957
2064.296875	1297.521973
2067.498047	1304.199585
2070.699219	1277.685547
2073.898438	1312.16333
2077.097656	1336.623657
2080.292969	1310.863159
2083.490234	1345.393188
2086.683594	1320.388916
2089.876953	1317.03186
2093.068359	1274.966187
2096.259766	1328.120483
2099.449219	1304.618896
2102.636719	1329.14978
2105.824219	1305.629761
2109.009766	1292.949829
2112.195313	1301.209595
2115.378906	1334.314209
2118.560547	1304.546387
2121.742188	1324.471436
2124.921875	1312.549927
2128.099609	1303.728394
2131.277344	1292.56665
2134.453125	1330.411133
2137.626953	1327.033569
2140.800781	1349.347534
2143.972656	1316.375122
2147.144531	1292.727661
2150.314453	1343.89563
2153.482422	1285.147705
2156.650391	1291.884644
2159.816406	1324.380493
2162.980469	1293.662231
2166.144531	1337.89856
2169.306641	1350.915527
2172.46875	1313.136475
2175.628906	1295.658081
2178.787109	1300.068359
2181.945313	1317.002319
2185.101563	1341.777222
2188.255859	1303.920166
2191.410156	1334.976074
2194.564453	1291.600464
2197.714844	1281.904785
2200.865234	1345.145142
2204.013672	1318.199951
2207.162109	1288.093872
2210.308594	1313.716797
2213.455078	1333.074829
2216.599609	1307.653931
2219.742188	1345.891357
2222.884766	1369.215332
2226.025391	1389.409912
2229.164063	1334.062134
2232.302734	1355.04541
2235.439453	1318.545166
2238.576172	1300.139771
2241.710938	1330.592407
2244.84375	1335.833862
2247.976563	1326.090576
2251.107422	1360.533203
2254.236328	1351.580688
2257.365234	1331.564087
2260.492188	1314.692261
2263.619141	1353.133911
2266.744141	1344.163574
2269.867188	1329.64917
2272.990234	1322.244995
2276.111328	1346.498535
2279.232422	1325.632202
2282.351563	1335.645386
2285.46875	1358.345825
2288.585938	1331.909546
2291.701172	1341.935669
2294.816406	1323.406372
2297.929688	1321.53064
2301.041016	1342.679565
2304.152344	1347.957886
2307.261719	1334.169067
2310.369141	1345.012085
2313.476563	1324.849121
2316.583984	1328.536377
2319.6875	1326.655396
2322.791016	1360.598755
2325.894531	1451.11499
2328.996094	1460.432007
2332.095703	1445.84436
2335.195313	1364.2677
2338.292969	1378.347168
2341.388672	1388.447266
2344.484375	1346.667725
2347.578125	1332.805786
2350.671875	1335.709351
2353.763672	1343.40979
2356.853516	1362.308472
2359.943359	1298.84375
2363.03125	1316.139038
2366.119141	1326.243652
2369.205078	1357.974365
2372.289063	1340.868042
2375.373047	1340.575806
2378.457031	1352.307007
2381.537109	1307.111328
2384.617188	1325.255859
2387.697266	1323.35083
2390.773438	1335.894897
2393.851563	1364.510742
2396.925781	1344.138672
2400	1350.274048
2403.074219	1382.143066
2406.146484	1368.992676
2409.216797	1342.152954
2412.286133	1374.859131
2415.355469	1378.600464
2418.421875	1399.260986
2421.488281	1388.508179
2424.553711	1322.927246
2427.617188	1362.944702
2430.679688	1390.890381
2433.741211	1398.67981
2436.801758	1370.949585
2439.861328	1400.544434
2442.918945	1382.489258
2445.976563	1334.512939
2449.032227	1375.447144
2452.086914	1365.450195
2455.140625	1379.722168
2458.192383	1403.71875
2461.243164	1351.609009
2464.293945	1361.030151
2467.342773	1367.216187
2470.390625	1325.57251
2473.436523	1384.467651
2476.482422	1342.798462
2479.526367	1372.523926
2482.569336	1402.271606
2485.611328	1342.690918
2488.652344	1357.01001
2491.692383	1376.216919
2494.730469	1379.174072
2497.768555	1404.911011
2500.804688	1402.997803
2503.839844	1400.268555
2506.873047	1394.279419
2509.90625	1377.69397
2512.938477	1426.297974
2515.96875	1373.021484
2518.998047	1400.452881
2522.026367	1418.113281
2525.053711	1387.627808
2528.079102	1404.479492
2531.104492	1391.119385
2534.12793	1432.499512
2537.150391	1385.622803
2540.171875	1398.408691
2543.192383	1391.569824
2546.211914	1383.906982
2549.230469	1392.612305
2552.24707	1360.373291
2555.262695	1429.704834
2558.277344	1383.521362
2561.291016	1388.958496
2564.303711	1369.792358
2567.31543	1421.998657
2570.325195	1419.246826
2573.333984	1409.92334
2576.341797	1400.592529
2579.348633	1403.581055
2582.354492	1396.706543
2585.359375	1384.892212
2588.363281	1396.104126
2591.365234	1364.52832
2594.366211	1408.672485
2597.366211	1426.493652
2600.365234	1478.108521
2603.363281	1382.22522
2606.360352	1394.283936
2609.355469	1431.921143
2612.350586	1422.552856
2615.34375	1454.449951
2618.335938	1437.650513
2621.327148	1388.621582
2624.317383	1425.498901
2627.306641	1423.549194
2630.293945	1417.462891
2633.280273	1464.318726
2636.266602	1461.552734
2639.250977	1468.719238
2642.234375	1427.854004
2645.216797	1449.92627
2648.197266	1474.501099
2651.177734	1460.124023
2654.157227	1446.565308
2657.134766	1429.677246
2660.111328	1450.959473
2663.086914	1420.773804
2666.061523	1447.052002
2669.035156	1446.757568
2672.007813	1455.606812
2674.978516	1489.410645
2677.949219	1484.139038
2680.917969	1467.212036
2683.885742	1466.090332
2686.852539	1446.644897
2689.818359	1471.341675
2692.783203	1470.219238
2695.74707	1449.919067
2698.708984	1496.329346
2701.670898	1455.163574
2704.630859	1479.907471
2707.589844	1536.399414
2710.547852	1507.731323
2713.504883	1449.795166
2716.460938	1529.743408
2719.416016	1508.566162
2722.369141	1514.142212
2725.322266	1528.92749
2728.273438	1479.261963
2731.223633	1522.518433
2734.173828	1533.970947
2737.12207	1547.945923
2740.069336	1602.173706
2743.014648	1516.377563
2745.959961	1551.335693
2748.904297	1541.835083
2751.84668	1528.96875
2754.788086	1578.248047
2757.729492	1556.14209
2760.668945	1552.511841
2763.607422	1528.697754
2766.544922	1528.418701
2769.481445	1521.407227
2772.416016	1519.440918
2775.350586	1519.157104
2778.28418	1499.497314
2781.21582	1524.486938
2784.146484	1546.122559
2787.077148	1510.42627
2790.005859	1516.04248
2792.933594	1493.811768
2795.860352	1496.048218
2798.785156	1522.778809
2801.709961	1498.835205
2804.633789	1504.455811
2807.555664	1493.169922
2810.477539	1530.087036
2813.397461	1578.03064
2816.316406	1509.200439
2819.234375	1535.155273
2822.151367	1528.940674
2825.067383	1534.584229
2827.982422	1577.529419
2830.896484	1582.346191
2833.80957	1590.559326
2836.720703	1660.726563
2839.631836	1741.131592
2842.541016	1766.395264
2845.450195	1942.045288
2848.357422	2030.288696
2851.263672	2110.944824
2854.168945	2104.060791
2857.073242	2198.414063
2859.976563	2248.579102
2862.878906	2329.430664
2865.779297	2467.405029
2868.679688	2556.0625
2871.579102	2638.817383
2874.476563	2741.24292
2877.374023	2720.91748
2880.269531	2792.72876
2883.164063	2858.616699
2886.057617	2828.916992
2888.950195	2849.592529
2891.841797	2821.575684
2894.732422	2885.003174
2897.62207	2860.397949
2900.510742	2956.391113
2903.398438	2960.887939
2906.28418	3000.486084
2909.169922	3085.499756
2912.053711	3184.28125
2914.9375	3320.841553
2917.819336	3395.774414
2920.700195	3496.489258
2923.581055	3634.167236
2926.459961	3710.151123
2929.337891	3729.525146
2932.214844	3772.101807
2935.09082	3786.355713
2937.96582	3789.445801
2940.838867	3686.783203
2943.711914	3565.983154
2946.583984	3371.099121
2949.454102	3310.34668
2952.324219	3209.080566
2955.193359	3079.316162
2958.060547	3021.836426
2960.926758	2984.139648
2963.792969	2959.349365
2966.657227	2876.746826
2969.520508	2841.543457
2972.382813	2795.092529
2975.244141	2718.383789
2978.104492	2659.759766
2980.963867	2614.054932
2983.822266	2510.397705
2986.679688	2472.387939
2989.536133	2436.080322
2992.390625	2259.551514
2995.245117	2131.375
2998.098633	2119.1521
3000.950195	2088.727295
3003.801758	1962.082275
3006.651367	1890.830933
3009.500977	1842.076904
3012.348633	1776.803345
3015.195313	1813.893555
3018.041992	1752.903076
3020.886719	1733.557129
3023.730469	1655.985474
3026.573242	1705.251953
3029.415039	1656.305542
3032.255859	1716.044067
3035.095703	1652.27417
3037.93457	1653.737305
3040.772461	1632.562988
3043.609375	1672.343872
3046.445313	1641.575684
3049.280273	1682.259277
3052.114258	1680.246216
3054.946289	1721.844238
3057.77832	1714.607666
3060.609375	1760.611572
3063.438477	1780.452026
3066.267578	1778.468506
3069.094727	1763.375732
3071.921875	1742.152954
3074.74707	1668.447632
3077.572266	1586.816406
3080.395508	1633.762207
3083.21875	1594.078003
3086.040039	1627.048096
3088.860352	1662.669434
3091.679688	1589.651611
3094.499023	1639.310425
3097.316406	1583.770508
3100.132813	1590.476074
3102.948242	1568.226074
3105.762695	1590.732178
3108.576172	1570.222168
3111.388672	1613.828735
3114.201172	1581.886841
3117.011719	1587.724854
3119.821289	1573.339233
3122.629883	1639.001587
3125.436523	1576.218994
3128.243164	1560.052124
3131.048828	1600.238403
3133.853516	1582.305786
3136.657227	1592.562622
3139.459961	1604.589722
3142.261719	1578.700806
3145.0625	1596.906738
3147.861328	1554.226929
3150.660156	1536.237549
3153.458008	1549.147461
3156.254883	1562.06604
3159.049805	1556.432983
3161.844727	1558.75293
3164.638672	1548.69165
3167.430664	1551.009888
3170.222656	1585.192383
3173.013672	1595.493042
3175.802734	1557.086182
3178.591797	1534.600464
3181.379883	1603.391479
3184.166016	1580.018799
3186.952148	1607.186401
3189.737305	1607.754395
3192.520508	1571.93103
3195.303711	1572.486328
3198.084961	1605.905762
3200.866211	1605.017578
