399.363281	1181.573853
403.25	1155.380127
407.134766	1162.243042
411.017578	1157.019409
414.898438	1169.618652
418.777344	1142.73584
422.654297	1154.701782
426.53125	1123.963257
430.404297	1111.056396
434.277344	1124.937378
438.148438	1153.512329
442.017578	1118.886963
445.884766	1105.315186
449.751953	1101.958374
453.615234	1134.408325
457.478516	1135.538818
461.339844	1105.30896
465.199219	1092.980957
469.056641	1140.855469
472.912109	1119.559692
476.765625	1114.273193
480.619141	1124.375366
484.470703	1158.869751
488.320313	1108.65564
492.167969	1104.638428
496.013672	1088.40979
499.857422	1104.948853
503.699219	1136.935425
507.541016	1157.369019
511.380859	1141.777466
515.21875	1155.79126
519.054688	1135.675537
522.888672	1136.809082
526.720703	1106.99646
530.552734	1101.022827
534.380859	1131.824951
538.208984	1149.741943
542.035156	1167.02832
545.859375	1144.27002
549.683594	1171.9104
553.503906	1147.19397
557.324219	1123.102783
561.140625	1147.532593
564.957031	1129.247803
568.773438	1132.323853
572.585938	1110.775757
576.396484	1098.934082
580.207031	1079.947021
584.015625	1066.134521
587.820313	1113.981445
591.626953	1134.591919
595.429688	1128.580933
599.230469	1110.214355
603.03125	1104.837402
606.828125	1075.384521
610.625	1058.272217
614.419922	1106.908325
618.214844	1122.364258
622.005859	1148.26001
625.796875	1116.805176
629.583984	1113.369263
633.371094	1087.092163
637.15625	1153.489136
640.941406	1157.247437
644.722656	1151.208252
648.503906	1143.202759
652.283203	1120.803955
656.060547	1144.833374
659.835938	1123.069946
663.609375	1139.917847
667.382813	1143.679321
671.152344	1166.44751
674.921875	1167.600464
678.689453	1147.110474
682.455078	1159.409912
686.220703	1165.811646
689.982422	1170.248535
693.744141	1189.799438
697.503906	1167.301636
701.261719	1202.648315
705.017578	1197.897583
708.773438	1216.175903
712.525391	1203.525513
716.277344	1273.855713
720.027344	1257.264648
723.775391	1280.871826
727.523438	1301.201172
731.267578	1253.589722
735.011719	1262.702881
738.753906	1230.221802
742.494141	1259.811523
746.232422	1289.426025
749.970703	1283.361206
753.707031	1326.23938
757.439453	1318.199097
761.171875	1303.531372
764.904297	1295.473877
768.632813	1304.636475
772.361328	1303.863403
776.087891	1340.225708
779.8125	1404.482666
783.535156	1360.608521
787.255859	1371.808228
790.976563	1351.131958
794.695313	1346.387085
798.412109	1331.665283
802.126953	1354.177246
805.839844	1368.057617
809.552734	1375.292603
813.263672	1365.218262
816.972656	1379.786011
820.679688	1376.369629
824.384766	1336.942505
828.089844	1354.851074
831.791016	1349.416504
835.492188	1343.309326
839.193359	1341.872192
842.890625	1361.816162
846.587891	1367.738281
850.28125	1374.33374
853.974609	1414.387207
857.666016	1390.217529
861.357422	1386.115723
865.044922	1380.670288
868.732422	1345.061523
872.417969	1344.286743
876.101563	1348.206055
879.785156	1355.483521
883.464844	1311.075684
887.144531	1356.623901
890.822266	1355.178467
894.5	1348.354248
898.173828	1391.957153
901.847656	1335.360229
905.519531	1335.921021
909.189453	1296.084473
912.857422	1345.125854
916.523438	1347.038086
920.189453	1380.635986
923.853516	1342.773193
927.515625	1352.107422
931.177734	1378.998779
934.835938	1343.112305
938.494141	1351.781738
942.150391	1371.947388
945.804688	1336.687622
949.458984	1352.804688
953.109375	1335.777222
956.759766	1339.721191
960.408203	1359.244873
964.056641	1365.911377
967.701172	1348.181519
971.345703	1348.067261
974.988281	1349.987549
978.628906	1371.590576
982.267578	1361.300415
985.90625	1379.529297
989.542969	1395.734497
993.177734	1412.632568
996.810547	1426.824097
1000.443359	1479.808228
1004.074219	1545.087891
1007.703125	1434.058472
1011.330078	1386.289673
1014.955078	1367.785522
1018.580078	1401.081665
1022.203125	1386.659912
1025.824219	1343.566772
1029.443359	1411.70813
1033.0625	1423.223022
1036.679688	1397.853516
1040.294922	1374.512939
1043.908203	1403.120117
1047.519531	1334.613281
1051.130859	1371.438965
1054.740234	1395.286987
1058.347656	1373.949707
1061.953125	1393.021362
1065.558594	1380.575928
1069.162109	1418.181396
1072.763672	1421.514771
1076.363281	1446.127197
1079.962891	1447.414185
1083.560547	1443.893555
1087.15625	1420.440796
1090.75	1476.028931
1094.34375	1442.252686
1097.933594	1438.722534
1101.523438	1488.191162
1105.113281	1466.083374
1108.699219	1473.580078
1112.285156	1456.271484
1115.869141	1456.874756
1119.451172	1437.474854
1123.03125	1513.285767
1126.611328	1505.628052
1130.189453	1506.251099
1133.765625	1419.819702
1137.341797	1445.981201
1140.914063	1408.547729
1144.486328	1375.233521
1148.056641	1367.497314
1151.626953	1378.44751
1155.193359	1390.098999
1158.759766	1416.310913
1162.324219	1412.043457
1165.888672	1433.430908
1169.449219	1455.529541
1173.009766	1476.257813
1176.568359	1427.568481
1180.125	1415.654053
1183.681641	1416.237915
1187.236328	1414.736206
1190.789063	1409.059937
1194.339844	1416.598267
1197.890625	1453.377197
1201.439453	1478.348022
1204.986328	1519.361694
1208.53125	1508.139526
1212.076172	1553.381714
1215.619141	1548.440918
1219.160156	1586.758301
1222.699219	1636.275879
1226.238281	1641.138916
1229.775391	1632.032593
1233.310547	1660.660767
1236.84375	1654.350952
1240.376953	1681.611938
1243.908203	1660.609009
1247.4375	1635.388062
1250.964844	1661.973022
1254.492188	1664.056519
1258.017578	1655.627197
1261.541016	1654.202759
1265.064453	1619.103882
1268.583984	1629.59314
1272.103516	1602.879639
1275.623047	1604.239014
1279.138672	1594.356445
1282.654297	1668.820068
1286.167969	1657.548462
1289.679688	1689.182739
1293.191406	1776.444336
1296.701172	1772.242798
1300.208984	1785.647217
1303.714844	1734.935669
1307.220703	1812.487549
1310.722656	1823.102417
1314.226563	1820.320068
1317.726563	1771.655396
1321.226563	1799.918335
1324.724609	1804.892334
1328.220703	1797.855835
1331.714844	1826.16272
1335.208984	1849.541382
1338.701172	1827.654053
1342.191406	1812.827026
1345.681641	1765.412598
1349.169922	1783.135254
1352.65625	1714.407349
1356.140625	1722.196533
1359.625	1737.793945
1363.107422	1703.022461
1366.587891	1737.080811
1370.068359	1688.076416
1373.544922	1667.450073
1377.021484	1682.343994
1380.498047	1699.382813
1383.970703	1636.05481
1387.443359	1686.533813
1390.914063	1677.253174
1394.384766	1722.091431
1397.851563	1679.329956
1401.318359	1652.214355
1404.785156	1620.797974
1408.248047	1614.322998
1411.710938	1645.665527
1415.171875	1609.209229
1418.630859	1622.718628
1422.089844	1632.666138
1425.546875	1644.050781
1429.001953	1714.082031
1432.457031	1678.292847
1435.908203	1749.109619
1439.361328	1822.131348
1442.810547	1862.980347
1446.257813	1912.460571
1449.705078	1891.730347
1453.152344	1872.417236
1456.595703	1840.891846
1460.039063	1877.522583
1463.480469	1883.308716
1466.919922	1810.087158
1470.359375	1778.483521
1473.796875	1756.918091
1477.232422	1726.704834
1480.666016	1728.841919
1484.099609	1690.674805
1487.53125	1675.517456
1490.962891	1635.856323
1494.390625	1612.016235
1497.818359	1549.227661
1501.246094	1533.265747
1504.669922	1558.415283
1508.09375	1553.991943
1511.515625	1523.569946
1514.935547	1514.071533
1518.355469	1544.311035
1521.773438	1543.487915
1525.189453	1532.538452
1528.605469	1566.438477
1532.019531	1630.765869
1535.431641	1606.078979
1538.841797	1613.245483
1542.251953	1603.749512
1545.660156	1618.894897
1549.068359	1639.129028
1552.472656	1689.127441
1555.876953	1704.324341
1559.28125	1690.486816
1562.681641	1750.008789
1566.082031	1720.189453
1569.480469	1749.962158
1572.878906	1797.941406
1576.273438	1786.294312
1579.667969	1837.965332
1583.0625	1848.898315
1586.453125	1788.447388
1589.84375	1738.87915
1593.234375	1742.493408
1596.621094	1700.15979
1600.007813	1773.078247
1603.392578	1793.498169
1606.777344	1795.677856
1610.160156	1751.104248
1613.541016	1770.076782
1616.919922	1727.649658
1620.298828	1764.91272
1623.675781	1749.521973
1627.050781	1724.602295
1630.425781	1737.009521
1633.798828	1723.785522
1637.169922	1751.591919
1640.541016	1789.684692
1643.910156	1817.53894
1647.277344	1814.596924
1650.642578	1874.046875
1654.007813	1898.295166
1657.371094	1924.766235
1660.734375	1880.703979
1664.09375	1930.715698
1667.453125	1888.826294
1670.8125	1867.505859
1674.167969	1814.515137
1677.523438	1797.56543
1680.878906	1735.663208
1684.230469	1773.2052
1687.582031	1739.259766
1690.933594	1762.080688
1694.28125	1651.363892
1697.628906	1642.425781
1700.974609	1640.864868
1704.320313	1580.940308
1707.664063	1543.878296
1711.005859	1511.222412
1714.345703	1502.948364
1717.685547	1506.506226
1721.023438	1508.58606
1724.361328	1486.22998
1727.695313	1504.600586
1731.03125	1521.503296
1734.363281	1516.918335
1737.695313	1540.513916
1741.025391	1498.09021
1744.353516	1492.004761
1747.681641	1510.419312
1751.007813	1442.674072
1754.332031	1514.591675
1757.65625	1469.097534
1760.978516	1470.424316
1764.298828	1496.305664
1767.619141	1468.613647
1770.9375	1451.324341
1774.253906	1495.106567
1777.570313	1472.59668
1780.884766	1466.470337
1784.197266	1459.593018
1787.509766	1487.777832
1790.818359	1431.638794
1794.128906	1469.541504
1797.435547	1465.641113
1800.742188	1474.441406
1804.048828	1492.967285
1807.351563	1515.994873
1810.654297	1454.494019
1813.955078	1485.008667
1817.255859	1467.624756
1820.554688	1469.702881
1823.851563	1456.794678
1827.148438	1460.368896
1830.443359	1511.193726
1833.736328	1500.536255
1837.027344	1466.602661
1840.318359	1500.970093
1843.609375	1473.018433
1846.896484	1475.102295
1850.183594	1489.967285
1853.46875	1486.794556
1856.753906	1500.922729
1860.037109	1475.171875
1863.318359	1505.117554
1866.599609	1462.776245
1869.878906	1480.683472
1873.15625	1509.911865
1876.433594	1495.423828
1879.708984	1516.381592
1882.982422	1479.242554
1886.255859	1470.764282
1889.527344	1463.789551
1892.796875	1490.055786
1896.066406	1467.208496
1899.333984	1480.640503
1902.599609	1450.205933
1905.865234	1474.236328
1909.128906	1466.487305
1912.390625	1462.518799
1915.652344	1521.434814
1918.912109	1518.241943
1922.169922	1492.297852
1925.427734	1488.331909
1928.683594	1463.872681
1931.939453	1442.430664
1935.191406	1493.121216
1938.445313	1516.499512
1941.695313	1426.645874
1944.945313	1482.711426
1948.193359	1468.078857
1951.441406	1476.263306
1954.6875	1477.602539
1957.931641	1469.042236
1961.173828	1509.233521
1964.416016	1504.488892
1967.658203	1553.874146
1970.896484	1497.275635
1974.134766	1512.359009
1977.373047	1496.9198
1980.607422	1512.014038
1983.84375	1558.441284
1987.076172	1469.633911
1990.308594	1491.614868
1993.539063	1518.966553
1996.767578	1488.188965
1999.996094	1476.522705
2003.222656	1499.305054
2006.449219	1519.040649
2009.673828	1474.419556
2012.896484	1495.693359
2016.119141	1432.62146
2019.339844	1483.81665
2022.558594	1534.283936
2025.777344	1500.32959
2028.994141	1484.015137
2032.208984	1495.35083
2035.423828	1492.858032
2038.636719	1547.270508
2041.847656	1501.713257
2045.058594	1489.983521
2048.267578	1506.731323
2051.476563	1511.168213
2054.683594	1521.001831
2057.888672	1503.864136
2061.09375	1499.050659
2064.296875	1492.690308
2067.498047	1485.552856
2070.699219	1510.062134
2073.898438	1522.233032
2077.097656	1501.963257
2080.292969	1508.72937
2083.490234	1502.355713
2086.683594	1520.729126
2089.876953	1531.378418
2093.068359	1497.911011
2096.259766	1522.498413
2099.449219	1539.3573
2102.636719	1501.978027
2105.824219	1503.334961
2109.009766	1527.961182
2112.195313	1509.154785
2115.378906	1480.242676
2118.560547	1510.32312
2121.742188	1534.211792
2124.921875	1498.280762
2128.099609	1533.066406
2131.277344	1486.218384
2134.453125	1512.467285
2137.626953	1501.376953
2140.800781	1521.422485
2143.972656	1522.789063
2147.144531	1506.234131
2150.314453	1537.217041
2153.482422	1551.067261
2156.650391	1485.355347
2159.816406	1524.169067
2162.980469	1532.564209
2166.144531	1520.658813
2169.306641	1553.279419
2172.46875	1503.853882
2175.628906	1531.800903
2178.787109	1535.52002
2181.945313	1511.852905
2185.101563	1528.874512
2188.255859	1506.752197
2191.410156	1570.790527
2194.564453	1537.694214
2197.714844	1534.365601
2200.865234	1491.032593
2204.013672	1526.130249
2207.162109	1517.297607
2210.308594	1530.444702
2213.455078	1513.750854
2216.599609	1495.471924
2219.742188	1492.901733
2222.884766	1516.282104
2226.025391	1530.239136
2229.164063	1519.807617
2232.302734	1529.839111
2235.439453	1506.008545
2238.576172	1479.79541
2241.710938	1499.28125
2244.84375	1555.055786
2247.976563	1544.607544
2251.107422	1525.470215
2254.236328	1547.370361
2257.365234	1536.116455
2260.492188	1516.162598
2263.619141	1515.162231
2266.744141	1534.718628
2269.867188	1544.006714
2272.990234	1538.26709
2276.111328	1511.149658
2279.232422	1538.651978
2282.351563	1525.772827
2285.46875	1538.24353
2288.585938	1525.353638
2291.701172	1533.867432
2294.816406	1529.692749
2297.929688	1497.734741
2301.041016	1498.306519
2304.152344	1509.204468
2307.261719	1538.386719
2310.369141	1552.487305
2313.476563	1563.417358
2316.583984	1523.441528
2319.6875	1538.34729
2322.791016	1573.16748
2325.894531	1630.314209
2328.996094	1673.959473
2332.095703	1647.497437
2335.195313	1602.675659
2338.292969	1545.057007
2341.388672	1566.391968
2344.484375	1539.847046
2347.578125	1537.238647
2350.671875	1524.242432
2353.763672	1511.236084
2356.853516	1565.37561
2359.943359	1555.573364
2363.03125	1565.765381
2366.119141	1534.344727
2369.205078	1547.738525
2372.289063	1533.107178
2375.373047	1568.946411
2378.457031	1534.27124
2381.537109	1510.796143
2384.617188	1561.908569
2387.697266	1565.71106
2390.773438	1566.304688
2393.851563	1488.995239
2396.925781	1548.209961
2400	1583.357056
2403.074219	1559.835693
2406.146484	1522.622314
2409.216797	1552.166138
2412.286133	1555.973389
2415.355469	1516.299438
2418.421875	1560.373413
2421.488281	1556.934326
2424.553711	1589.769897
2427.617188	1538.75647
2430.679688	1532.883911
2433.741211	1568.974976
2436.801758	1555.034668
2439.861328	1562.083618
2442.918945	1571.561523
2445.976563	1547.90564
2449.032227	1546.064087
2452.086914	1546.647461
2455.140625	1563.415405
2458.192383	1525.147705
2461.243164	1606.706055
2464.293945	1601.640747
2467.342773	1580.362549
2470.390625	1594.740723
2473.436523	1618.051025
2476.482422	1587.828735
2479.526367	1549.466797
2482.569336	1577.656982
2485.611328	1600.182251
2488.652344	1575.594238
2491.692383	1551.800415
2494.730469	1597.109619
2497.768555	1591.202148
2500.804688	1600.752075
2503.839844	1622.520508
2506.873047	1607.65625
2509.90625	1553.673828
2512.938477	1559.147461
2515.96875	1624.959473
2518.998047	1601.10022
2522.026367	1609.044556
2525.053711	1593.323242
2528.079102	1603.719482
2531.104492	1577.36438
2534.12793	1584.493164
2537.150391	1579.364746
2540.171875	1599.583252
2543.192383	1580.548462
2546.211914	1593.416382
2549.230469	1604.656128
2552.24707	1583.962646
2555.262695	1618.966675
2558.277344	1602.360352
2561.291016	1602.139893
2564.303711	1578.131958
2567.31543	1640.262695
2570.325195	1604.758545
2573.333984	1636.562134
2576.341797	1600.207764
2579.348633	1622.171509
2582.354492	1655.6604
2585.359375	1614.337036
2588.363281	1654.428711
2591.365234	1594.144287
2594.366211	1621.908081
2597.366211	1638.985229
2600.365234	1643.715942
2603.363281	1621.250488
2606.360352	1625.977417
2609.355469	1670.299805
2612.350586	1613.986938
2615.34375	1627.795288
2618.335938	1635.007446
2621.327148	1636.442139
2624.317383	1659.363403
2627.306641	1710.408447
2630.293945	1663.90625
2633.280273	1687.689331
2636.266602	1662.661011
2639.250977	1700.535156
2642.234375	1683.774414
2645.216797	1613.974976
2648.197266	1676.737305
2651.177734	1692.284546
2654.157227	1692.083374
2657.134766	1701.008911
2660.111328	1670.927612
2663.086914	1680.681641
2666.061523	1652.230957
2669.035156	1656.998535
2672.007813	1699.177856
2674.978516	1709.786865
2677.949219	1644.698853
2680.917969	1704.396118
2683.885742	1703.362183
2686.852539	1662.350708
2689.818359	1709.622437
2692.783203	1698.58667
2695.74707	1729.230591
2698.708984	1726.533936
2701.670898	1700.472046
2704.630859	1716.125122
2707.589844	1719.264404
2710.547852	1743.288208
2713.504883	1718.028076
2716.460938	1788.044434
2719.416016	1747.729126
2722.369141	1750.883789
2725.322266	1813.456909
2728.273438	1768.082153
2731.223633	1789.671021
2734.173828	1787.817627
2737.12207	1771.714966
2740.069336	1795.843018
2743.014648	1797.343506
2745.959961	1779.547241
2748.904297	1801.185669
2751.84668	1748.112427
2754.788086	1724.397705
2757.729492	1783.009521
2760.668945	1737.434692
2763.607422	1733.028564
2766.544922	1806.00708
2769.481445	1781.426392
2772.416016	1713.053955
2775.350586	1759.999146
2778.28418	1776.651611
2781.21582	1752.865112
2784.146484	1731.589722
2787.077148	1756.682373
2790.005859	1778.418335
2792.933594	1785.822388
2795.860352	1734.13269
2798.785156	1744.05896
2801.709961	1704.988403
2804.633789	1736.040527
2807.555664	1682.564087
2810.477539	1755.075073
2813.397461	1805.639404
2816.316406	1764.824951
2819.234375	1787.48645
2822.151367	1804.234619
2825.067383	1798.115845
2827.982422	1772.495483
2830.896484	1852.00647
2833.80957	1847.59375
2836.720703	1866.089722
2839.631836	2011.936646
2842.541016	2066.172852
2845.450195	2217.295898
2848.357422	2414.42041
2851.263672	2434.005127
2854.168945	2554.80957
2857.073242	2571.05542
2859.976563	2634.122803
2862.878906	2722.777344
2865.779297	2809.792725
2868.679688	2952.252197
2871.579102	3086.291504
2874.476563	3183.76416
2877.374023	3263.39502
2880.269531	3235.572021
2883.164063	3273.453369
2886.057617	3265.251709
2888.950195	3280.960938
2891.841797	3319.752197
2894.732422	3398.747559
2897.62207	3342.689453
2900.510742	3473.075195
2903.398438	3505.143799
2906.28418	3621.128662
2909.169922	3696.091309
2912.053711	3771.107422
2914.9375	3991.008789
2917.819336	4037.036621
2920.700195	4207.450684
2923.581055	4234.714355
2926.459961	4287.743652
2929.337891	4418.07959
2932.214844	4462.623047
2935.09082	4426.436035
2937.96582	4492.5
2940.838867	4341.943848
2943.711914	4278.147461
2946.583984	4067.173584
2949.454102	3887.892822
2952.324219	3686.094482
2955.193359	3718.435547
2958.060547	3587.084473
2960.926758	3549.592041
2963.792969	3555.185791
2966.657227	3399.478027
2969.520508	3306.648926
2972.382813	3255.186523
2975.244141	3146.693359
2978.104492	3064.036133
2980.963867	2996.873535
2983.822266	2997.954102
2986.679688	2910.828125
2989.536133	2763.94751
2992.390625	2630.806885
2995.245117	2592.797607
2998.098633	2540.038086
3000.950195	2337.364502
3003.801758	2296.606934
3006.651367	2286.162842
3009.500977	2165.567871
3012.348633	2129.908203
3015.195313	2046.488525
3018.041992	2022.046265
3020.886719	2029.720947
3023.730469	1924.453125
3026.573242	1926.013428
3029.415039	1912.793823
3032.255859	1899.564209
3035.095703	1948.099976
3037.93457	1933.131958
3040.772461	1946.885742
3043.609375	1952.809937
3046.445313	1931.726807
3049.280273	1933.290771
3052.114258	2007.227173
3054.946289	1955.610352
3057.77832	2025.244019
3060.609375	2046.045288
3063.438477	2059.002441
3066.267578	2031.786743
3069.094727	2008.920166
3071.921875	1968.554199
3074.74707	1908.046509
3077.572266	1905.22937
3080.395508	1898.034424
3083.21875	1847.940063
3086.040039	1861.735352
3088.860352	1855.391968
3091.679688	1812.237915
3094.499023	1814.637817
3097.316406	1812.654175
3100.132813	1830.845825
3102.948242	1820.090088
3105.762695	1839.174438
3108.576172	1824.022095
3111.388672	1823.793335
3114.201172	1832.352173
3117.011719	1816.300903
3119.821289	1833.656982
3122.629883	1823.752197
3125.436523	1781.2771
3128.243164	1795.996826
3131.048828	1827.459961
3133.853516	1824.585327
3136.657227	1812.89502
3139.459961	1752.705688
3142.261719	1795.661987
3145.0625	1813.944824
3147.861328	1854.30481
3150.660156	1814.349609
3153.458008	1830.890869
3156.254883	1820.937866
3159.049805	1820.699585
3161.844727	1810.735107
3164.638672	1798.994263
3167.430664	1814.672607
3170.222656	1794.958252
3173.013672	1780.54187
3175.802734	1818.37207
3178.591797	1826.989624
3181.379883	1785.977905
3184.166016	1823.848877
3186.952148	1766.840698
3189.737305	1808.280151
3192.520508	1808.031372
3195.303711	1807.782104
3198.084961	1803.091064
3200.866211	1832.402466
