399.363281	1254.03186
403.25	1253.304443
407.134766	1232.21936
411.017578	1251.210205
414.898438	1235.19873
418.777344	1240.193237
422.654297	1205.044678
426.53125	1225.330444
430.404297	1216.932007
434.277344	1248.087158
438.148438	1223.093384
442.017578	1191.691162
445.884766	1201.151855
449.751953	1197.836426
453.615234	1197.71521
457.478516	1182.879517
461.339844	1182.110962
465.199219	1205.672607
469.056641	1188.25769
472.912109	1203.51062
476.765625	1193.13147
480.619141	1198.136475
484.470703	1199.295532
488.320313	1177.986694
492.167969	1182.348389
496.013672	1155.230591
499.857422	1185.297119
503.699219	1220.533569
507.541016	1197.899536
511.380859	1221.58606
515.21875	1208.590576
519.054688	1270.951782
522.888672	1225.098755
526.720703	1218.53418
530.552734	1202.288574
534.380859	1219.583252
538.208984	1212.361328
542.035156	1229.028687
545.859375	1210.819824
549.683594	1192.594971
553.503906	1200.867554
557.324219	1238.259644
561.140625	1208.371948
564.957031	1189.465698
568.773438	1178.316406
572.585938	1191.783325
576.396484	1163.119629
580.207031	1154.537964
584.015625	1169.957764
587.820313	1148.387573
591.626953	1178.105225
595.429688	1149.372314
599.230469	1164.165039
603.03125	1178.319824
606.828125	1194.437988
610.625	1172.820679
614.419922	1153.137939
618.214844	1190.761353
622.005859	1204.956055
625.796875	1172.873535
629.583984	1187.724365
633.371094	1179.096924
637.15625	1181.559326
640.941406	1199.044189
644.722656	1219.810303
648.503906	1214.448608
652.283203	1194.695923
656.060547	1189.318237
659.835938	1165.610474
663.609375	1215.213989
667.382813	1230.798096
671.152344	1239.841919
674.921875	1254.793457
678.689453	1225.158569
682.455078	1260.456421
686.220703	1173.032349
689.982422	1207.680664
693.744141	1229.875488
697.503906	1210.023926
701.261719	1245.388794
705.017578	1236.051392
708.773438	1264.87561
712.525391	1255.537842
716.277344	1333.794067
720.027344	1310.639038
723.775391	1279.553345
727.523438	1277.458984
731.267578	1339.361572
735.011719	1275.904175
738.753906	1284.370117
742.494141	1290.200195
746.232422	1354.855591
749.970703	1338.239624
753.707031	1324.916504
757.439453	1350.624634
761.171875	1323.39209
764.904297	1369.652344
768.632813	1353.667969
772.361328	1349.60144
776.087891	1382.667358
779.8125	1424.385498
783.535156	1379.856201
787.255859	1402.351929
790.976563	1365.081665
794.695313	1418.158936
798.412109	1350.280762
802.126953	1346.860962
805.839844	1391.346558
809.552734	1389.271851
813.263672	1413.833374
816.972656	1395.775879
820.679688	1380.368774
824.384766	1391.620483
828.089844	1357.519409
831.791016	1384.119629
835.492188	1363.338745
839.193359	1380.612061
842.890625	1367.161865
846.587891	1411.858765
850.28125	1429.17334
853.974609	1427.768311
857.666016	1427.700562
861.357422	1396.829712
865.044922	1428.90332
868.732422	1419.452026
872.417969	1381.832886
876.101563	1401.866089
879.785156	1393.061279
883.464844	1403.716919
887.144531	1364.682983
890.822266	1389.444336
894.5	1385.32312
898.173828	1359.007446
901.847656	1417.432739
905.519531	1360.149292
909.189453	1365.433472
912.857422	1395.643799
916.523438	1340.299561
920.189453	1381.310181
923.853516	1356.936035
927.515625	1368.974976
931.177734	1351.324341
934.835938	1394.432739
938.494141	1390.963867
942.150391	1376.678223
945.804688	1359.675781
949.458984	1423.150513
953.109375	1424.423096
956.759766	1410.802856
960.408203	1401.234497
964.056641	1408.596069
967.701172	1371.905273
971.345703	1358.91687
974.988281	1404.258423
978.628906	1387.199951
982.267578	1387.100708
985.90625	1378.850098
989.542969	1415.440552
993.177734	1411.952759
996.810547	1478.510742
1000.443359	1510.424927
1004.074219	1558.020386
1007.703125	1444.272461
1011.330078	1398.551636
1014.955078	1431.847168
1018.580078	1360.174194
1022.203125	1358.694824
1025.824219	1399.520264
1029.443359	1419.899902
1033.0625	1424.588867
1036.679688	1436.113403
1040.294922	1455.849121
1043.908203	1437.309204
1047.519531	1423.54187
1051.130859	1406.340942
1054.740234	1415.141357
1058.347656	1428.05835
1061.953125	1444.411743
1065.558594	1460.092773
1069.162109	1443.555054
1072.763672	1440.03833
1076.363281	1422.791504
1079.962891	1450.847412
1083.560547	1419.164673
1087.15625	1476.791138
1090.75	1480.841309
1094.34375	1463.573486
1097.933594	1489.63855
1101.523438	1486.814453
1105.113281	1495.005615
1108.699219	1485.980469
1112.285156	1528.637085
1115.869141	1494.106689
1119.451172	1470.583618
1123.03125	1478.783081
1126.611328	1531.170532
1130.189453	1482.079346
1133.765625	1453.674316
1137.341797	1459.805176
1140.914063	1424.451782
1144.486328	1411.205444
1148.056641	1431.16626
1151.626953	1460.835938
1155.193359	1444.816406
1158.759766	1480.751709
1162.324219	1498
1165.888672	1489.603149
1169.449219	1502.705811
1173.009766	1515.81897
1176.568359	1506.723633
1180.125	1491.368652
1183.681641	1469.051392
1187.236328	1487.037109
1190.789063	1496.691406
1194.339844	1483.3927
1197.890625	1478.435425
1201.439453	1507.594727
1204.986328	1591.115112
1208.53125	1576.437866
1212.076172	1547.804077
1215.619141	1584.710815
1219.160156	1606.994019
1222.699219	1649.539185
1226.238281	1677.453491
1229.775391	1666.964844
1233.310547	1627.810913
1236.84375	1685.815796
1240.376953	1680.212891
1243.908203	1755.081177
1247.4375	1716.597412
1250.964844	1676.680786
1254.492188	1685.076172
1258.017578	1711.702637
1261.541016	1687.861816
1265.064453	1701.181519
1268.583984	1694.159302
1272.103516	1689.939209
1275.623047	1683.608154
1279.138672	1668.136719
1282.654297	1698.34436
1286.167969	1716.621094
1289.679688	1761.646729
1293.191406	1742.660889
1296.701172	1762.385254
1300.208984	1841.998901
1303.714844	1827.954224
1307.220703	1819.537231
1310.722656	1865.418091
1314.226563	1866.180786
1317.726563	1852.826904
1321.226563	1877.592407
1324.724609	1850.809326
1328.220703	1879.833496
1331.714844	1877.773193
1335.208984	1901.880127
1338.701172	1858.787109
1342.191406	1898.478027
1345.681641	1855.347412
1349.169922	1827.05835
1352.65625	1813.628906
1356.140625	1764.02832
1359.625	1806.596313
1363.107422	1802.365479
1366.587891	1791.741699
1370.068359	1831.531006
1373.544922	1808.121216
1377.021484	1780.42749
1380.498047	1771.197632
1383.970703	1791.835693
1387.443359	1744.886353
1390.914063	1789.022583
1394.384766	1754.852539
1397.851563	1771.240723
1401.318359	1786.216309
1404.785156	1750.575806
1408.248047	1735.593384
1411.710938	1747.716675
1415.171875	1777.697876
1418.630859	1777.705444
1422.089844	1791.28833
1425.546875	1798.448608
1429.001953	1792.742554
1432.457031	1842.115967
1435.908203	1848.588501
1439.361328	1900.887573
1442.810547	1912.401978
1446.257813	1973.366943
1449.705078	1956.245605
1453.152344	1953.452515
1456.595703	1952.091431
1460.039063	2007.427612
1463.480469	1906.284546
1466.919922	1894.845215
1470.359375	1874.054565
1473.796875	1856.122192
1477.232422	1869.098633
1480.666016	1860.501587
1484.099609	1854.056274
1487.53125	1861.286011
1490.962891	1786.404053
1494.390625	1770.551636
1497.818359	1752.523193
1501.246094	1731.594971
1504.669922	1737.344482
1508.09375	1735.880371
1511.515625	1740.191284
1514.935547	1794.348145
1518.355469	1759.661865
1521.773438	1789.289307
1525.189453	1769.036865
1528.605469	1754.555786
1532.019531	1800.863525
1535.431641	1777.693359
1538.841797	1815.354004
1542.251953	1792.894775
1545.660156	1852.340576
1549.068359	1877.745605
1552.472656	1881.403564
1555.876953	1873.450195
1559.28125	1890.179199
1562.681641	1868.419556
1566.082031	1927.309814
1569.480469	1970.252319
1572.878906	1928.859497
1576.273438	1971.108521
1579.667969	1967.532837
1583.0625	1961.041016
1586.453125	1939.973633
1589.84375	1940.023682
1593.234375	1891.224976
1596.621094	1910.94751
1600.007813	1939.441162
1603.392578	1952.628296
1606.777344	1982.621094
1610.160156	1973.918823
1613.541016	1983.47998
1616.919922	1916.280029
1620.298828	1964.589966
1623.675781	1928.059448
1627.050781	1893.695313
1630.425781	1964.021729
1633.798828	1934.03894
1637.169922	1964.128174
1640.541016	1931.921021
1643.910156	1963.499512
1647.277344	1935.667847
1650.642578	1947.452515
1654.007813	2017.259888
1657.371094	2045.982422
1660.734375	2052.679199
1664.09375	2046.146851
1667.453125	2030.782471
1670.8125	2057.346924
1674.167969	2029.459717
1677.523438	1975.039185
1680.878906	1925.731567
1684.230469	1918.392822
1687.582031	1920.632324
1690.933594	1908.121704
1694.28125	1876.415771
1697.628906	1877.163574
1700.974609	1818.834351
1704.320313	1784.83728
1707.664063	1822.500732
1711.005859	1835.795166
1714.345703	1774.39624
1717.685547	1817.278564
1721.023438	1766.185669
1724.361328	1772.071899
1727.695313	1724.623535
1731.03125	1711.228027
1734.363281	1731.92627
1737.695313	1738.548218
1741.025391	1731.077026
1744.353516	1760.714111
1747.681641	1745.819092
1751.007813	1727.197388
1754.332031	1768.75769
1757.65625	1724.10791
1760.978516	1803.631226
1764.298828	1787.977417
1767.619141	1759.656616
1770.9375	1752.907837
1774.253906	1761.052246
1777.570313	1781.126465
1780.884766	1748.283203
1784.197266	1739.279907
1787.509766	1778.767456
1790.818359	1757.079102
1794.128906	1786.896729
1797.435547	1798.062134
1800.742188	1779.343628
1804.048828	1769.581177
1807.351563	1806.928223
1810.654297	1782.204102
1813.955078	1732.759644
1817.255859	1789.603638
1820.554688	1756.602051
1823.851563	1747.554199
1827.148438	1800.721802
1830.443359	1785.683472
1833.736328	1770.632813
1837.027344	1769.830566
1840.318359	1776.535889
1843.609375	1854.605957
1846.896484	1789.961182
1850.183594	1829.006226
1853.46875	1762.795288
1856.753906	1795.088501
1860.037109	1853.749146
1863.318359	1828.126831
1866.599609	1779.133667
1869.878906	1773.806152
1873.15625	1828.026123
1876.433594	1779.727783
1879.708984	1787.217896
1882.982422	1820.373901
1886.255859	1808.254761
1889.527344	1814.253174
1892.796875	1830.078613
1896.066406	1811.900513
1899.333984	1831.517578
1902.599609	1808.029297
1905.865234	1804.955566
1909.128906	1823.834717
1912.390625	1801.071777
1915.652344	1860.878418
1918.912109	1850.239014
1922.169922	1812.292725
1925.427734	1813.003662
1928.683594	1809.161499
1931.939453	1798.483276
1935.191406	1831.845581
1938.445313	1808.250977
1941.695313	1821.120605
1944.945313	1830.958496
1948.193359	1839.282227
1951.441406	1812.60791
1954.6875	1840.722778
1957.931641	1831.543091
1961.173828	1821.59375
1964.416016	1826.117188
1967.658203	1832.931152
1970.896484	1832.885132
1974.134766	1860.30835
1977.373047	1861.035522
1980.607422	1835.798828
1983.84375	1823.529053
1987.076172	1851.754028
1990.308594	1835.657349
1993.539063	1833.314575
1996.767578	1856.984253
1999.996094	1828.622437
2003.222656	1840.056152
2006.449219	1831.581543
2009.673828	1818.501953
2012.896484	1865.208618
2016.119141	1816.852295
2019.339844	1872.033447
2022.558594	1847.434448
2025.777344	1826.655029
2028.994141	1817.380859
2032.208984	1871.878052
2035.423828	1821.102295
2038.636719	1851.033813
2041.847656	1850.984741
2045.058594	1874.023682
2048.267578	1853.194824
2051.476563	1833.889648
2054.683594	1824.585815
2057.888672	1859.210938
2061.09375	1870.728882
2064.296875	1864.512817
2067.498047	1855.97644
2070.699219	1853.609009
2073.898438	1841.199219
2077.097656	1875.908813
2080.292969	1865.815918
2083.490234	1804.682495
2086.683594	1832.455444
2089.876953	1883.463867
2093.068359	1870.26001
2096.259766	1864.015137
2099.449219	1850.79248
2102.636719	1870.109863
2105.824219	1812.685547
2109.009766	1890.948853
2112.195313	1852.109253
2115.378906	1830.315796
2118.560547	1851.98999
2121.742188	1848.822388
2124.921875	1879.844971
2128.099609	1890.678223
2131.277344	1859.522827
2134.453125	1874.24585
2137.626953	1849.285522
2140.800781	1852.335815
2143.972656	1880.313354
2147.144531	1839.740723
2150.314453	1838.891968
2153.482422	1865.335815
2156.650391	1834.850708
2159.816406	1878.481812
2162.980469	1876.083496
2166.144531	1845.565796
2169.306641	1829.088135
2172.46875	1854.02356
2175.628906	1856.30188
2178.787109	1903.168701
2181.945313	1862.42749
2185.101563	1858.447632
2188.255859	1852.897949
2191.410156	1870.846802
2194.564453	1884.890259
2197.714844	1922.46521
2200.865234	1852.613892
2204.013672	1887.065918
2207.162109	1880.726929
2210.308594	1869.671143
2213.455078	1862.534058
2216.599609	1873.465698
2219.742188	1881.26062
2222.884766	1920.519165
2226.025391	1872.477661
2229.164063	1904.678711
2232.302734	1882.576172
2235.439453	1862.031494
2238.576172	1865.109497
2241.710938	1915.485474
2244.84375	1906.756958
2247.976563	1929.576172
2251.107422	1913.74292
2254.236328	1936.581421
2257.365234	1899.413818
2260.492188	1871.698364
2263.619141	1865.301392
2266.744141	1909.503052
2269.867188	1860.401489
2272.990234	1895.138672
2276.111328	1898.238281
2279.232422	1845.115356
2282.351563	1847.405151
2285.46875	1889.321167
2288.585938	1938.404175
2291.701172	1936.765381
2294.816406	1908.148926
2297.929688	1891.415894
2301.041016	1884.197876
2304.152344	1922.249878
2307.261719	1868.949219
2310.369141	1887.150513
2313.476563	1906.955688
2316.583984	1875.06604
2319.6875	1898.860107
2322.791016	1976.012939
2325.894531	1999.862671
2328.996094	2074.72168
2332.095703	2004.574707
2335.195313	1937.563232
2338.292969	1868.107178
2341.388672	1902.332397
2344.484375	1900.661499
2347.578125	1879.024658
2350.671875	1894.118896
2353.763672	1893.240845
2356.853516	1852.387695
2359.943359	1936.268921
2363.03125	1908.201538
2366.119141	1927.335449
2369.205078	1895.239014
2372.289063	1891.953613
2375.373047	1876.645752
2378.457031	1928.660767
2381.537109	1967.884155
2384.617188	1928.519897
2387.697266	1878.692749
2390.773438	1899.475586
2393.851563	1886.54248
2396.925781	1912.967163
2400	1914.495728
2403.074219	1910.396729
2406.146484	1926.40271
2409.216797	1892.532227
2412.286133	1939.130859
2415.355469	1878.665161
2418.421875	1963.154419
2421.488281	1876.863403
2424.553711	1871.929932
2427.617188	1946.833496
2430.679688	1941.115112
2433.741211	1928.935181
2436.801758	1897.368408
2439.861328	1911.008179
2442.918945	1970.713867
2445.976563	1944.783813
2449.032227	1953.603882
2452.086914	1960.8125
2455.140625	1924.328003
2458.192383	1920.196655
2461.243164	1864.232544
2464.293945	1926.505737
2467.342773	1912.643799
2470.390625	1953.901978
2473.436523	1874.34375
2476.482422	1945.637817
2479.526367	1901.729004
2482.569336	1891.077271
2485.611328	1916.969482
2488.652344	1937.192749
2491.692383	1947.676147
2494.730469	1955.727295
2497.768555	1934.498291
2500.804688	1998.702148
2503.839844	1949.792603
2506.873047	1900.031372
2509.90625	1937.407593
2512.938477	1947.915527
2515.96875	1940.49353
2518.998047	1919.199585
2522.026367	1942.766235
2525.053711	1961.452759
2528.079102	1929.526123
2531.104492	1944.136353
2534.12793	1957.939941
2537.150391	1971.753418
2540.171875	1952.865479
2543.192383	1987.956909
2546.211914	1946.963257
2549.230469	1959.972778
2552.24707	1949.240479
2555.262695	1922.113281
2558.277344	1948.240723
2561.291016	1957.168823
2564.303711	1971.024536
2567.31543	1999.659912
2570.325195	1955.260742
2573.333984	1976.520386
2576.341797	1978.080322
2579.348633	2005.937622
2582.354492	1969.693237
2585.359375	1969.606323
2588.363281	1981.859131
2591.365234	1990.005615
2594.366211	1968.518921
2597.366211	1955.251709
2600.365234	1974.930908
2603.363281	1936.928589
2606.360352	1961.562012
2609.355469	2002.710083
2612.350586	1992.729248
2615.34375	2016.584106
2618.335938	2018.160767
2621.327148	2008.999146
2624.317383	1989.913818
2627.306641	1997.2677
2630.293945	2031.917236
2633.280273	2000.408203
2636.266602	1961.42688
2639.250977	2029.217041
2642.234375	1990.216431
2645.216797	2036.524902
2648.197266	2009.92981
2651.177734	2048.816895
2654.157227	2037.13562
2657.134766	2054.486816
2660.111328	2009.595459
2663.086914	2004.52832
2666.061523	2055.943604
2669.035156	2060.029785
2672.007813	2028.372681
2674.978516	2029.956055
2677.949219	2065.648682
2680.917969	2061.42041
2683.885742	2051.36084
2686.852539	1987.158813
2689.818359	1997.89209
2692.783203	2052.806152
2695.74707	2019.381226
2698.708984	2032.63916
2701.670898	2067.600586
2704.630859	1999.085449
2707.589844	2083.324219
2710.547852	2063.211426
2713.504883	2063.137939
2716.460938	2114.055176
2719.416016	2110.654541
2722.369141	2129.837646
2725.322266	2099.660156
2728.273438	2107.13208
2731.223633	2096.18457
2734.173828	2095.281982
2737.12207	2148.854004
2740.069336	2023.048218
2743.014648	2121.083252
2745.959961	2063.9729
2748.904297	2100.82373
2751.84668	2055.41748
2754.788086	2107.4104
2757.729492	2121.630127
2760.668945	2095.512695
2763.607422	2062.648682
2766.544922	2086.119141
2769.481445	2078.471191
2772.416016	2091.861816
2775.350586	2085.893799
2778.28418	2084.975098
2781.21582	2119.449707
2784.146484	2036.7677
2787.077148	2086.429199
2790.005859	2084.663818
2792.933594	2141.974121
2795.860352	2064.242676
2798.785156	2032.060913
2801.709961	2031.116089
2804.633789	2087.643799
2807.555664	2123.074463
2810.477539	2084.94458
2813.397461	2119.553223
2816.316406	2090.703857
2819.234375	2079.614746
2822.151367	2142.210938
2825.067383	2124.352539
2827.982422	2122.58667
2830.896484	2091.13916
2833.80957	2122.442383
2836.720703	2160.556885
2839.631836	2192.756104
2842.541016	2309.052246
2845.450195	2352.372314
2848.357422	2437.366211
2851.263672	2527.522705
2854.168945	2571.818848
2857.073242	2609.340576
2859.976563	2665.613037
2862.878906	2721.926025
2865.779297	2791.055176
2868.679688	2864.493896
2871.579102	2877.470215
2874.476563	3041.372803
2877.374023	3077.451416
2880.269531	3094.783691
2883.164063	3112.981689
2886.057617	3160.224121
2888.950195	3198.958252
2891.841797	3197.558105
2894.732422	3238.896973
2897.62207	3216.98584
2900.510742	3284.878906
2903.398438	3346.830322
2906.28418	3427.659424
2909.169922	3515.397217
2912.053711	3529.523682
2914.9375	3606.219727
2917.819336	3688.971924
2920.700195	3794.081055
2923.581055	3897.549805
2926.459961	3953.031738
2929.337891	3999.967285
2932.214844	4018.59375
2935.09082	4026.922852
2937.96582	3970.796143
2940.838867	3933.542969
2943.711914	3847.236328
2946.583984	3737.635254
2949.454102	3589.221436
2952.324219	3469.974365
2955.193359	3420.409424
2958.060547	3374.254639
2960.926758	3288.415039
2963.792969	3293.052246
2966.657227	3277.852295
2969.520508	3178.939209
2972.382813	3138.652344
2975.244141	3097.472168
2978.104492	3069.219238
2980.963867	2994.281006
2983.822266	2958.188965
2986.679688	2880.561035
2989.536133	2833.154541
2992.390625	2748.500977
2995.245117	2688.891357
2998.098633	2590.267334
3000.950195	2554.813965
3003.801758	2469.935791
3006.651367	2434.412354
3009.500977	2355.499512
3012.348633	2332.054443
3015.195313	2285.158691
3018.041992	2268.615967
3020.886719	2219.057373
3023.730469	2192.052002
3026.573242	2196.315918
3029.415039	2161.457031
3032.255859	2211.809326
3035.095703	2169.969482
3037.93457	2147.247314
3040.772461	2147.146729
3043.609375	2204.532471
3046.445313	2184.410889
3049.280273	2187.808838
3052.114258	2233.933838
3054.946289	2218.161133
3057.77832	2237.279541
3060.609375	2248.554932
3063.438477	2265.077148
3066.267578	2271.128662
3069.094727	2167.082275
3071.921875	2204.570801
3074.74707	2206.233398
3077.572266	2188.651855
3080.395508	2157.931152
3083.21875	2205.9729
3086.040039	2111.30957
3088.860352	2152.359863
3091.679688	2155.756836
3094.499023	2106.557861
3097.316406	2138.879395
3100.132813	2119.465088
3102.948242	2117.587891
3105.762695	2136.77832
3108.576172	2117.341064
3111.388672	2124.244873
3114.201172	2146.971924
3117.011719	2100.262695
3119.821289	2121.237549
3122.629883	2115.833984
3125.436523	2083.143799
3128.243164	2133.186523
3131.048828	2128.660645
3133.853516	2154.085693
3136.657227	2117.835205
3139.459961	2133.575439
3142.261719	2103.4646
3145.0625	2128.914795
3147.861328	2125.257568
3150.660156	2117.182617
3153.458008	2114.400879
3156.254883	2059.48877
3159.049805	2113.249023
3161.844727	2071.558838
3164.638672	2106.786865
3167.430664	2082.759277
3170.222656	2077.30127
3173.013672	2086.005371
3175.802734	2122.172119
3178.591797	2070.647461
3181.379883	2050.993896
3184.166016	2097.825195
3186.952148	2081.714355
3189.737305	2128.588867
3192.520508	2076.972656
3195.303711	2135.42041
3198.084961	2077.551758
3200.866211	2144.168457
